12 24 3 10
15 4 10 11 15 16 5 14 5 14 19 1 14 10 1 4 20 20 11 2 3 7 10 6 
12.23 15.65 12.29 1.48 13.79 4.52 9.77 11.31 6.71 0.66 10.86 7.36 8.27 7.7 10.14 10.26 15.73 15.07 6.65 15.39 15.8 0.91 4.18 4.83 
10.01 2.16 8.59 12.54 7 9.9 15.79 8.87 6.39 13.7 11.49 8.21 11.88 13.93 1.19 7.22 5.75 6.05 3.32 12.93 5.48 7.98 4.5 3.93 
9.76 12.47 7.25 6.51 6.99 13.72 15.49 13.02 11.92 9.44 5.65 14.47 1.85 14.49 4.68 9.01 2.33 9.79 14.06 5.08 2.58 6.51 3.67 11.99 
8 8 8 8 8 8 8 8 8 8 8 8 8 8 8 8 8 8 8 8 8 8 8 8 
4.33 6.41 9.37 4.69 10.28 7.2 6.75 8.62 6.98 9.77 7.39 4.25 8.49 11.18 12.62 7.19 7.43 15.6 14.79 11.7 5.54 14.45 10.75 10.55 
11.32 2.05 4.22 5.83 4.98 2.83 15.66 7.76 12.82 13.61 9.55 14.72 14.43 3.13 3.58 6.75 6.45 12.37 4.91 14.42 5.26 1.77 14.66 8.45 
11.05 1.35 0.1 15.54 14.21 9.18 1.51 14.1 13.08 9.13 9.93 7.34 3.7 14.05 1.19 2.81 15.7 7.12 4.09 9.67 2.15 9.47 15.33 3.58 
8.05 11.32 8.01 1.94 10.63 15.16 7.87 11.32 5.01 13.56 2.9 3.35 11.91 8.56 11.12 12.94 4.35 0.27 2.02 6.14 3.16 6.72 12.33 14.91 
8.28 10.36 2.86 7.45 4.12 2.09 9.67 2.35 6.09 8.94 3.33 5.5 6.1 2.94 3.39 13.93 7.97 5.16 13.5 6.87 12.43 11.21 5.63 12.11 
10.03 14.72 10.06 0.65 5.35 7.29 0.81 10.52 2.25 11.68 5.98 8.23 0.85 5.59 10.38 10.83 13.55 13.91 8.16 7.03 13.41 9.16 5.06 15.5 
12.4 6.3 11.93 13.18 10.88 8.92 11.54 14.84 6.98 3.13 12.07 7.01 14.19 14.49 8.71 6.31 12.88 3.59 14.4 3.33 12.51 11.59 11.24 11.68 
0.4 15.25 6.79 13.46 0.22 13.24 15.49 4.81 4.66 6.15 12.08 12.42 14.52 0.36 10.33 9.4 5.19 6.48 10.6 3.29 8.91 12.82 11.63 14.3 
1 1 1 1 1 1 1 1 1 1 1 1 1 1 1 1 1 1 1 1 1 1 1 1 
1 1 1 1 1 1 1 1 1 1 1 1 1 1 1 1 1 1 1 1 1 1 1 1 
1 1 1 1 1 1 1 1 1 1 1 1 1 1 1 1 1 1 1 1 1 1 1 1 
1 1 1 1 1 1 1 1 1 1 1 1 1 1 1 1 1 1 1 1 1 1 1 1 
1 1 1 1 1 1 1 1 1 1 1 1 1 1 1 1 1 1 1 1 1 1 1 1 
1 1 1 1 1 1 1 1 1 1 1 1 1 1 1 1 1 1 1 1 1 1 1 1 
1 1 1 1 1 1 1 1 1 1 1 1 1 1 1 1 1 1 1 1 1 1 1 1 
1 1 1 1 1 1 1 1 1 1 1 1 1 1 1 1 1 1 1 1 1 1 1 1 
1 1 1 1 1 1 1 1 1 1 1 1 1 1 1 1 1 1 1 1 1 1 1 1 
1 1 1 1 1 1 1 1 1 1 1 1 1 1 1 1 1 1 1 1 1 1 1 1 
1 1 1 1 1 1 1 1 1 1 1 1 1 1 1 1 1 1 1 1 1 1 1 1 
1 1 1 1 1 1 1 1 1 1 1 1 1 1 1 1 1 1 1 1 1 1 1 1 
0.01 0.01 0.01 0.01 0.01 0.01 0.01 0.01 0.01 0.01 0.01 0.01 0.01 0.01 0.01 0.01 0.01 0.01 0.01 0.01 0.01 0.01 0.01 0.01 
0.02 0.02 0.02 0.02 0.02 0.02 0.02 0.02 0.02 0.02 0.02 0.02 0.02 0.02 0.02 0.02 0.02 0.02 0.02 0.02 0.02 0.02 0.02 0.02 
0.03 0.03 0.03 0.03 0.03 0.03 0.03 0.03 0.03 0.03 0.03 0.03 0.03 0.03 0.03 0.03 0.03 0.03 0.03 0.03 0.03 0.03 0.03 0.03 
0.04 0.04 0.04 0.04 0.04 0.04 0.04 0.04 0.04 0.04 0.04 0.04 0.04 0.04 0.04 0.04 0.04 0.04 0.04 0.04 0.04 0.04 0.04 0.04 
0.125 0.125 0.125 0.125 0.125 0.125 0.125 0.125 0.125 0.125 0.125 0.125 0.125 0.125 0.125 0.125 0.125 0.125 0.125 0.125 0.125 0.125 0.125 0.125 
0.25 0.25 0.25 0.25 0.25 0.25 0.25 0.25 0.25 0.25 0.25 0.25 0.25 0.25 0.25 0.25 0.25 0.25 0.25 0.25 0.25 0.25 0.25 0.25 
0.375 0.375 0.375 0.375 0.375 0.375 0.375 0.375 0.375 0.375 0.375 0.375 0.375 0.375 0.375 0.375 0.375 0.375 0.375 0.375 0.375 0.375 0.375 0.375 
0.5 0.5 0.5 0.5 0.5 0.5 0.5 0.5 0.5 0.5 0.5 0.5 0.5 0.5 0.5 0.5 0.5 0.5 0.5 0.5 0.5 0.5 0.5 0.5 
0.625 0.625 0.625 0.625 0.625 0.625 0.625 0.625 0.625 0.625 0.625 0.625 0.625 0.625 0.625 0.625 0.625 0.625 0.625 0.625 0.625 0.625 0.625 0.625 
0.75 0.75 0.75 0.75 0.75 0.75 0.75 0.75 0.75 0.75 0.75 0.75 0.75 0.75 0.75 0.75 0.75 0.75 0.75 0.75 0.75 0.75 0.75 0.75 
0.875 0.875 0.875 0.875 0.875 0.875 0.875 0.875 0.875 0.875 0.875 0.875 0.875 0.875 0.875 0.875 0.875 0.875 0.875 0.875 0.875 0.875 0.875 0.875 
1 1 1 1 1 1 1 1 1 1 1 1 1 1 1 1 1 1 1 1 1 1 1 1 
