12 24 6 10
1 5 2 8 3 19 9 17 2 3 16 16 9 9 2 20 14 16 16 4 8 20 15 6 
13.87 12.42 14.5 10.63 2.35 12.68 8.28 13.11 4.83 8.48 4.3 8.58 10.32 3.57 10.54 11.47 13.55 10.91 3.32 14.4 6.54 9.12 2.96 11.95 
4.05 0.86 15.68 13.9 1.79 1.8 15.42 2.21 0.97 13.86 5.86 9.32 12.96 14.86 3.74 12.88 14.56 11 15.32 7.24 11.25 3.59 9.06 13.86 
14.99 15.82 11.81 9.33 0.45 5.79 4.71 3.01 7.29 11.03 14.53 5.61 3.67 9.81 1.36 8.64 3.91 1.28 11.87 7.73 15.78 6.41 2.83 7.31 
6.72 5.84 0.56 15.63 12.62 8.25 2.88 15.59 10.44 4.18 3.41 5.7 5.19 1.56 2.39 3.6 14.76 9.44 14.75 7.76 13.92 7.53 8.72 10.38 
13.91 8.59 1.3 11.33 5.96 13.32 3.66 5.43 5.07 10.54 1.26 11.18 13.27 9.93 2.4 8.46 6.7 14.21 0.95 7.71 6.04 0.52 11.46 9.37 
15.32 13.21 13.66 12.35 5.77 6.75 15.4 0.01 1.22 3.78 10.63 6.84 7.69 5.75 0.62 10.63 12.71 15.64 7.96 1.58 4.3 3.47 3.52 10.62 
8 8 8 8 8 8 8 8 8 8 8 8 8 8 8 8 8 8 8 8 8 8 8 8 
12.3 15.09 8.97 4.8 12.97 6.01 15.45 13.03 1.55 11.83 8.07 11.84 15.39 10.42 10.53 4.69 5.32 8.68 1.5 6.61 4.66 0.42 14.18 11.35 
4.12 10.29 3.34 8.62 10.69 0.15 5.86 14.14 4.24 14.39 1.23 13.04 6.67 0.97 6.9 10.02 11.63 3.99 14.2 7.48 12.14 5.52 8.13 3.31 
10.65 0.37 11.27 11.36 11.67 11.81 3.02 14.33 1.67 15.46 10.33 0.47 14.85 12.21 12.44 12.15 9.95 2.1 10.98 13.98 6.94 12.21 15.21 0.26 
5.77 13.12 13.48 7.43 11.64 11.65 14.52 5.89 6.86 4.85 7.43 8.35 2.82 11.46 15.44 10.07 10.17 11.26 3.63 0.21 11.39 1.16 7.06 6.63 
10.62 6.06 12.28 13.91 11 8.5 0.47 1.17 11.49 3.93 9.41 4.9 8.95 13.91 8.48 2.52 8.86 11.91 13.11 6.02 1.68 14.1 5.46 9.53 
1 1 1 1 1 1 1 1 1 1 1 1 1 1 1 1 1 1 1 1 1 1 1 1 
1 1 1 1 1 1 1 1 1 1 1 1 1 1 1 1 1 1 1 1 1 1 1 1 
1 1 1 1 1 1 1 1 1 1 1 1 1 1 1 1 1 1 1 1 1 1 1 1 
1 1 1 1 1 1 1 1 1 1 1 1 1 1 1 1 1 1 1 1 1 1 1 1 
1 1 1 1 1 1 1 1 1 1 1 1 1 1 1 1 1 1 1 1 1 1 1 1 
1 1 1 1 1 1 1 1 1 1 1 1 1 1 1 1 1 1 1 1 1 1 1 1 
1 1 1 1 1 1 1 1 1 1 1 1 1 1 1 1 1 1 1 1 1 1 1 1 
1 1 1 1 1 1 1 1 1 1 1 1 1 1 1 1 1 1 1 1 1 1 1 1 
1 1 1 1 1 1 1 1 1 1 1 1 1 1 1 1 1 1 1 1 1 1 1 1 
1 1 1 1 1 1 1 1 1 1 1 1 1 1 1 1 1 1 1 1 1 1 1 1 
1 1 1 1 1 1 1 1 1 1 1 1 1 1 1 1 1 1 1 1 1 1 1 1 
1 1 1 1 1 1 1 1 1 1 1 1 1 1 1 1 1 1 1 1 1 1 1 1 
0.01 0.01 0.01 0.01 0.01 0.01 0.01 0.01 0.01 0.01 0.01 0.01 0.01 0.01 0.01 0.01 0.01 0.01 0.01 0.01 0.01 0.01 0.01 0.01 
0.02 0.02 0.02 0.02 0.02 0.02 0.02 0.02 0.02 0.02 0.02 0.02 0.02 0.02 0.02 0.02 0.02 0.02 0.02 0.02 0.02 0.02 0.02 0.02 
0.03 0.03 0.03 0.03 0.03 0.03 0.03 0.03 0.03 0.03 0.03 0.03 0.03 0.03 0.03 0.03 0.03 0.03 0.03 0.03 0.03 0.03 0.03 0.03 
0.04 0.04 0.04 0.04 0.04 0.04 0.04 0.04 0.04 0.04 0.04 0.04 0.04 0.04 0.04 0.04 0.04 0.04 0.04 0.04 0.04 0.04 0.04 0.04 
0.05 0.05 0.05 0.05 0.05 0.05 0.05 0.05 0.05 0.05 0.05 0.05 0.05 0.05 0.05 0.05 0.05 0.05 0.05 0.05 0.05 0.05 0.05 0.05 
0.06 0.06 0.06 0.06 0.06 0.06 0.06 0.06 0.06 0.06 0.06 0.06 0.06 0.06 0.06 0.06 0.06 0.06 0.06 0.06 0.06 0.06 0.06 0.06 
0.07 0.07 0.07 0.07 0.07 0.07 0.07 0.07 0.07 0.07 0.07 0.07 0.07 0.07 0.07 0.07 0.07 0.07 0.07 0.07 0.07 0.07 0.07 0.07 
0.2 0.2 0.2 0.2 0.2 0.2 0.2 0.2 0.2 0.2 0.2 0.2 0.2 0.2 0.2 0.2 0.2 0.2 0.2 0.2 0.2 0.2 0.2 0.2 
0.4 0.4 0.4 0.4 0.4 0.4 0.4 0.4 0.4 0.4 0.4 0.4 0.4 0.4 0.4 0.4 0.4 0.4 0.4 0.4 0.4 0.4 0.4 0.4 
0.6 0.6 0.6 0.6 0.6 0.6 0.6 0.6 0.6 0.6 0.6 0.6 0.6 0.6 0.6 0.6 0.6 0.6 0.6 0.6 0.6 0.6 0.6 0.6 
0.8 0.8 0.8 0.8 0.8 0.8 0.8 0.8 0.8 0.8 0.8 0.8 0.8 0.8 0.8 0.8 0.8 0.8 0.8 0.8 0.8 0.8 0.8 0.8 
1 1 1 1 1 1 1 1 1 1 1 1 1 1 1 1 1 1 1 1 1 1 1 1 
