3 16 1 10
20 11 11 8 17 6 2 17 10 19 2 8 18 18 9 7 
1.1 4.54 1.22 3.41 8.62 6.72 1.21 2.01 2.94 15.89 6.98 6.94 7.96 9.87 9.33 15.67 
8 8 8 8 8 8 8 8 8 8 8 8 8 8 8 8 
9.93 4.69 5.96 7.27 9.9 6.37 2.52 12.62 4.41 9.88 12.78 9.46 2.45 1.99 3.57 0.49 
1 1 1 1 1 1 1 1 1 1 1 1 1 1 1 1 
1 1 1 1 1 1 1 1 1 1 1 1 1 1 1 1 
1 1 1 1 1 1 1 1 1 1 1 1 1 1 1 1 
0.01 0.01 0.01 0.01 0.01 0.01 0.01 0.01 0.01 0.01 0.01 0.01 0.01 0.01 0.01 0.01 
0.02 0.02 0.02 0.02 0.02 0.02 0.02 0.02 0.02 0.02 0.02 0.02 0.02 0.02 0.02 0.02 
1 1 1 1 1 1 1 1 1 1 1 1 1 1 1 1 
