6 24 4 10
2 11 1 13 16 15 8 10 1 10 1 14 11 10 5 8 4 2 16 12 5 3 2 20 
7.69 7.37 8.66 12.28 5.75 13.42 3.51 0.22 8.05 11.67 0.49 11.04 9.42 13.1 4.73 8.26 12.31 0.34 5.3 4.15 4.5 11.58 0.59 13.53 
3.54 12.7 15.64 4.48 10.58 14.11 14.55 15.53 14.86 15.21 2.54 13.92 8.71 3.72 6.89 15.3 13.31 0.65 9.93 4.25 13.06 12.1 12.67 8.58 
13.75 1.44 14.51 11.63 5.76 15.07 6.13 3.8 12.37 3.44 15.19 9.64 2.36 0.49 5.41 14.59 12.83 7.7 8.81 15.74 15.43 0.91 1.39 2.23 
1.18 10.33 13.71 1.84 5.18 6.48 1.7 14.87 9.6 5.42 7.52 12.01 4.54 0.02 15.4 9.29 10.3 14.4 4.6 3.63 1.17 0.23 0.01 1.6 
8 8 8 8 8 8 8 8 8 8 8 8 8 8 8 8 8 8 8 8 8 8 8 8 
9.67 2.93 4.18 0.39 10.1 3.26 12.58 10.64 11.88 14.7 11.21 10.22 9.42 7.76 14.57 13.37 10.28 13.76 2.74 5.49 10.93 13.62 10.47 10.24 
1 1 1 1 1 1 1 1 1 1 1 1 1 1 1 1 1 1 1 1 1 1 1 1 
1 1 1 1 1 1 1 1 1 1 1 1 1 1 1 1 1 1 1 1 1 1 1 1 
1 1 1 1 1 1 1 1 1 1 1 1 1 1 1 1 1 1 1 1 1 1 1 1 
1 1 1 1 1 1 1 1 1 1 1 1 1 1 1 1 1 1 1 1 1 1 1 1 
1 1 1 1 1 1 1 1 1 1 1 1 1 1 1 1 1 1 1 1 1 1 1 1 
1 1 1 1 1 1 1 1 1 1 1 1 1 1 1 1 1 1 1 1 1 1 1 1 
0.01 0.01 0.01 0.01 0.01 0.01 0.01 0.01 0.01 0.01 0.01 0.01 0.01 0.01 0.01 0.01 0.01 0.01 0.01 0.01 0.01 0.01 0.01 0.01 
0.02 0.02 0.02 0.02 0.02 0.02 0.02 0.02 0.02 0.02 0.02 0.02 0.02 0.02 0.02 0.02 0.02 0.02 0.02 0.02 0.02 0.02 0.02 0.02 
0.03 0.03 0.03 0.03 0.03 0.03 0.03 0.03 0.03 0.03 0.03 0.03 0.03 0.03 0.03 0.03 0.03 0.03 0.03 0.03 0.03 0.03 0.03 0.03 
0.04 0.04 0.04 0.04 0.04 0.04 0.04 0.04 0.04 0.04 0.04 0.04 0.04 0.04 0.04 0.04 0.04 0.04 0.04 0.04 0.04 0.04 0.04 0.04 
0.05 0.05 0.05 0.05 0.05 0.05 0.05 0.05 0.05 0.05 0.05 0.05 0.05 0.05 0.05 0.05 0.05 0.05 0.05 0.05 0.05 0.05 0.05 0.05 
1 1 1 1 1 1 1 1 1 1 1 1 1 1 1 1 1 1 1 1 1 1 1 1 
