12 40 3 10
9 6 20 5 10 18 1 14 10 15 11 14 8 17 20 18 2 20 15 1 9 1 20 16 5 19 5 9 3 12 3 14 8 5 10 3 7 3 19 15 
13.02 10.63 13.68 1.46 1.1 1.49 8.06 13.33 5.19 14.51 15.6 10.69 6.95 7.46 13.04 10.52 12.62 4 11.24 6.94 2.71 2.8 2.99 15.03 11.25 1.52 2.49 8.69 15.22 11.05 1.67 9.31 4.77 13.01 9.61 13.22 10.23 3.45 7.79 1.16 
4.31 5.02 9.03 11.41 10.7 3.39 11.14 6.8 14.19 6.55 14.19 3.19 1.45 11.99 11.34 14.34 4.74 7.91 9.16 4.41 1.43 11.91 10.61 14.6 9.63 13.7 0.84 10.6 3.35 0.23 10.41 12.5 15.39 9.74 1.2 6.09 12.52 8.54 14.59 15.62 
10.62 0.52 7.37 9.38 5.52 3.34 0.51 14.15 10.02 1.38 13.6 4.4 12.16 6.58 7.56 15.79 1.72 9.29 8.33 15.73 8.55 13.53 13.55 4.43 10.32 0.43 10.24 7.44 2.53 10.71 8.1 9.64 2.78 2.06 12.77 7.49 12.42 15.92 13.11 12.28 
8 8 8 8 8 8 8 8 8 8 8 8 8 8 8 8 8 8 8 8 8 8 8 8 8 8 8 8 8 8 8 8 8 8 8 8 8 8 8 8 
6.85 9.71 6.62 11.07 5.04 9.24 2.34 14.51 5.95 15.7 8.68 4.41 5.99 9.41 2.22 0.23 7.26 0.55 2.79 9.72 3.78 15.69 10.62 1.27 13.02 14.7 9.06 8.5 4.53 9.42 11.96 7.54 11.23 10.36 15.24 7.54 14.49 5.74 2.4 13 
6.33 13.31 13.31 9.43 15.74 15.12 7.47 8.99 5.4 2.23 15.04 15.84 15.47 13.46 12.44 9.98 7.07 10.78 3.11 1.38 15.66 14.81 4.44 7.79 12.38 2.14 9.78 12.91 9.26 11.05 3.99 0.06 0.25 13.89 2.06 11.92 0.39 6.76 3.77 5.7 
6.55 6.99 15.61 14.92 13.01 12.62 11.76 4.82 7.73 2.04 13.05 0.54 15.42 10.95 8.93 1.29 8.29 15.16 0.55 11.63 3.19 13.39 12.17 12.89 10.32 9.1 2.46 6.01 3.7 13.9 13.32 3.74 14.31 4.5 3.16 5.22 9.74 7.57 3.53 7.1 
6.57 10.12 11.47 4.29 11.02 15.49 8.65 12.12 7.62 13.6 14.79 8.05 15.59 13.91 11.19 11.59 14.56 4.78 10.15 0.19 2.09 13.4 11.08 1.44 13.78 0.58 14.4 9.99 7.81 6.96 11.67 1.12 12.92 5.01 10.1 6.57 14.08 9.87 13.43 11.48 
15.6 2.99 7.03 5.41 4.44 1.84 10.89 10.08 14.55 3.54 12.18 2.94 5.98 13.86 15.24 2.26 3.46 13.39 13.65 11.29 11.67 9.31 8.23 1.98 4.1 13.68 14.47 8.12 14.89 0.21 15.9 7.71 13.86 7.17 0.67 2.3 11.04 5.68 15.22 8.19 
7.03 7.63 0.78 9.87 6.14 14.84 13.81 6.48 4.67 2.79 7.78 6.16 6.87 1.23 15.37 1.04 9.91 10.79 0.85 4.66 2.3 9.51 6.38 3.12 14.71 1.91 2.04 11.43 7.75 9.63 5.53 14.35 12.3 5.78 12.28 7.04 13.46 13.44 7.07 7.49 
12.38 10.04 15.47 11.84 12.29 0.8 15.63 11.35 12.6 7.5 6.28 13.14 12.68 9.47 3.91 13.41 0.66 15.62 3.59 11.41 2.65 13.93 0.14 1.47 0.91 7.64 7.07 13.97 7.1 10.75 2.07 12.14 5.21 1.75 13.45 8.35 9.94 8.28 8.37 9.45 
9.79 11.28 12.68 8.63 6.22 9.02 10.26 13.87 9.96 0.41 14.27 3.5 3.24 2.9 10.24 8.56 6.15 7.64 7.95 9.66 11.37 3 11.02 14.27 10.15 10.45 11.91 10.74 6.71 0.91 13.28 0.62 0.42 12.89 11.88 8.37 15.63 2.83 9.64 8.57 
1 1 1 1 1 1 1 1 1 1 1 1 1 1 1 1 1 1 1 1 1 1 1 1 1 1 1 1 1 1 1 1 1 1 1 1 1 1 1 1 
1 1 1 1 1 1 1 1 1 1 1 1 1 1 1 1 1 1 1 1 1 1 1 1 1 1 1 1 1 1 1 1 1 1 1 1 1 1 1 1 
1 1 1 1 1 1 1 1 1 1 1 1 1 1 1 1 1 1 1 1 1 1 1 1 1 1 1 1 1 1 1 1 1 1 1 1 1 1 1 1 
1 1 1 1 1 1 1 1 1 1 1 1 1 1 1 1 1 1 1 1 1 1 1 1 1 1 1 1 1 1 1 1 1 1 1 1 1 1 1 1 
1 1 1 1 1 1 1 1 1 1 1 1 1 1 1 1 1 1 1 1 1 1 1 1 1 1 1 1 1 1 1 1 1 1 1 1 1 1 1 1 
1 1 1 1 1 1 1 1 1 1 1 1 1 1 1 1 1 1 1 1 1 1 1 1 1 1 1 1 1 1 1 1 1 1 1 1 1 1 1 1 
1 1 1 1 1 1 1 1 1 1 1 1 1 1 1 1 1 1 1 1 1 1 1 1 1 1 1 1 1 1 1 1 1 1 1 1 1 1 1 1 
1 1 1 1 1 1 1 1 1 1 1 1 1 1 1 1 1 1 1 1 1 1 1 1 1 1 1 1 1 1 1 1 1 1 1 1 1 1 1 1 
1 1 1 1 1 1 1 1 1 1 1 1 1 1 1 1 1 1 1 1 1 1 1 1 1 1 1 1 1 1 1 1 1 1 1 1 1 1 1 1 
1 1 1 1 1 1 1 1 1 1 1 1 1 1 1 1 1 1 1 1 1 1 1 1 1 1 1 1 1 1 1 1 1 1 1 1 1 1 1 1 
1 1 1 1 1 1 1 1 1 1 1 1 1 1 1 1 1 1 1 1 1 1 1 1 1 1 1 1 1 1 1 1 1 1 1 1 1 1 1 1 
1 1 1 1 1 1 1 1 1 1 1 1 1 1 1 1 1 1 1 1 1 1 1 1 1 1 1 1 1 1 1 1 1 1 1 1 1 1 1 1 
0.01 0.01 0.01 0.01 0.01 0.01 0.01 0.01 0.01 0.01 0.01 0.01 0.01 0.01 0.01 0.01 0.01 0.01 0.01 0.01 0.01 0.01 0.01 0.01 0.01 0.01 0.01 0.01 0.01 0.01 0.01 0.01 0.01 0.01 0.01 0.01 0.01 0.01 0.01 0.01 
0.02 0.02 0.02 0.02 0.02 0.02 0.02 0.02 0.02 0.02 0.02 0.02 0.02 0.02 0.02 0.02 0.02 0.02 0.02 0.02 0.02 0.02 0.02 0.02 0.02 0.02 0.02 0.02 0.02 0.02 0.02 0.02 0.02 0.02 0.02 0.02 0.02 0.02 0.02 0.02 
0.03 0.03 0.03 0.03 0.03 0.03 0.03 0.03 0.03 0.03 0.03 0.03 0.03 0.03 0.03 0.03 0.03 0.03 0.03 0.03 0.03 0.03 0.03 0.03 0.03 0.03 0.03 0.03 0.03 0.03 0.03 0.03 0.03 0.03 0.03 0.03 0.03 0.03 0.03 0.03 
0.04 0.04 0.04 0.04 0.04 0.04 0.04 0.04 0.04 0.04 0.04 0.04 0.04 0.04 0.04 0.04 0.04 0.04 0.04 0.04 0.04 0.04 0.04 0.04 0.04 0.04 0.04 0.04 0.04 0.04 0.04 0.04 0.04 0.04 0.04 0.04 0.04 0.04 0.04 0.04 
0.125 0.125 0.125 0.125 0.125 0.125 0.125 0.125 0.125 0.125 0.125 0.125 0.125 0.125 0.125 0.125 0.125 0.125 0.125 0.125 0.125 0.125 0.125 0.125 0.125 0.125 0.125 0.125 0.125 0.125 0.125 0.125 0.125 0.125 0.125 0.125 0.125 0.125 0.125 0.125 
0.25 0.25 0.25 0.25 0.25 0.25 0.25 0.25 0.25 0.25 0.25 0.25 0.25 0.25 0.25 0.25 0.25 0.25 0.25 0.25 0.25 0.25 0.25 0.25 0.25 0.25 0.25 0.25 0.25 0.25 0.25 0.25 0.25 0.25 0.25 0.25 0.25 0.25 0.25 0.25 
0.375 0.375 0.375 0.375 0.375 0.375 0.375 0.375 0.375 0.375 0.375 0.375 0.375 0.375 0.375 0.375 0.375 0.375 0.375 0.375 0.375 0.375 0.375 0.375 0.375 0.375 0.375 0.375 0.375 0.375 0.375 0.375 0.375 0.375 0.375 0.375 0.375 0.375 0.375 0.375 
0.5 0.5 0.5 0.5 0.5 0.5 0.5 0.5 0.5 0.5 0.5 0.5 0.5 0.5 0.5 0.5 0.5 0.5 0.5 0.5 0.5 0.5 0.5 0.5 0.5 0.5 0.5 0.5 0.5 0.5 0.5 0.5 0.5 0.5 0.5 0.5 0.5 0.5 0.5 0.5 
0.625 0.625 0.625 0.625 0.625 0.625 0.625 0.625 0.625 0.625 0.625 0.625 0.625 0.625 0.625 0.625 0.625 0.625 0.625 0.625 0.625 0.625 0.625 0.625 0.625 0.625 0.625 0.625 0.625 0.625 0.625 0.625 0.625 0.625 0.625 0.625 0.625 0.625 0.625 0.625 
0.75 0.75 0.75 0.75 0.75 0.75 0.75 0.75 0.75 0.75 0.75 0.75 0.75 0.75 0.75 0.75 0.75 0.75 0.75 0.75 0.75 0.75 0.75 0.75 0.75 0.75 0.75 0.75 0.75 0.75 0.75 0.75 0.75 0.75 0.75 0.75 0.75 0.75 0.75 0.75 
0.875 0.875 0.875 0.875 0.875 0.875 0.875 0.875 0.875 0.875 0.875 0.875 0.875 0.875 0.875 0.875 0.875 0.875 0.875 0.875 0.875 0.875 0.875 0.875 0.875 0.875 0.875 0.875 0.875 0.875 0.875 0.875 0.875 0.875 0.875 0.875 0.875 0.875 0.875 0.875 
1 1 1 1 1 1 1 1 1 1 1 1 1 1 1 1 1 1 1 1 1 1 1 1 1 1 1 1 1 1 1 1 1 1 1 1 1 1 1 1 
