12 48 3 10
6 7 8 19 10 8 3 2 4 9 14 16 10 18 8 8 1 6 16 19 14 4 7 15 5 8 9 1 5 13 17 18 19 9 11 1 4 20 1 12 17 14 5 18 7 7 17 15 
9.2 12.84 13.55 9.62 10.22 2.17 12.45 9.11 12.94 15.15 5.73 2.13 4.68 0.16 10.45 14.46 15.46 1.44 1.72 6.09 4.99 1 15.37 1.53 10.28 5.81 7.87 6.08 0.3 8.83 13.22 10.92 8.86 7.89 2.92 1.2 5.4 7.91 15.82 5.14 12.95 1.31 11.63 4.99 0.16 10.3 9.72 6.34 
4.62 2.75 9.81 0.19 12.82 9.96 0.1 0.87 1.05 3.56 9.11 6.2 8.33 5.14 8.3 12.84 3.5 0.1 14.33 7.75 7.28 10.29 11.96 6.13 0.88 7.2 4.13 0.46 5.81 6.48 9.85 6.59 7.58 6.46 7.14 9.18 2.03 2.12 2.71 12.02 3.39 15.16 6.69 7.13 9.25 13.61 11.29 6.05 
14.76 8.08 10.25 15.44 10.93 4.04 14.02 15.14 7.71 8.3 4.62 15.94 8.65 10.33 6.5 11.42 10.88 14.19 7.43 3.69 0.82 6.17 13.79 14.37 12.5 10.46 8.2 0.98 15.01 7.48 2.72 11.5 12.96 1.73 4.39 13.16 10.5 15.86 1.41 9.01 7 11.71 5.35 2.72 8.65 5.37 0.04 14.08 
8 8 8 8 8 8 8 8 8 8 8 8 8 8 8 8 8 8 8 8 8 8 8 8 8 8 8 8 8 8 8 8 8 8 8 8 8 8 8 8 8 8 8 8 8 8 8 8 
0.28 11.36 12.47 4.92 5.55 4.06 1.56 14.52 0.07 7.61 14.85 11.56 14.56 3.79 1.2 12.73 0.44 1.32 13.29 4.58 14.87 4.29 11.55 10.62 12.37 10.94 11.05 15.53 1.34 9.51 5.66 4.37 6.3 8.68 8.7 3.57 12.72 1.05 3.7 5.77 14.38 15.15 14.81 5.34 2.77 12.98 7.34 9.58 
15.3 2.12 14.22 12.31 15.76 6.7 12.76 13.57 7.33 4.87 6.95 8.53 1.05 6.71 3.3 10.87 3.6 0.82 8.01 5.88 4.57 3.66 8.14 1.91 15.39 0.62 5.58 3 6.86 7.83 13.3 12.36 9.48 11.03 0.39 3.79 7.83 3.22 5.24 13.02 3.62 5.32 1.91 7.75 4.98 10.59 8 11.57 
10.28 12.13 10.1 0.92 6.03 14.53 4.04 15.13 12.82 7.76 2.01 14.56 1.24 4.13 13.55 14.31 14.08 1.74 14.18 0.01 9.96 2.65 8.43 15.38 0.59 14 11.52 11.96 10.47 2.66 4 0.06 8.26 0.55 2.37 3.39 9.61 6.13 7.6 14.04 7.06 13.33 10.57 9.05 7.26 12.46 14.18 10.67 
11.02 0.75 7.8 15.96 4.48 7.05 2.99 6.06 5.29 15.96 10.7 11.37 10.61 5.86 10.22 6.98 11.48 13.96 11.51 13 2.94 4.66 5.05 11.53 10.59 5.9 7.3 8.17 12.93 4.3 6.69 6.51 7.24 15.28 4.08 9.57 1.83 1.36 11.28 0.63 15.94 14.49 0.35 2.63 10.69 12.35 7.87 13.24 
4.57 3.55 12.06 11.96 15.22 6.91 0.28 2.76 15.53 5.38 11.76 2.09 10.89 0.59 2.15 14.14 11 13.83 7.65 2.97 8.55 8.23 7.71 2.62 2.21 8.73 9.68 15.58 5.1 0.62 15.82 15.39 10.67 7.42 15.61 7.14 11.95 6.93 5.5 4.69 1.38 11.65 1.68 8.13 4.74 2.79 8.58 12.01 
7.72 2.83 5.82 3.16 11.02 5.44 12.56 1.06 1.43 6.07 1.08 8.4 6.97 14.66 6.35 6.79 7.7 13.37 13.04 10.81 4.87 7.79 0.34 4.98 11.01 13.42 11.51 11.14 0.61 7.88 15.06 9.84 10.21 4.64 4.6 1.07 14.88 15.99 2.17 12.27 8.32 0.25 0.21 4.9 7.66 14.5 12.99 12.38 
6.61 6.77 15.52 1.05 15.35 5.96 8.4 8.2 2.28 7.05 8.36 11.68 0.22 7.75 5.83 13.61 13.11 13.96 8.29 13.65 4.94 1.44 2.13 11.74 4.26 13.11 10.14 1.11 11.6 7.89 15.39 1.15 9.05 15.78 1.15 5.24 13.58 10.66 15.37 7.57 4.76 2.5 5.42 13.23 1.33 12.16 2.39 13.79 
8.24 4.16 4.23 11.63 3.54 1.24 7.01 1.31 3.29 5.35 2.08 10.47 6.71 6.93 8.61 9.75 8.13 5.24 14.06 1.83 10.39 2.46 4.46 7.55 4.03 0.83 7.98 8.77 3.93 5.55 13.73 1.51 1.36 11.64 11.14 11.65 6.39 6.69 12.04 12.78 0.81 2.54 5.92 2.63 12.25 12.85 5.98 4.75 
1 1 1 1 1 1 1 1 1 1 1 1 1 1 1 1 1 1 1 1 1 1 1 1 1 1 1 1 1 1 1 1 1 1 1 1 1 1 1 1 1 1 1 1 1 1 1 1 
1 1 1 1 1 1 1 1 1 1 1 1 1 1 1 1 1 1 1 1 1 1 1 1 1 1 1 1 1 1 1 1 1 1 1 1 1 1 1 1 1 1 1 1 1 1 1 1 
1 1 1 1 1 1 1 1 1 1 1 1 1 1 1 1 1 1 1 1 1 1 1 1 1 1 1 1 1 1 1 1 1 1 1 1 1 1 1 1 1 1 1 1 1 1 1 1 
1 1 1 1 1 1 1 1 1 1 1 1 1 1 1 1 1 1 1 1 1 1 1 1 1 1 1 1 1 1 1 1 1 1 1 1 1 1 1 1 1 1 1 1 1 1 1 1 
1 1 1 1 1 1 1 1 1 1 1 1 1 1 1 1 1 1 1 1 1 1 1 1 1 1 1 1 1 1 1 1 1 1 1 1 1 1 1 1 1 1 1 1 1 1 1 1 
1 1 1 1 1 1 1 1 1 1 1 1 1 1 1 1 1 1 1 1 1 1 1 1 1 1 1 1 1 1 1 1 1 1 1 1 1 1 1 1 1 1 1 1 1 1 1 1 
1 1 1 1 1 1 1 1 1 1 1 1 1 1 1 1 1 1 1 1 1 1 1 1 1 1 1 1 1 1 1 1 1 1 1 1 1 1 1 1 1 1 1 1 1 1 1 1 
1 1 1 1 1 1 1 1 1 1 1 1 1 1 1 1 1 1 1 1 1 1 1 1 1 1 1 1 1 1 1 1 1 1 1 1 1 1 1 1 1 1 1 1 1 1 1 1 
1 1 1 1 1 1 1 1 1 1 1 1 1 1 1 1 1 1 1 1 1 1 1 1 1 1 1 1 1 1 1 1 1 1 1 1 1 1 1 1 1 1 1 1 1 1 1 1 
1 1 1 1 1 1 1 1 1 1 1 1 1 1 1 1 1 1 1 1 1 1 1 1 1 1 1 1 1 1 1 1 1 1 1 1 1 1 1 1 1 1 1 1 1 1 1 1 
1 1 1 1 1 1 1 1 1 1 1 1 1 1 1 1 1 1 1 1 1 1 1 1 1 1 1 1 1 1 1 1 1 1 1 1 1 1 1 1 1 1 1 1 1 1 1 1 
1 1 1 1 1 1 1 1 1 1 1 1 1 1 1 1 1 1 1 1 1 1 1 1 1 1 1 1 1 1 1 1 1 1 1 1 1 1 1 1 1 1 1 1 1 1 1 1 
0.01 0.01 0.01 0.01 0.01 0.01 0.01 0.01 0.01 0.01 0.01 0.01 0.01 0.01 0.01 0.01 0.01 0.01 0.01 0.01 0.01 0.01 0.01 0.01 0.01 0.01 0.01 0.01 0.01 0.01 0.01 0.01 0.01 0.01 0.01 0.01 0.01 0.01 0.01 0.01 0.01 0.01 0.01 0.01 0.01 0.01 0.01 0.01 
0.02 0.02 0.02 0.02 0.02 0.02 0.02 0.02 0.02 0.02 0.02 0.02 0.02 0.02 0.02 0.02 0.02 0.02 0.02 0.02 0.02 0.02 0.02 0.02 0.02 0.02 0.02 0.02 0.02 0.02 0.02 0.02 0.02 0.02 0.02 0.02 0.02 0.02 0.02 0.02 0.02 0.02 0.02 0.02 0.02 0.02 0.02 0.02 
0.03 0.03 0.03 0.03 0.03 0.03 0.03 0.03 0.03 0.03 0.03 0.03 0.03 0.03 0.03 0.03 0.03 0.03 0.03 0.03 0.03 0.03 0.03 0.03 0.03 0.03 0.03 0.03 0.03 0.03 0.03 0.03 0.03 0.03 0.03 0.03 0.03 0.03 0.03 0.03 0.03 0.03 0.03 0.03 0.03 0.03 0.03 0.03 
0.04 0.04 0.04 0.04 0.04 0.04 0.04 0.04 0.04 0.04 0.04 0.04 0.04 0.04 0.04 0.04 0.04 0.04 0.04 0.04 0.04 0.04 0.04 0.04 0.04 0.04 0.04 0.04 0.04 0.04 0.04 0.04 0.04 0.04 0.04 0.04 0.04 0.04 0.04 0.04 0.04 0.04 0.04 0.04 0.04 0.04 0.04 0.04 
0.125 0.125 0.125 0.125 0.125 0.125 0.125 0.125 0.125 0.125 0.125 0.125 0.125 0.125 0.125 0.125 0.125 0.125 0.125 0.125 0.125 0.125 0.125 0.125 0.125 0.125 0.125 0.125 0.125 0.125 0.125 0.125 0.125 0.125 0.125 0.125 0.125 0.125 0.125 0.125 0.125 0.125 0.125 0.125 0.125 0.125 0.125 0.125 
0.25 0.25 0.25 0.25 0.25 0.25 0.25 0.25 0.25 0.25 0.25 0.25 0.25 0.25 0.25 0.25 0.25 0.25 0.25 0.25 0.25 0.25 0.25 0.25 0.25 0.25 0.25 0.25 0.25 0.25 0.25 0.25 0.25 0.25 0.25 0.25 0.25 0.25 0.25 0.25 0.25 0.25 0.25 0.25 0.25 0.25 0.25 0.25 
0.375 0.375 0.375 0.375 0.375 0.375 0.375 0.375 0.375 0.375 0.375 0.375 0.375 0.375 0.375 0.375 0.375 0.375 0.375 0.375 0.375 0.375 0.375 0.375 0.375 0.375 0.375 0.375 0.375 0.375 0.375 0.375 0.375 0.375 0.375 0.375 0.375 0.375 0.375 0.375 0.375 0.375 0.375 0.375 0.375 0.375 0.375 0.375 
0.5 0.5 0.5 0.5 0.5 0.5 0.5 0.5 0.5 0.5 0.5 0.5 0.5 0.5 0.5 0.5 0.5 0.5 0.5 0.5 0.5 0.5 0.5 0.5 0.5 0.5 0.5 0.5 0.5 0.5 0.5 0.5 0.5 0.5 0.5 0.5 0.5 0.5 0.5 0.5 0.5 0.5 0.5 0.5 0.5 0.5 0.5 0.5 
0.625 0.625 0.625 0.625 0.625 0.625 0.625 0.625 0.625 0.625 0.625 0.625 0.625 0.625 0.625 0.625 0.625 0.625 0.625 0.625 0.625 0.625 0.625 0.625 0.625 0.625 0.625 0.625 0.625 0.625 0.625 0.625 0.625 0.625 0.625 0.625 0.625 0.625 0.625 0.625 0.625 0.625 0.625 0.625 0.625 0.625 0.625 0.625 
0.75 0.75 0.75 0.75 0.75 0.75 0.75 0.75 0.75 0.75 0.75 0.75 0.75 0.75 0.75 0.75 0.75 0.75 0.75 0.75 0.75 0.75 0.75 0.75 0.75 0.75 0.75 0.75 0.75 0.75 0.75 0.75 0.75 0.75 0.75 0.75 0.75 0.75 0.75 0.75 0.75 0.75 0.75 0.75 0.75 0.75 0.75 0.75 
0.875 0.875 0.875 0.875 0.875 0.875 0.875 0.875 0.875 0.875 0.875 0.875 0.875 0.875 0.875 0.875 0.875 0.875 0.875 0.875 0.875 0.875 0.875 0.875 0.875 0.875 0.875 0.875 0.875 0.875 0.875 0.875 0.875 0.875 0.875 0.875 0.875 0.875 0.875 0.875 0.875 0.875 0.875 0.875 0.875 0.875 0.875 0.875 
1 1 1 1 1 1 1 1 1 1 1 1 1 1 1 1 1 1 1 1 1 1 1 1 1 1 1 1 1 1 1 1 1 1 1 1 1 1 1 1 1 1 1 1 1 1 1 1 
