3 48 1 10
9 1 9 2 15 16 20 11 10 17 9 8 12 18 12 10 14 15 5 10 9 15 17 6 12 5 9 18 4 3 4 16 2 13 19 6 12 16 15 19 14 4 13 18 3 13 9 1 
4.95 10.03 0.06 6.88 8.13 10.06 14.82 11.81 15.39 4.54 1.95 10.18 12.55 3.11 0.39 6.17 2.29 0.83 2.31 15.03 4.53 8.83 0.41 9.5 3.33 0.29 1.19 6.39 11.21 2.27 13.78 1.83 8.52 0.72 1.04 11.17 3.72 4.76 1.56 15.06 15.71 14.8 7.86 0.01 2.73 10.9 9.04 9.98 
8 8 8 8 8 8 8 8 8 8 8 8 8 8 8 8 8 8 8 8 8 8 8 8 8 8 8 8 8 8 8 8 8 8 8 8 8 8 8 8 8 8 8 8 8 8 8 8 
4.05 8.96 9.9 9.17 7.4 6.47 9.86 4.32 12.95 6.72 7.94 12.03 2.58 1.02 7.31 0.4 9.1 13.51 3.32 0.91 13.56 7.5 10.9 14.7 1.98 13.97 12.37 12.29 12.06 7.68 9.42 0.02 8.25 7.83 7.95 11.07 1.54 13.89 0.71 11.46 12.87 5.23 6.6 5.24 9.11 14.35 10.23 14.89 
1 1 1 1 1 1 1 1 1 1 1 1 1 1 1 1 1 1 1 1 1 1 1 1 1 1 1 1 1 1 1 1 1 1 1 1 1 1 1 1 1 1 1 1 1 1 1 1 
1 1 1 1 1 1 1 1 1 1 1 1 1 1 1 1 1 1 1 1 1 1 1 1 1 1 1 1 1 1 1 1 1 1 1 1 1 1 1 1 1 1 1 1 1 1 1 1 
1 1 1 1 1 1 1 1 1 1 1 1 1 1 1 1 1 1 1 1 1 1 1 1 1 1 1 1 1 1 1 1 1 1 1 1 1 1 1 1 1 1 1 1 1 1 1 1 
0.01 0.01 0.01 0.01 0.01 0.01 0.01 0.01 0.01 0.01 0.01 0.01 0.01 0.01 0.01 0.01 0.01 0.01 0.01 0.01 0.01 0.01 0.01 0.01 0.01 0.01 0.01 0.01 0.01 0.01 0.01 0.01 0.01 0.01 0.01 0.01 0.01 0.01 0.01 0.01 0.01 0.01 0.01 0.01 0.01 0.01 0.01 0.01 
0.02 0.02 0.02 0.02 0.02 0.02 0.02 0.02 0.02 0.02 0.02 0.02 0.02 0.02 0.02 0.02 0.02 0.02 0.02 0.02 0.02 0.02 0.02 0.02 0.02 0.02 0.02 0.02 0.02 0.02 0.02 0.02 0.02 0.02 0.02 0.02 0.02 0.02 0.02 0.02 0.02 0.02 0.02 0.02 0.02 0.02 0.02 0.02 
1 1 1 1 1 1 1 1 1 1 1 1 1 1 1 1 1 1 1 1 1 1 1 1 1 1 1 1 1 1 1 1 1 1 1 1 1 1 1 1 1 1 1 1 1 1 1 1 
