12 16 3 10
7 20 14 13 17 2 6 9 10 6 6 2 5 2 19 18 
11.93 5.92 6.18 11.07 10.24 9.15 4.49 7.04 13.07 14.54 8.31 3.37 15.52 14.09 13.85 11.3 
12.25 9.54 1.83 0.72 7.98 2.94 2.07 12.27 7.61 14.86 14.35 11.76 11.1 7.56 12.73 5.56 
0.65 2.19 5.34 7.5 15.78 4.67 8.87 3.5 8.73 12.24 12.86 14.23 9.75 4.15 6.91 1.13 
8 8 8 8 8 8 8 8 8 8 8 8 8 8 8 8 
6.59 14.4 15.84 6.9 13.71 13.93 9.37 3.54 4.93 13.06 13.22 14.1 15.11 0.71 10.83 8.14 
1.93 9.52 6.79 9.02 9.89 13.62 13 5.91 8.97 9.22 13.1 7.5 14.33 0.45 6.11 12.22 
12.96 9.34 1.96 4.98 1.75 3.1 9.3 14.71 4.57 8.05 3.53 0.78 1.85 6.1 15.36 5.73 
7.23 6.29 6.5 2.01 15.77 6.39 12.2 6.36 8.95 8.4 12.22 5.24 15.88 3.63 8.58 7.59 
14.27 5.26 1.72 7.87 15.36 2.53 0.44 5.63 0.77 14.48 5.72 15.38 6.87 15.89 10.65 6.96 
5.18 1.95 9.06 9.68 13.09 4.38 3.15 5.12 6.85 6.37 8.66 13.66 0.83 4.14 12.44 6.12 
2.5 10.39 14.57 6.59 1 4.63 3.75 7.78 4.34 14.66 4.97 0.89 15.67 11.62 5.74 4.61 
1.15 10.47 14.88 8.54 11.6 10.25 5.78 12.84 15.87 12.02 12.25 8.65 11.02 1.07 11.24 4.27 
1 1 1 1 1 1 1 1 1 1 1 1 1 1 1 1 
1 1 1 1 1 1 1 1 1 1 1 1 1 1 1 1 
1 1 1 1 1 1 1 1 1 1 1 1 1 1 1 1 
1 1 1 1 1 1 1 1 1 1 1 1 1 1 1 1 
1 1 1 1 1 1 1 1 1 1 1 1 1 1 1 1 
1 1 1 1 1 1 1 1 1 1 1 1 1 1 1 1 
1 1 1 1 1 1 1 1 1 1 1 1 1 1 1 1 
1 1 1 1 1 1 1 1 1 1 1 1 1 1 1 1 
1 1 1 1 1 1 1 1 1 1 1 1 1 1 1 1 
1 1 1 1 1 1 1 1 1 1 1 1 1 1 1 1 
1 1 1 1 1 1 1 1 1 1 1 1 1 1 1 1 
1 1 1 1 1 1 1 1 1 1 1 1 1 1 1 1 
0.01 0.01 0.01 0.01 0.01 0.01 0.01 0.01 0.01 0.01 0.01 0.01 0.01 0.01 0.01 0.01 
0.02 0.02 0.02 0.02 0.02 0.02 0.02 0.02 0.02 0.02 0.02 0.02 0.02 0.02 0.02 0.02 
0.03 0.03 0.03 0.03 0.03 0.03 0.03 0.03 0.03 0.03 0.03 0.03 0.03 0.03 0.03 0.03 
0.04 0.04 0.04 0.04 0.04 0.04 0.04 0.04 0.04 0.04 0.04 0.04 0.04 0.04 0.04 0.04 
0.125 0.125 0.125 0.125 0.125 0.125 0.125 0.125 0.125 0.125 0.125 0.125 0.125 0.125 0.125 0.125 
0.25 0.25 0.25 0.25 0.25 0.25 0.25 0.25 0.25 0.25 0.25 0.25 0.25 0.25 0.25 0.25 
0.375 0.375 0.375 0.375 0.375 0.375 0.375 0.375 0.375 0.375 0.375 0.375 0.375 0.375 0.375 0.375 
0.5 0.5 0.5 0.5 0.5 0.5 0.5 0.5 0.5 0.5 0.5 0.5 0.5 0.5 0.5 0.5 
0.625 0.625 0.625 0.625 0.625 0.625 0.625 0.625 0.625 0.625 0.625 0.625 0.625 0.625 0.625 0.625 
0.75 0.75 0.75 0.75 0.75 0.75 0.75 0.75 0.75 0.75 0.75 0.75 0.75 0.75 0.75 0.75 
0.875 0.875 0.875 0.875 0.875 0.875 0.875 0.875 0.875 0.875 0.875 0.875 0.875 0.875 0.875 0.875 
1 1 1 1 1 1 1 1 1 1 1 1 1 1 1 1 
