12 32 6 10
15 19 4 9 4 13 9 14 14 9 1 13 8 6 20 7 19 7 2 13 6 17 14 12 1 10 8 20 5 11 5 3 
7.03 7.61 2.13 0.1 0 10.06 3.67 4.81 14.67 2.08 4.11 5.88 2.7 6.03 15.2 7.38 14.99 8.85 2.37 15.45 5.16 11.97 10.48 4.46 5.58 1.35 12.82 8.95 15.3 14.34 11.62 4.1 
10.75 9.39 15.41 14.35 11.12 7.85 15.63 11 0.97 15.7 10.26 2.17 0.52 11.27 14.05 10.65 4.8 12.28 11.05 7.56 0.12 14.67 13.26 12.36 6.62 0.27 13.83 5.95 11.57 6.81 0.43 9.1 
1.13 8.97 3.57 3.59 11.53 5.52 11.18 15.33 3.76 1.87 8.71 12.03 12.79 2.21 7.01 12.1 8.09 9.14 13.44 9.69 5.05 1.34 14.04 4.91 15.52 12.46 14.01 7.1 10.32 7.48 15.31 3.15 
12.04 3.38 10.89 12.25 15.12 8.87 13.42 9.87 15.68 1.95 8.24 13.74 7.46 12.91 1.35 2.09 2.1 8.95 15.27 3.28 15.91 4.62 5.07 15.11 6.83 7.45 15.43 8.22 5.09 9.86 13.34 2.77 
7.82 10.42 6.83 7.02 9.08 10.97 3.25 15.77 6.28 6.61 10.24 11.15 15.91 6.65 7.92 9.82 2.12 3.37 0.13 3.52 5.6 15.82 7.05 10.43 15.3 11.54 9.57 2.22 9.63 11.36 10.19 10.75 
1.58 6.69 11.62 13.7 7.44 2.7 10.17 15.11 1.26 6.33 3.97 14.4 12.79 0.47 0.28 5.11 3.6 12.11 3.58 14.08 11.35 5.15 7.87 7.02 3.21 15.73 10.66 10.62 7.37 10.82 0.81 1.4 
8 8 8 8 8 8 8 8 8 8 8 8 8 8 8 8 8 8 8 8 8 8 8 8 8 8 8 8 8 8 8 8 
4.92 6.46 12.99 3.58 7.14 14.65 2.36 10.37 13.63 4.09 2.75 10.88 14.58 12.64 7.34 3.91 3.71 13.08 3.75 7.43 13.42 5.3 12.38 10.82 4.61 1.95 15.75 15.57 5 2.64 15.48 1.71 
14.94 11.19 6.28 11.54 13.05 4.29 14.87 5.46 12.84 3.17 9.11 12.03 1.78 11.72 11.69 0.52 10.66 12.23 7.9 3.92 10.25 10.26 15.46 11.73 12.88 5.59 4.43 12.21 1.7 15.09 13.82 1.44 
1.41 8.79 7.73 4.8 12.63 8.38 5.84 14.3 7.36 10.79 11.52 6.85 4.57 12.9 10.77 3.42 9.52 2.96 0.15 5.19 2.99 15.29 3.54 4.42 6.54 15.78 2.06 6.41 3.72 2.03 3.78 5.58 
4.7 15.55 5.8 7.75 6.94 6.43 3.94 3.55 11.72 6.82 14.84 1.25 14.42 11.09 11.15 6.17 15.71 2.75 11.93 1.91 3.57 15.01 0.31 13.59 15.46 2.96 4.45 8.03 0.95 8.43 8.45 14.62 
10.23 15.71 3.62 2.16 14.87 2.4 0.76 4.92 4.16 13.12 5.89 15.31 12.54 12.19 15.11 13.34 0.27 4.94 4.37 9.24 14.35 15.39 11.39 0.65 11.99 11.01 6.62 15.02 0.22 9.59 14.9 9.44 
1 1 1 1 1 1 1 1 1 1 1 1 1 1 1 1 1 1 1 1 1 1 1 1 1 1 1 1 1 1 1 1 
1 1 1 1 1 1 1 1 1 1 1 1 1 1 1 1 1 1 1 1 1 1 1 1 1 1 1 1 1 1 1 1 
1 1 1 1 1 1 1 1 1 1 1 1 1 1 1 1 1 1 1 1 1 1 1 1 1 1 1 1 1 1 1 1 
1 1 1 1 1 1 1 1 1 1 1 1 1 1 1 1 1 1 1 1 1 1 1 1 1 1 1 1 1 1 1 1 
1 1 1 1 1 1 1 1 1 1 1 1 1 1 1 1 1 1 1 1 1 1 1 1 1 1 1 1 1 1 1 1 
1 1 1 1 1 1 1 1 1 1 1 1 1 1 1 1 1 1 1 1 1 1 1 1 1 1 1 1 1 1 1 1 
1 1 1 1 1 1 1 1 1 1 1 1 1 1 1 1 1 1 1 1 1 1 1 1 1 1 1 1 1 1 1 1 
1 1 1 1 1 1 1 1 1 1 1 1 1 1 1 1 1 1 1 1 1 1 1 1 1 1 1 1 1 1 1 1 
1 1 1 1 1 1 1 1 1 1 1 1 1 1 1 1 1 1 1 1 1 1 1 1 1 1 1 1 1 1 1 1 
1 1 1 1 1 1 1 1 1 1 1 1 1 1 1 1 1 1 1 1 1 1 1 1 1 1 1 1 1 1 1 1 
1 1 1 1 1 1 1 1 1 1 1 1 1 1 1 1 1 1 1 1 1 1 1 1 1 1 1 1 1 1 1 1 
1 1 1 1 1 1 1 1 1 1 1 1 1 1 1 1 1 1 1 1 1 1 1 1 1 1 1 1 1 1 1 1 
0.01 0.01 0.01 0.01 0.01 0.01 0.01 0.01 0.01 0.01 0.01 0.01 0.01 0.01 0.01 0.01 0.01 0.01 0.01 0.01 0.01 0.01 0.01 0.01 0.01 0.01 0.01 0.01 0.01 0.01 0.01 0.01 
0.02 0.02 0.02 0.02 0.02 0.02 0.02 0.02 0.02 0.02 0.02 0.02 0.02 0.02 0.02 0.02 0.02 0.02 0.02 0.02 0.02 0.02 0.02 0.02 0.02 0.02 0.02 0.02 0.02 0.02 0.02 0.02 
0.03 0.03 0.03 0.03 0.03 0.03 0.03 0.03 0.03 0.03 0.03 0.03 0.03 0.03 0.03 0.03 0.03 0.03 0.03 0.03 0.03 0.03 0.03 0.03 0.03 0.03 0.03 0.03 0.03 0.03 0.03 0.03 
0.04 0.04 0.04 0.04 0.04 0.04 0.04 0.04 0.04 0.04 0.04 0.04 0.04 0.04 0.04 0.04 0.04 0.04 0.04 0.04 0.04 0.04 0.04 0.04 0.04 0.04 0.04 0.04 0.04 0.04 0.04 0.04 
0.05 0.05 0.05 0.05 0.05 0.05 0.05 0.05 0.05 0.05 0.05 0.05 0.05 0.05 0.05 0.05 0.05 0.05 0.05 0.05 0.05 0.05 0.05 0.05 0.05 0.05 0.05 0.05 0.05 0.05 0.05 0.05 
0.06 0.06 0.06 0.06 0.06 0.06 0.06 0.06 0.06 0.06 0.06 0.06 0.06 0.06 0.06 0.06 0.06 0.06 0.06 0.06 0.06 0.06 0.06 0.06 0.06 0.06 0.06 0.06 0.06 0.06 0.06 0.06 
0.07 0.07 0.07 0.07 0.07 0.07 0.07 0.07 0.07 0.07 0.07 0.07 0.07 0.07 0.07 0.07 0.07 0.07 0.07 0.07 0.07 0.07 0.07 0.07 0.07 0.07 0.07 0.07 0.07 0.07 0.07 0.07 
0.2 0.2 0.2 0.2 0.2 0.2 0.2 0.2 0.2 0.2 0.2 0.2 0.2 0.2 0.2 0.2 0.2 0.2 0.2 0.2 0.2 0.2 0.2 0.2 0.2 0.2 0.2 0.2 0.2 0.2 0.2 0.2 
0.4 0.4 0.4 0.4 0.4 0.4 0.4 0.4 0.4 0.4 0.4 0.4 0.4 0.4 0.4 0.4 0.4 0.4 0.4 0.4 0.4 0.4 0.4 0.4 0.4 0.4 0.4 0.4 0.4 0.4 0.4 0.4 
0.6 0.6 0.6 0.6 0.6 0.6 0.6 0.6 0.6 0.6 0.6 0.6 0.6 0.6 0.6 0.6 0.6 0.6 0.6 0.6 0.6 0.6 0.6 0.6 0.6 0.6 0.6 0.6 0.6 0.6 0.6 0.6 
0.8 0.8 0.8 0.8 0.8 0.8 0.8 0.8 0.8 0.8 0.8 0.8 0.8 0.8 0.8 0.8 0.8 0.8 0.8 0.8 0.8 0.8 0.8 0.8 0.8 0.8 0.8 0.8 0.8 0.8 0.8 0.8 
1 1 1 1 1 1 1 1 1 1 1 1 1 1 1 1 1 1 1 1 1 1 1 1 1 1 1 1 1 1 1 1 
