3 32 1 10
19 14 13 11 18 3 13 6 2 8 7 1 12 6 19 19 14 11 8 2 14 19 13 15 20 4 13 2 1 18 20 16 
2.33 4.38 5.78 2.12 15.43 4.8 10.76 2.59 10.92 10.57 6.94 12.96 6.41 11.39 4.85 2.16 12.18 0.91 5.83 7.64 1.98 0.94 3.25 9.16 2.3 1.19 14.36 11.97 4.29 10.21 3.7 4 
8 8 8 8 8 8 8 8 8 8 8 8 8 8 8 8 8 8 8 8 8 8 8 8 8 8 8 8 8 8 8 8 
10.48 1.47 4.81 2.6 12.86 9.18 10.99 2.29 9.43 4.84 7.62 1.76 6.02 8.89 7.06 11.57 11.31 8.71 0.94 11.76 3.7 12.51 11.19 10.25 11.34 9.9 9.16 12.71 4.18 12.85 3.61 5.61 
1 1 1 1 1 1 1 1 1 1 1 1 1 1 1 1 1 1 1 1 1 1 1 1 1 1 1 1 1 1 1 1 
1 1 1 1 1 1 1 1 1 1 1 1 1 1 1 1 1 1 1 1 1 1 1 1 1 1 1 1 1 1 1 1 
1 1 1 1 1 1 1 1 1 1 1 1 1 1 1 1 1 1 1 1 1 1 1 1 1 1 1 1 1 1 1 1 
0.01 0.01 0.01 0.01 0.01 0.01 0.01 0.01 0.01 0.01 0.01 0.01 0.01 0.01 0.01 0.01 0.01 0.01 0.01 0.01 0.01 0.01 0.01 0.01 0.01 0.01 0.01 0.01 0.01 0.01 0.01 0.01 
0.02 0.02 0.02 0.02 0.02 0.02 0.02 0.02 0.02 0.02 0.02 0.02 0.02 0.02 0.02 0.02 0.02 0.02 0.02 0.02 0.02 0.02 0.02 0.02 0.02 0.02 0.02 0.02 0.02 0.02 0.02 0.02 
1 1 1 1 1 1 1 1 1 1 1 1 1 1 1 1 1 1 1 1 1 1 1 1 1 1 1 1 1 1 1 1 
