12 24 3 10
3 19 10 8 16 18 1 12 7 14 3 7 5 4 10 7 14 16 5 14 1 5 8 16 
13.31 5.59 7.37 8.92 12.57 13.14 7.75 2.72 2.94 2.43 13.68 0.96 13.62 4.12 12.38 1.28 11.93 10.5 1.27 4.07 6.99 15.58 4.1 3.59 
7.08 10.47 10.7 10.84 15.32 1.78 9.79 13.14 5.31 15.29 13.14 12.07 14.15 6.15 15.74 7.77 2.58 1.43 8.1 1.99 14.97 2.82 9.8 0.3 
0.58 10.16 10.94 5.56 14.23 2 11.59 11.31 13.83 12.87 14.8 0.12 0.65 14.45 1.54 5.54 5.8 11.73 15.03 7.97 8.25 3.74 12.48 11.05 
8 8 8 8 8 8 8 8 8 8 8 8 8 8 8 8 8 8 8 8 8 8 8 8 
7.78 10.39 12.75 1.58 15.97 11.64 1.55 9.74 10.66 15.27 11.95 0.14 2.5 9.61 10.53 0.63 10.93 1.27 12.03 11.21 10.58 12.58 9.08 5.19 
1.75 6.62 6.73 9.51 1.37 2.82 8.01 2.66 14.71 9.2 5.99 4.47 8.91 14.08 6.11 11.01 11.61 10.6 9.4 3 2.02 12.39 10.78 14.97 
12.2 13.74 9.36 9.82 13.37 14.29 10.85 15.35 10.07 14.67 9.59 0.05 10.08 8.29 5.38 14.21 15.11 5.63 6.05 12.78 5.72 15.96 5.15 8 
0.27 11.03 7.92 6.71 11.08 10.61 5.69 9.55 13.35 12.47 0.44 9.41 0.02 4.69 8.57 0.97 6.43 9.02 2.46 15.12 10.51 1.47 10.53 3 
4.2 11.27 0.35 15.18 1.57 1.61 8.22 7.42 7.62 1.54 10.5 3.96 2.58 14.53 4.37 11.19 8.34 9.39 9.35 9.37 12.99 10.57 1.46 4.36 
14.46 7.07 13.3 7.21 3.76 4.07 3.36 8.31 1.22 0.21 1.32 8.77 2.33 14.86 10.09 4.97 8.68 8.78 7.85 6.12 3.34 15.97 9.8 11.56 
14.74 4.96 8.91 12.54 15.51 4.81 11.11 10.21 5.43 13.89 3.65 15.19 1.27 8.62 10.49 9.59 15.44 6.28 5.88 1.12 0.32 4.53 0.26 10.85 
8.15 5.77 13.39 3.02 5.39 4.58 12.95 4.33 9.99 7.93 14.4 15.19 10.94 10.93 11.06 8.23 3.97 6.91 10.91 10.95 2.08 4.57 5.21 5.93 
1 1 1 1 1 1 1 1 1 1 1 1 1 1 1 1 1 1 1 1 1 1 1 1 
1 1 1 1 1 1 1 1 1 1 1 1 1 1 1 1 1 1 1 1 1 1 1 1 
1 1 1 1 1 1 1 1 1 1 1 1 1 1 1 1 1 1 1 1 1 1 1 1 
1 1 1 1 1 1 1 1 1 1 1 1 1 1 1 1 1 1 1 1 1 1 1 1 
1 1 1 1 1 1 1 1 1 1 1 1 1 1 1 1 1 1 1 1 1 1 1 1 
1 1 1 1 1 1 1 1 1 1 1 1 1 1 1 1 1 1 1 1 1 1 1 1 
1 1 1 1 1 1 1 1 1 1 1 1 1 1 1 1 1 1 1 1 1 1 1 1 
1 1 1 1 1 1 1 1 1 1 1 1 1 1 1 1 1 1 1 1 1 1 1 1 
1 1 1 1 1 1 1 1 1 1 1 1 1 1 1 1 1 1 1 1 1 1 1 1 
1 1 1 1 1 1 1 1 1 1 1 1 1 1 1 1 1 1 1 1 1 1 1 1 
1 1 1 1 1 1 1 1 1 1 1 1 1 1 1 1 1 1 1 1 1 1 1 1 
1 1 1 1 1 1 1 1 1 1 1 1 1 1 1 1 1 1 1 1 1 1 1 1 
0.01 0.01 0.01 0.01 0.01 0.01 0.01 0.01 0.01 0.01 0.01 0.01 0.01 0.01 0.01 0.01 0.01 0.01 0.01 0.01 0.01 0.01 0.01 0.01 
0.02 0.02 0.02 0.02 0.02 0.02 0.02 0.02 0.02 0.02 0.02 0.02 0.02 0.02 0.02 0.02 0.02 0.02 0.02 0.02 0.02 0.02 0.02 0.02 
0.03 0.03 0.03 0.03 0.03 0.03 0.03 0.03 0.03 0.03 0.03 0.03 0.03 0.03 0.03 0.03 0.03 0.03 0.03 0.03 0.03 0.03 0.03 0.03 
0.04 0.04 0.04 0.04 0.04 0.04 0.04 0.04 0.04 0.04 0.04 0.04 0.04 0.04 0.04 0.04 0.04 0.04 0.04 0.04 0.04 0.04 0.04 0.04 
0.125 0.125 0.125 0.125 0.125 0.125 0.125 0.125 0.125 0.125 0.125 0.125 0.125 0.125 0.125 0.125 0.125 0.125 0.125 0.125 0.125 0.125 0.125 0.125 
0.25 0.25 0.25 0.25 0.25 0.25 0.25 0.25 0.25 0.25 0.25 0.25 0.25 0.25 0.25 0.25 0.25 0.25 0.25 0.25 0.25 0.25 0.25 0.25 
0.375 0.375 0.375 0.375 0.375 0.375 0.375 0.375 0.375 0.375 0.375 0.375 0.375 0.375 0.375 0.375 0.375 0.375 0.375 0.375 0.375 0.375 0.375 0.375 
0.5 0.5 0.5 0.5 0.5 0.5 0.5 0.5 0.5 0.5 0.5 0.5 0.5 0.5 0.5 0.5 0.5 0.5 0.5 0.5 0.5 0.5 0.5 0.5 
0.625 0.625 0.625 0.625 0.625 0.625 0.625 0.625 0.625 0.625 0.625 0.625 0.625 0.625 0.625 0.625 0.625 0.625 0.625 0.625 0.625 0.625 0.625 0.625 
0.75 0.75 0.75 0.75 0.75 0.75 0.75 0.75 0.75 0.75 0.75 0.75 0.75 0.75 0.75 0.75 0.75 0.75 0.75 0.75 0.75 0.75 0.75 0.75 
0.875 0.875 0.875 0.875 0.875 0.875 0.875 0.875 0.875 0.875 0.875 0.875 0.875 0.875 0.875 0.875 0.875 0.875 0.875 0.875 0.875 0.875 0.875 0.875 
1 1 1 1 1 1 1 1 1 1 1 1 1 1 1 1 1 1 1 1 1 1 1 1 
