6 16 2 10
20 10 1 20 2 14 5 6 14 14 5 17 8 6 14 11 
7.99 2.06 5.31 13.67 14.71 6.76 7.26 8.29 0.8 0.26 12.79 7.88 14.64 12.64 3.25 8.86 
8.58 5.81 1.09 11.91 4.89 9 15.93 1.54 6.8 15.27 6.22 8.03 3.6 10.72 2.69 9.53 
8 8 8 8 8 8 8 8 8 8 8 8 8 8 8 8 
1.29 2.19 0 10.47 12.93 5.01 10.04 2.55 0.32 8.93 1.47 10.21 15.64 9.93 12.76 11.38 
2.73 8.74 15.87 6.14 9.78 12.61 6.41 1.7 1.74 2.99 1.02 3.73 4.72 11.47 2.42 4.38 
6.77 15.77 8.54 12.49 6.09 4.47 4.72 5.5 14.09 13.06 8.24 5.25 15.55 4.19 4.85 8.86 
1 1 1 1 1 1 1 1 1 1 1 1 1 1 1 1 
1 1 1 1 1 1 1 1 1 1 1 1 1 1 1 1 
1 1 1 1 1 1 1 1 1 1 1 1 1 1 1 1 
1 1 1 1 1 1 1 1 1 1 1 1 1 1 1 1 
1 1 1 1 1 1 1 1 1 1 1 1 1 1 1 1 
1 1 1 1 1 1 1 1 1 1 1 1 1 1 1 1 
0.01 0.01 0.01 0.01 0.01 0.01 0.01 0.01 0.01 0.01 0.01 0.01 0.01 0.01 0.01 0.01 
0.02 0.02 0.02 0.02 0.02 0.02 0.02 0.02 0.02 0.02 0.02 0.02 0.02 0.02 0.02 0.02 
0.03 0.03 0.03 0.03 0.03 0.03 0.03 0.03 0.03 0.03 0.03 0.03 0.03 0.03 0.03 0.03 
0.333333 0.333333 0.333333 0.333333 0.333333 0.333333 0.333333 0.333333 0.333333 0.333333 0.333333 0.333333 0.333333 0.333333 0.333333 0.333333 
0.666667 0.666667 0.666667 0.666667 0.666667 0.666667 0.666667 0.666667 0.666667 0.666667 0.666667 0.666667 0.666667 0.666667 0.666667 0.666667 
1 1 1 1 1 1 1 1 1 1 1 1 1 1 1 1 
