12 24 3 10
12 7 18 20 10 8 10 9 20 15 2 7 18 10 13 1 20 14 5 10 10 17 5 6 
4.83 3.35 3.7 12.86 12.28 14.16 10.05 9.07 5.45 9.79 13.98 5.73 1.12 9.81 10.81 13.58 10.64 3.71 15.38 6.1 11.02 9.88 6.08 6.9 
9.42 12.67 14.86 10.77 6.49 4.04 1.16 13.25 4.13 5 8.15 0.33 9.47 15.88 3.11 14.12 9.72 11.85 14.87 3.61 7.53 5.84 4.71 14.18 
0.49 15.63 2.09 7.7 0.27 13.26 3.85 11.29 13.53 0.83 13.93 15.51 0.03 14.6 3.69 7.66 4.83 10.07 14.21 10.59 0.86 7.35 2.28 15.5 
8 8 8 8 8 8 8 8 8 8 8 8 8 8 8 8 8 8 8 8 8 8 8 8 
10.74 14 1.39 4.32 6.77 2 7.73 4.01 12.65 0.74 1.52 15.15 11.63 12.7 4.2 13.07 2.56 11.14 14.78 6.28 13.89 11.35 1 1.4 
1.71 1.96 13.38 12.65 0.28 10.99 5.77 15.16 10.74 10.78 14.37 10.94 11.75 12.17 4.47 1.77 2.5 2.67 7.95 13.56 2.81 1.75 0.84 8.03 
14.18 11.72 15.48 15.72 15.9 2.61 12.7 12.04 7.58 10.02 2.85 2.88 10.43 8.55 8.56 8.93 7.18 4.31 8.63 0.74 13.47 1.22 11.8 7.83 
10.4 2.17 14 3.66 4.04 8.73 1.3 8.26 1.04 6.3 12.41 12.26 5.53 3.3 4.03 12.56 3.98 4.85 11.5 15.42 12.96 2.03 0.76 14.4 
12.46 13.26 9.2 4.53 14.68 6.1 4.68 12.9 11.35 8.67 3.33 15.66 4.07 1.76 13.21 15 0.59 9.88 1.14 4.63 11.99 5.13 14.68 14.73 
5.13 9.54 7.26 8.2 13.67 10.06 8.29 11.48 3.89 9.42 7.26 13.58 5.73 8.6 5.74 4.73 2.43 10.31 8.9 10.08 0.01 10.81 1.23 5.41 
7.51 13.2 0.35 10.82 4.81 13.95 4.4 6.98 2.54 13.56 14.08 10.9 11 0.28 13.54 15.19 11.02 9.58 5.47 2.45 6.99 7.69 5.15 14.36 
12.62 7.66 8.85 13.7 1.57 3.26 6.85 6.09 3.84 7.21 4.1 15.1 15.02 12.17 14.8 9.69 13.42 6.51 3.48 3.64 9.29 10.83 13.56 8.16 
1 1 1 1 1 1 1 1 1 1 1 1 1 1 1 1 1 1 1 1 1 1 1 1 
1 1 1 1 1 1 1 1 1 1 1 1 1 1 1 1 1 1 1 1 1 1 1 1 
1 1 1 1 1 1 1 1 1 1 1 1 1 1 1 1 1 1 1 1 1 1 1 1 
1 1 1 1 1 1 1 1 1 1 1 1 1 1 1 1 1 1 1 1 1 1 1 1 
1 1 1 1 1 1 1 1 1 1 1 1 1 1 1 1 1 1 1 1 1 1 1 1 
1 1 1 1 1 1 1 1 1 1 1 1 1 1 1 1 1 1 1 1 1 1 1 1 
1 1 1 1 1 1 1 1 1 1 1 1 1 1 1 1 1 1 1 1 1 1 1 1 
1 1 1 1 1 1 1 1 1 1 1 1 1 1 1 1 1 1 1 1 1 1 1 1 
1 1 1 1 1 1 1 1 1 1 1 1 1 1 1 1 1 1 1 1 1 1 1 1 
1 1 1 1 1 1 1 1 1 1 1 1 1 1 1 1 1 1 1 1 1 1 1 1 
1 1 1 1 1 1 1 1 1 1 1 1 1 1 1 1 1 1 1 1 1 1 1 1 
1 1 1 1 1 1 1 1 1 1 1 1 1 1 1 1 1 1 1 1 1 1 1 1 
0.01 0.01 0.01 0.01 0.01 0.01 0.01 0.01 0.01 0.01 0.01 0.01 0.01 0.01 0.01 0.01 0.01 0.01 0.01 0.01 0.01 0.01 0.01 0.01 
0.02 0.02 0.02 0.02 0.02 0.02 0.02 0.02 0.02 0.02 0.02 0.02 0.02 0.02 0.02 0.02 0.02 0.02 0.02 0.02 0.02 0.02 0.02 0.02 
0.03 0.03 0.03 0.03 0.03 0.03 0.03 0.03 0.03 0.03 0.03 0.03 0.03 0.03 0.03 0.03 0.03 0.03 0.03 0.03 0.03 0.03 0.03 0.03 
0.04 0.04 0.04 0.04 0.04 0.04 0.04 0.04 0.04 0.04 0.04 0.04 0.04 0.04 0.04 0.04 0.04 0.04 0.04 0.04 0.04 0.04 0.04 0.04 
0.125 0.125 0.125 0.125 0.125 0.125 0.125 0.125 0.125 0.125 0.125 0.125 0.125 0.125 0.125 0.125 0.125 0.125 0.125 0.125 0.125 0.125 0.125 0.125 
0.25 0.25 0.25 0.25 0.25 0.25 0.25 0.25 0.25 0.25 0.25 0.25 0.25 0.25 0.25 0.25 0.25 0.25 0.25 0.25 0.25 0.25 0.25 0.25 
0.375 0.375 0.375 0.375 0.375 0.375 0.375 0.375 0.375 0.375 0.375 0.375 0.375 0.375 0.375 0.375 0.375 0.375 0.375 0.375 0.375 0.375 0.375 0.375 
0.5 0.5 0.5 0.5 0.5 0.5 0.5 0.5 0.5 0.5 0.5 0.5 0.5 0.5 0.5 0.5 0.5 0.5 0.5 0.5 0.5 0.5 0.5 0.5 
0.625 0.625 0.625 0.625 0.625 0.625 0.625 0.625 0.625 0.625 0.625 0.625 0.625 0.625 0.625 0.625 0.625 0.625 0.625 0.625 0.625 0.625 0.625 0.625 
0.75 0.75 0.75 0.75 0.75 0.75 0.75 0.75 0.75 0.75 0.75 0.75 0.75 0.75 0.75 0.75 0.75 0.75 0.75 0.75 0.75 0.75 0.75 0.75 
0.875 0.875 0.875 0.875 0.875 0.875 0.875 0.875 0.875 0.875 0.875 0.875 0.875 0.875 0.875 0.875 0.875 0.875 0.875 0.875 0.875 0.875 0.875 0.875 
1 1 1 1 1 1 1 1 1 1 1 1 1 1 1 1 1 1 1 1 1 1 1 1 
