12 16 3 10
18 5 14 2 18 2 7 15 5 9 8 6 5 3 14 16 
9.91 15.34 14.17 10.32 1.52 1.2 5.52 15.35 13.04 11.13 15.17 2.04 12.99 1.34 12.59 9.84 
2.33 8.06 11.03 9.82 15.17 3.32 7.24 0.32 2.5 15.58 2.07 7.6 14.53 6.83 0.89 5.09 
3.95 10.42 10.59 2.72 15.11 1.52 6.84 2.57 0.13 7.46 2.77 10.04 1.97 2.42 3.41 11.59 
8 8 8 8 8 8 8 8 8 8 8 8 8 8 8 8 
14.57 13.24 11.54 11.32 10.14 0.9 13.22 4.49 8.91 9.81 5.01 11.38 2.07 7.14 8.6 9.24 
15.68 8.64 3.43 9.22 4.96 6.42 7.1 10.25 15.76 9.98 12.3 5.3 12.66 0.2 5.59 11.14 
4.66 7.92 0.21 15.07 15.4 0.59 0.23 4.29 10.91 10.51 0.99 3.61 8.88 0.89 5.4 7.29 
8.1 14.67 2.48 11.64 6.04 11.01 9.42 14.63 3.73 10.73 14.77 8.98 3.67 5.36 6.93 7.23 
5.96 11.42 15.34 6.73 9 13.93 10.18 12.92 6.86 10 14.44 15.18 13.16 15.81 7.23 3.31 
11.11 10.62 0.76 9.26 5.5 6.87 8 15.05 13.13 13.43 13.15 8.94 10.75 1.46 0.26 12.59 
4.24 7 11.71 5.67 6.9 0.19 13.6 15.13 7.79 0.9 12.6 7.09 8.24 5.38 5.74 0.15 
4.67 7.24 9.65 2.49 3.3 6.62 4.9 14.07 12.72 11.66 13.87 12.09 2.48 4.51 1.09 2.49 
1 1 1 1 1 1 1 1 1 1 1 1 1 1 1 1 
1 1 1 1 1 1 1 1 1 1 1 1 1 1 1 1 
1 1 1 1 1 1 1 1 1 1 1 1 1 1 1 1 
1 1 1 1 1 1 1 1 1 1 1 1 1 1 1 1 
1 1 1 1 1 1 1 1 1 1 1 1 1 1 1 1 
1 1 1 1 1 1 1 1 1 1 1 1 1 1 1 1 
1 1 1 1 1 1 1 1 1 1 1 1 1 1 1 1 
1 1 1 1 1 1 1 1 1 1 1 1 1 1 1 1 
1 1 1 1 1 1 1 1 1 1 1 1 1 1 1 1 
1 1 1 1 1 1 1 1 1 1 1 1 1 1 1 1 
1 1 1 1 1 1 1 1 1 1 1 1 1 1 1 1 
1 1 1 1 1 1 1 1 1 1 1 1 1 1 1 1 
0.01 0.01 0.01 0.01 0.01 0.01 0.01 0.01 0.01 0.01 0.01 0.01 0.01 0.01 0.01 0.01 
0.02 0.02 0.02 0.02 0.02 0.02 0.02 0.02 0.02 0.02 0.02 0.02 0.02 0.02 0.02 0.02 
0.03 0.03 0.03 0.03 0.03 0.03 0.03 0.03 0.03 0.03 0.03 0.03 0.03 0.03 0.03 0.03 
0.04 0.04 0.04 0.04 0.04 0.04 0.04 0.04 0.04 0.04 0.04 0.04 0.04 0.04 0.04 0.04 
0.125 0.125 0.125 0.125 0.125 0.125 0.125 0.125 0.125 0.125 0.125 0.125 0.125 0.125 0.125 0.125 
0.25 0.25 0.25 0.25 0.25 0.25 0.25 0.25 0.25 0.25 0.25 0.25 0.25 0.25 0.25 0.25 
0.375 0.375 0.375 0.375 0.375 0.375 0.375 0.375 0.375 0.375 0.375 0.375 0.375 0.375 0.375 0.375 
0.5 0.5 0.5 0.5 0.5 0.5 0.5 0.5 0.5 0.5 0.5 0.5 0.5 0.5 0.5 0.5 
0.625 0.625 0.625 0.625 0.625 0.625 0.625 0.625 0.625 0.625 0.625 0.625 0.625 0.625 0.625 0.625 
0.75 0.75 0.75 0.75 0.75 0.75 0.75 0.75 0.75 0.75 0.75 0.75 0.75 0.75 0.75 0.75 
0.875 0.875 0.875 0.875 0.875 0.875 0.875 0.875 0.875 0.875 0.875 0.875 0.875 0.875 0.875 0.875 
1 1 1 1 1 1 1 1 1 1 1 1 1 1 1 1 
