6 48 4 10
9 12 11 13 4 5 5 10 18 1 19 16 9 11 1 14 9 12 14 18 8 16 11 8 11 9 6 17 8 19 16 15 5 13 9 8 7 6 19 3 1 7 2 13 5 16 2 8 
15.79 15.77 7.93 5.35 3.61 14.41 8.01 9.48 14.93 8.95 0.48 15.5 5.43 5.74 11.29 2.48 14.79 3.7 12.32 6.03 12.15 3.49 1.06 15.34 7.39 12.25 14.13 8.18 14.27 2.53 11.6 12.1 7.34 6.83 1.13 11.44 3.72 7.34 6.08 13.74 8.84 6.39 9.29 8.19 7.96 2.23 10.2 0.28 
5.5 6.17 6.15 9.74 1.32 15.86 14.79 15.16 3.77 6.31 1.87 1.85 4.77 6.77 1.89 10.29 10.59 10.59 3.9 6.04 8.2 12.27 14.88 15.32 11.84 8.1 10.66 2.52 10.28 2.19 6.27 11.44 1.88 8.84 0.1 10.3 9.91 2.36 10.79 2.13 11.12 8.79 9.71 2.33 2.54 5.98 4.32 4.17 
10.15 9.05 15.08 14.18 0.95 15.65 9.89 3.26 10.12 3.14 4.68 1.92 8.89 6.28 14.5 5.82 2.34 10.55 2.07 2.78 0.69 7.46 11.49 11.3 2.2 12.68 6.67 10 8.95 2.79 9.87 8.67 11.22 1.56 1.32 0.46 11.99 11.59 7.2 13.3 6.59 7.02 3.57 15.48 12.48 0.88 3.8 9.8 
6.27 8.8 0.54 14 8.32 10.28 13.73 2.85 4.58 7.97 4.5 10.18 6.83 15.72 12.63 12.49 11.46 14.06 7.66 15.32 2.35 11.09 1.25 15.26 11.53 8.54 2.87 1.14 12.33 7.39 10.74 15.93 10.37 6.15 6.78 4.85 0.97 6.13 11.74 14.23 5.67 12.71 9.96 10.5 12.11 15.46 1.63 0.52 
8 8 8 8 8 8 8 8 8 8 8 8 8 8 8 8 8 8 8 8 8 8 8 8 8 8 8 8 8 8 8 8 8 8 8 8 8 8 8 8 8 8 8 8 8 8 8 8 
13.52 3.44 11.92 15.52 5.53 1.95 0.33 14.9 0.75 13.47 12.58 3.92 9.66 2.9 8.64 7.94 1.46 7.87 0.28 12.34 1.09 1.12 10.05 3.83 8.07 4.4 7.92 8.74 2.52 9.8 15.98 14.41 9.06 1.32 1.21 12.62 0.68 4.43 2.28 15.28 11.78 5.8 4.01 3.23 10.84 2.51 13.75 14.36 
1 1 1 1 1 1 1 1 1 1 1 1 1 1 1 1 1 1 1 1 1 1 1 1 1 1 1 1 1 1 1 1 1 1 1 1 1 1 1 1 1 1 1 1 1 1 1 1 
1 1 1 1 1 1 1 1 1 1 1 1 1 1 1 1 1 1 1 1 1 1 1 1 1 1 1 1 1 1 1 1 1 1 1 1 1 1 1 1 1 1 1 1 1 1 1 1 
1 1 1 1 1 1 1 1 1 1 1 1 1 1 1 1 1 1 1 1 1 1 1 1 1 1 1 1 1 1 1 1 1 1 1 1 1 1 1 1 1 1 1 1 1 1 1 1 
1 1 1 1 1 1 1 1 1 1 1 1 1 1 1 1 1 1 1 1 1 1 1 1 1 1 1 1 1 1 1 1 1 1 1 1 1 1 1 1 1 1 1 1 1 1 1 1 
1 1 1 1 1 1 1 1 1 1 1 1 1 1 1 1 1 1 1 1 1 1 1 1 1 1 1 1 1 1 1 1 1 1 1 1 1 1 1 1 1 1 1 1 1 1 1 1 
1 1 1 1 1 1 1 1 1 1 1 1 1 1 1 1 1 1 1 1 1 1 1 1 1 1 1 1 1 1 1 1 1 1 1 1 1 1 1 1 1 1 1 1 1 1 1 1 
0.01 0.01 0.01 0.01 0.01 0.01 0.01 0.01 0.01 0.01 0.01 0.01 0.01 0.01 0.01 0.01 0.01 0.01 0.01 0.01 0.01 0.01 0.01 0.01 0.01 0.01 0.01 0.01 0.01 0.01 0.01 0.01 0.01 0.01 0.01 0.01 0.01 0.01 0.01 0.01 0.01 0.01 0.01 0.01 0.01 0.01 0.01 0.01 
0.02 0.02 0.02 0.02 0.02 0.02 0.02 0.02 0.02 0.02 0.02 0.02 0.02 0.02 0.02 0.02 0.02 0.02 0.02 0.02 0.02 0.02 0.02 0.02 0.02 0.02 0.02 0.02 0.02 0.02 0.02 0.02 0.02 0.02 0.02 0.02 0.02 0.02 0.02 0.02 0.02 0.02 0.02 0.02 0.02 0.02 0.02 0.02 
0.03 0.03 0.03 0.03 0.03 0.03 0.03 0.03 0.03 0.03 0.03 0.03 0.03 0.03 0.03 0.03 0.03 0.03 0.03 0.03 0.03 0.03 0.03 0.03 0.03 0.03 0.03 0.03 0.03 0.03 0.03 0.03 0.03 0.03 0.03 0.03 0.03 0.03 0.03 0.03 0.03 0.03 0.03 0.03 0.03 0.03 0.03 0.03 
0.04 0.04 0.04 0.04 0.04 0.04 0.04 0.04 0.04 0.04 0.04 0.04 0.04 0.04 0.04 0.04 0.04 0.04 0.04 0.04 0.04 0.04 0.04 0.04 0.04 0.04 0.04 0.04 0.04 0.04 0.04 0.04 0.04 0.04 0.04 0.04 0.04 0.04 0.04 0.04 0.04 0.04 0.04 0.04 0.04 0.04 0.04 0.04 
0.05 0.05 0.05 0.05 0.05 0.05 0.05 0.05 0.05 0.05 0.05 0.05 0.05 0.05 0.05 0.05 0.05 0.05 0.05 0.05 0.05 0.05 0.05 0.05 0.05 0.05 0.05 0.05 0.05 0.05 0.05 0.05 0.05 0.05 0.05 0.05 0.05 0.05 0.05 0.05 0.05 0.05 0.05 0.05 0.05 0.05 0.05 0.05 
1 1 1 1 1 1 1 1 1 1 1 1 1 1 1 1 1 1 1 1 1 1 1 1 1 1 1 1 1 1 1 1 1 1 1 1 1 1 1 1 1 1 1 1 1 1 1 1 
