6 48 4 10
16 17 17 18 13 6 14 15 12 17 16 17 19 16 12 1 3 9 18 17 14 4 9 7 2 11 16 13 3 1 15 19 3 20 13 20 4 13 19 6 3 11 11 14 11 20 10 1 
8.44 13.78 7.78 3.24 6.57 1.42 3.29 5.33 14.54 15.12 4.73 1 13.04 11.73 8.05 12.62 12.79 14.36 0.12 14.15 3.49 2.29 12.47 11.92 1.07 8.02 0.55 10.17 5.35 8.85 14.19 0.1 12.57 4.91 0.04 14.3 11.93 9.84 10.79 3.75 0.96 10.51 4.72 5.37 5.89 7.86 5.82 15.44 
15.88 5.49 12.94 4.26 3.72 6.03 8.43 7.75 7.06 5.69 14.78 15.77 14.94 7.26 0.87 0.52 8.21 7.57 14.03 15.16 15.2 1.25 7.42 7.33 11.9 6.1 10.81 14.07 8.13 2.53 12.48 10.21 3.68 13.68 14.16 5.64 9.51 11.41 4.78 1.47 9.7 3.15 4.58 4.57 6.34 2.19 4.06 13.41 
2.06 12.51 10.92 11.43 15.11 14.09 13.52 15.6 10.23 9.17 6.68 6.22 4.9 14.32 2.81 7.57 14.12 12.14 2 3.16 6.48 4.37 4.03 4.65 3.68 10.69 14.57 7.93 5.05 11.99 4.4 5.84 1.42 4.25 3.14 5.37 2.39 1.76 7.99 9.25 5.13 7.5 10.99 4.16 9.57 0.95 0.06 13.34 
3.75 14.85 1.69 11.14 0.75 9.82 10.48 5.77 10.34 8.19 1.68 15.48 0.93 11.42 7.06 15.12 11.85 11.74 12.58 14.44 7.12 11.93 0.3 11.74 4.08 11.74 15.51 2.3 1.3 5.9 4.13 15.19 11.44 13.37 0.04 6.53 12.1 13.67 6.77 0.81 2.2 8.52 0.94 15.03 12.65 3.94 12.35 1.15 
8 8 8 8 8 8 8 8 8 8 8 8 8 8 8 8 8 8 8 8 8 8 8 8 8 8 8 8 8 8 8 8 8 8 8 8 8 8 8 8 8 8 8 8 8 8 8 8 
9.08 13.92 3.04 7.48 1.26 3.16 5.93 5.79 5.67 13.48 11.5 14.61 5.84 2.1 3.52 1.46 3.78 6.03 1.68 1.75 13.73 2.21 13.41 2.17 6.26 3.68 14.92 9.96 1.31 5.06 3.99 12.95 15.14 8.5 12.62 4.19 1.95 4.73 2.13 0.75 10.93 8.19 15.96 4.47 5.55 5.4 4.26 9.3 
1 1 1 1 1 1 1 1 1 1 1 1 1 1 1 1 1 1 1 1 1 1 1 1 1 1 1 1 1 1 1 1 1 1 1 1 1 1 1 1 1 1 1 1 1 1 1 1 
1 1 1 1 1 1 1 1 1 1 1 1 1 1 1 1 1 1 1 1 1 1 1 1 1 1 1 1 1 1 1 1 1 1 1 1 1 1 1 1 1 1 1 1 1 1 1 1 
1 1 1 1 1 1 1 1 1 1 1 1 1 1 1 1 1 1 1 1 1 1 1 1 1 1 1 1 1 1 1 1 1 1 1 1 1 1 1 1 1 1 1 1 1 1 1 1 
1 1 1 1 1 1 1 1 1 1 1 1 1 1 1 1 1 1 1 1 1 1 1 1 1 1 1 1 1 1 1 1 1 1 1 1 1 1 1 1 1 1 1 1 1 1 1 1 
1 1 1 1 1 1 1 1 1 1 1 1 1 1 1 1 1 1 1 1 1 1 1 1 1 1 1 1 1 1 1 1 1 1 1 1 1 1 1 1 1 1 1 1 1 1 1 1 
1 1 1 1 1 1 1 1 1 1 1 1 1 1 1 1 1 1 1 1 1 1 1 1 1 1 1 1 1 1 1 1 1 1 1 1 1 1 1 1 1 1 1 1 1 1 1 1 
0.01 0.01 0.01 0.01 0.01 0.01 0.01 0.01 0.01 0.01 0.01 0.01 0.01 0.01 0.01 0.01 0.01 0.01 0.01 0.01 0.01 0.01 0.01 0.01 0.01 0.01 0.01 0.01 0.01 0.01 0.01 0.01 0.01 0.01 0.01 0.01 0.01 0.01 0.01 0.01 0.01 0.01 0.01 0.01 0.01 0.01 0.01 0.01 
0.02 0.02 0.02 0.02 0.02 0.02 0.02 0.02 0.02 0.02 0.02 0.02 0.02 0.02 0.02 0.02 0.02 0.02 0.02 0.02 0.02 0.02 0.02 0.02 0.02 0.02 0.02 0.02 0.02 0.02 0.02 0.02 0.02 0.02 0.02 0.02 0.02 0.02 0.02 0.02 0.02 0.02 0.02 0.02 0.02 0.02 0.02 0.02 
0.03 0.03 0.03 0.03 0.03 0.03 0.03 0.03 0.03 0.03 0.03 0.03 0.03 0.03 0.03 0.03 0.03 0.03 0.03 0.03 0.03 0.03 0.03 0.03 0.03 0.03 0.03 0.03 0.03 0.03 0.03 0.03 0.03 0.03 0.03 0.03 0.03 0.03 0.03 0.03 0.03 0.03 0.03 0.03 0.03 0.03 0.03 0.03 
0.04 0.04 0.04 0.04 0.04 0.04 0.04 0.04 0.04 0.04 0.04 0.04 0.04 0.04 0.04 0.04 0.04 0.04 0.04 0.04 0.04 0.04 0.04 0.04 0.04 0.04 0.04 0.04 0.04 0.04 0.04 0.04 0.04 0.04 0.04 0.04 0.04 0.04 0.04 0.04 0.04 0.04 0.04 0.04 0.04 0.04 0.04 0.04 
0.05 0.05 0.05 0.05 0.05 0.05 0.05 0.05 0.05 0.05 0.05 0.05 0.05 0.05 0.05 0.05 0.05 0.05 0.05 0.05 0.05 0.05 0.05 0.05 0.05 0.05 0.05 0.05 0.05 0.05 0.05 0.05 0.05 0.05 0.05 0.05 0.05 0.05 0.05 0.05 0.05 0.05 0.05 0.05 0.05 0.05 0.05 0.05 
1 1 1 1 1 1 1 1 1 1 1 1 1 1 1 1 1 1 1 1 1 1 1 1 1 1 1 1 1 1 1 1 1 1 1 1 1 1 1 1 1 1 1 1 1 1 1 1 
