12 16 3 10
7 6 13 1 14 13 18 5 10 12 13 14 9 1 8 4 
3.46 0.19 12.19 8.99 8.07 3.24 9.65 14.71 2.56 6.89 3.49 6.53 0 6.43 4.07 11.88 
12.81 4.39 10.73 10.91 2.33 9.78 3.44 1.21 11.53 12.96 2.81 4.4 6.83 9.3 15.58 6.62 
12.45 14.69 6.59 2.76 3.1 2.04 7.57 10.36 1.06 6.1 13.52 14.44 14.07 15.86 11.29 14.61 
8 8 8 8 8 8 8 8 8 8 8 8 8 8 8 8 
14.34 14.94 10.23 10.36 2.33 8.81 9.17 7.8 9.89 4.21 1.49 10.51 10 1 15.42 10.52 
8.11 4.15 15.99 5.67 6.79 5.79 12.02 14.15 12.52 10.8 2.08 9.77 9.42 6.36 12.97 7.16 
6.07 14.27 0.19 11.68 7.46 15.28 3.21 6.02 1.06 6.48 15.7 12.8 6.12 4.56 6.42 2.98 
2.04 12.5 0.94 12.03 3.15 10.29 15.11 15.75 4.63 13.21 10.25 12.06 1.83 8.57 2.45 3.07 
10.61 6.7 15.83 5.4 6.64 8.52 0.92 0.77 1.4 4.99 0.39 15.07 5.66 4.14 9.31 1.45 
2.36 0.73 3.76 10.66 3.64 5.83 12.17 15.54 15.99 8.82 1.27 11.6 1.56 3.7 15.45 11.75 
6.77 4.69 6.43 5.92 11.04 5.23 1.14 13.12 6.07 13.88 7.99 12.37 2.94 14.38 1.37 11.54 
9.01 6.39 11.47 15.88 3.96 13.47 5.89 8.37 14.03 7.01 8.21 2.77 1.52 8.87 14.28 5.33 
1 1 1 1 1 1 1 1 1 1 1 1 1 1 1 1 
1 1 1 1 1 1 1 1 1 1 1 1 1 1 1 1 
1 1 1 1 1 1 1 1 1 1 1 1 1 1 1 1 
1 1 1 1 1 1 1 1 1 1 1 1 1 1 1 1 
1 1 1 1 1 1 1 1 1 1 1 1 1 1 1 1 
1 1 1 1 1 1 1 1 1 1 1 1 1 1 1 1 
1 1 1 1 1 1 1 1 1 1 1 1 1 1 1 1 
1 1 1 1 1 1 1 1 1 1 1 1 1 1 1 1 
1 1 1 1 1 1 1 1 1 1 1 1 1 1 1 1 
1 1 1 1 1 1 1 1 1 1 1 1 1 1 1 1 
1 1 1 1 1 1 1 1 1 1 1 1 1 1 1 1 
1 1 1 1 1 1 1 1 1 1 1 1 1 1 1 1 
0.01 0.01 0.01 0.01 0.01 0.01 0.01 0.01 0.01 0.01 0.01 0.01 0.01 0.01 0.01 0.01 
0.02 0.02 0.02 0.02 0.02 0.02 0.02 0.02 0.02 0.02 0.02 0.02 0.02 0.02 0.02 0.02 
0.03 0.03 0.03 0.03 0.03 0.03 0.03 0.03 0.03 0.03 0.03 0.03 0.03 0.03 0.03 0.03 
0.04 0.04 0.04 0.04 0.04 0.04 0.04 0.04 0.04 0.04 0.04 0.04 0.04 0.04 0.04 0.04 
0.125 0.125 0.125 0.125 0.125 0.125 0.125 0.125 0.125 0.125 0.125 0.125 0.125 0.125 0.125 0.125 
0.25 0.25 0.25 0.25 0.25 0.25 0.25 0.25 0.25 0.25 0.25 0.25 0.25 0.25 0.25 0.25 
0.375 0.375 0.375 0.375 0.375 0.375 0.375 0.375 0.375 0.375 0.375 0.375 0.375 0.375 0.375 0.375 
0.5 0.5 0.5 0.5 0.5 0.5 0.5 0.5 0.5 0.5 0.5 0.5 0.5 0.5 0.5 0.5 
0.625 0.625 0.625 0.625 0.625 0.625 0.625 0.625 0.625 0.625 0.625 0.625 0.625 0.625 0.625 0.625 
0.75 0.75 0.75 0.75 0.75 0.75 0.75 0.75 0.75 0.75 0.75 0.75 0.75 0.75 0.75 0.75 
0.875 0.875 0.875 0.875 0.875 0.875 0.875 0.875 0.875 0.875 0.875 0.875 0.875 0.875 0.875 0.875 
1 1 1 1 1 1 1 1 1 1 1 1 1 1 1 1 
