12 24 3 10
16 13 16 9 20 4 19 2 13 8 2 15 4 10 10 2 2 10 19 2 7 8 3 5 
15.79 6.09 15.85 15.59 8.15 12.89 0.98 5.47 9.84 0.42 6.21 14.05 3.99 7.42 4.99 2.96 14.14 8.35 15.22 3.84 1.9 3.55 5.17 12.97 
7.32 9.39 9.5 1.96 11.64 3.35 0.73 4.83 14.06 9.35 11.67 7.13 15.61 3.87 11.98 3.19 0.79 5.52 12.77 0.48 11.6 12.86 2.71 12.73 
13.43 0.48 5.3 13.26 9.39 6.85 15.37 10.21 7.95 15.14 11.72 5.57 6.79 15.33 5.85 5.2 5.96 1.82 0.8 7.86 12.25 8.07 5.52 6.21 
8 8 8 8 8 8 8 8 8 8 8 8 8 8 8 8 8 8 8 8 8 8 8 8 
2.84 15.86 1.26 11.56 0.83 13.25 3.69 2.92 11.89 4.89 12.75 6.83 15.48 3.94 9.26 10.43 12.99 13.7 8.47 8.24 8.56 15.22 13.05 1.2 
6.75 14.28 6.91 2.3 0.25 10.96 2.45 6.11 1.8 11.71 11.1 0.2 8.92 12.59 10.12 0.56 2.63 6.9 14.36 15.23 13.23 2.92 12.84 15.78 
4.2 5.7 12.04 1.88 13.27 15.59 6.92 3.42 14.42 0.85 12.34 14.76 3.06 4.48 10.6 0.41 12.05 6.05 16 11.27 4.41 5 7.3 5.15 
1.93 0.11 5.26 6.39 11.12 12.38 7.42 3.23 5.94 0.07 15.5 8.67 5.39 7.86 2.15 1.44 6.56 7.32 13.59 15.31 6.71 13.96 11.26 9.11 
12.45 15.53 14.74 4.37 0.95 3.83 10.34 8.62 1.57 15.84 15.94 0.47 10.77 12.51 7.68 13.4 4.1 5.17 1.94 8.89 9.46 0.3 2.64 10.41 
12.05 6.98 13.62 3.41 7.65 9.79 10.21 5.97 1.22 5.27 15.64 7.32 8.49 1.95 15.21 8.61 4.64 11.57 2.9 8.53 3.67 7.63 4.49 3.44 
12.51 6.18 9.45 3.54 2.74 3.4 8.37 5.26 15.56 3.81 12.43 9.58 8.06 8.76 15.23 3.19 5.03 15.9 12.28 5.63 1.18 13.85 2.27 13.74 
11.02 3.63 1.68 12.14 4.03 8.22 12.33 4.4 7.76 0.09 11.08 14.03 4.23 4.27 1.13 5.54 15.12 10.99 10.04 8.37 8.26 7.23 4.72 3.86 
1 1 1 1 1 1 1 1 1 1 1 1 1 1 1 1 1 1 1 1 1 1 1 1 
1 1 1 1 1 1 1 1 1 1 1 1 1 1 1 1 1 1 1 1 1 1 1 1 
1 1 1 1 1 1 1 1 1 1 1 1 1 1 1 1 1 1 1 1 1 1 1 1 
1 1 1 1 1 1 1 1 1 1 1 1 1 1 1 1 1 1 1 1 1 1 1 1 
1 1 1 1 1 1 1 1 1 1 1 1 1 1 1 1 1 1 1 1 1 1 1 1 
1 1 1 1 1 1 1 1 1 1 1 1 1 1 1 1 1 1 1 1 1 1 1 1 
1 1 1 1 1 1 1 1 1 1 1 1 1 1 1 1 1 1 1 1 1 1 1 1 
1 1 1 1 1 1 1 1 1 1 1 1 1 1 1 1 1 1 1 1 1 1 1 1 
1 1 1 1 1 1 1 1 1 1 1 1 1 1 1 1 1 1 1 1 1 1 1 1 
1 1 1 1 1 1 1 1 1 1 1 1 1 1 1 1 1 1 1 1 1 1 1 1 
1 1 1 1 1 1 1 1 1 1 1 1 1 1 1 1 1 1 1 1 1 1 1 1 
1 1 1 1 1 1 1 1 1 1 1 1 1 1 1 1 1 1 1 1 1 1 1 1 
0.01 0.01 0.01 0.01 0.01 0.01 0.01 0.01 0.01 0.01 0.01 0.01 0.01 0.01 0.01 0.01 0.01 0.01 0.01 0.01 0.01 0.01 0.01 0.01 
0.02 0.02 0.02 0.02 0.02 0.02 0.02 0.02 0.02 0.02 0.02 0.02 0.02 0.02 0.02 0.02 0.02 0.02 0.02 0.02 0.02 0.02 0.02 0.02 
0.03 0.03 0.03 0.03 0.03 0.03 0.03 0.03 0.03 0.03 0.03 0.03 0.03 0.03 0.03 0.03 0.03 0.03 0.03 0.03 0.03 0.03 0.03 0.03 
0.04 0.04 0.04 0.04 0.04 0.04 0.04 0.04 0.04 0.04 0.04 0.04 0.04 0.04 0.04 0.04 0.04 0.04 0.04 0.04 0.04 0.04 0.04 0.04 
0.125 0.125 0.125 0.125 0.125 0.125 0.125 0.125 0.125 0.125 0.125 0.125 0.125 0.125 0.125 0.125 0.125 0.125 0.125 0.125 0.125 0.125 0.125 0.125 
0.25 0.25 0.25 0.25 0.25 0.25 0.25 0.25 0.25 0.25 0.25 0.25 0.25 0.25 0.25 0.25 0.25 0.25 0.25 0.25 0.25 0.25 0.25 0.25 
0.375 0.375 0.375 0.375 0.375 0.375 0.375 0.375 0.375 0.375 0.375 0.375 0.375 0.375 0.375 0.375 0.375 0.375 0.375 0.375 0.375 0.375 0.375 0.375 
0.5 0.5 0.5 0.5 0.5 0.5 0.5 0.5 0.5 0.5 0.5 0.5 0.5 0.5 0.5 0.5 0.5 0.5 0.5 0.5 0.5 0.5 0.5 0.5 
0.625 0.625 0.625 0.625 0.625 0.625 0.625 0.625 0.625 0.625 0.625 0.625 0.625 0.625 0.625 0.625 0.625 0.625 0.625 0.625 0.625 0.625 0.625 0.625 
0.75 0.75 0.75 0.75 0.75 0.75 0.75 0.75 0.75 0.75 0.75 0.75 0.75 0.75 0.75 0.75 0.75 0.75 0.75 0.75 0.75 0.75 0.75 0.75 
0.875 0.875 0.875 0.875 0.875 0.875 0.875 0.875 0.875 0.875 0.875 0.875 0.875 0.875 0.875 0.875 0.875 0.875 0.875 0.875 0.875 0.875 0.875 0.875 
1 1 1 1 1 1 1 1 1 1 1 1 1 1 1 1 1 1 1 1 1 1 1 1 
