6 16 2 10
18 15 1 1 6 10 2 17 11 4 13 16 2 14 2 3 
4.55 6.95 9.67 3.67 6.33 12.73 3.83 2.5 0.94 4.45 12.63 16 14.89 7.02 5.08 3.35 
15.15 13.06 2.87 9.93 7.64 8.94 8.76 11.17 15.68 3.22 4.18 8.32 13.72 3.33 4.04 15.77 
8 8 8 8 8 8 8 8 8 8 8 8 8 8 8 8 
3.46 6.24 1.13 13.04 3.82 15.6 0.95 2.42 14.25 7.47 0.01 9.74 13.65 6.42 9.31 6.58 
1.98 7.38 6 8.65 8.52 6.86 10.56 12.07 6.46 7.08 2.87 5.69 3.5 7.43 7.76 2.48 
9.15 15.35 14.82 2.34 2.06 9.67 4.58 5.1 7.72 12.69 12.14 8.82 5.86 3.52 7.17 3.69 
1 1 1 1 1 1 1 1 1 1 1 1 1 1 1 1 
1 1 1 1 1 1 1 1 1 1 1 1 1 1 1 1 
1 1 1 1 1 1 1 1 1 1 1 1 1 1 1 1 
1 1 1 1 1 1 1 1 1 1 1 1 1 1 1 1 
1 1 1 1 1 1 1 1 1 1 1 1 1 1 1 1 
1 1 1 1 1 1 1 1 1 1 1 1 1 1 1 1 
0.01 0.01 0.01 0.01 0.01 0.01 0.01 0.01 0.01 0.01 0.01 0.01 0.01 0.01 0.01 0.01 
0.02 0.02 0.02 0.02 0.02 0.02 0.02 0.02 0.02 0.02 0.02 0.02 0.02 0.02 0.02 0.02 
0.03 0.03 0.03 0.03 0.03 0.03 0.03 0.03 0.03 0.03 0.03 0.03 0.03 0.03 0.03 0.03 
0.333333 0.333333 0.333333 0.333333 0.333333 0.333333 0.333333 0.333333 0.333333 0.333333 0.333333 0.333333 0.333333 0.333333 0.333333 0.333333 
0.666667 0.666667 0.666667 0.666667 0.666667 0.666667 0.666667 0.666667 0.666667 0.666667 0.666667 0.666667 0.666667 0.666667 0.666667 0.666667 
1 1 1 1 1 1 1 1 1 1 1 1 1 1 1 1 
