6 48 4 10
7 5 7 7 20 15 12 13 1 4 10 18 16 2 9 19 4 8 15 8 13 6 10 10 18 6 1 13 3 10 17 3 4 1 2 10 13 3 16 7 19 16 6 16 9 14 17 1 
8.29 0.52 6.9 9.99 10.38 6.91 15.09 6.47 0.07 9.77 6.56 9.99 14.09 10.15 11.65 4.65 6.86 11.91 10.25 9.1 10.66 12.42 14.08 13.98 6.37 14.59 10.49 3.98 12.29 11.78 15.17 15.66 8.14 2.86 12.42 14.22 12.92 11.7 3.91 6.01 9.26 10.31 5.15 4.33 1.99 13.71 11.75 15.36 
13.69 3.54 8.48 2.18 6.08 8.6 13.08 8.81 10.38 5.06 9.2 9.24 2.88 10.62 2.22 6.65 0.28 15.2 3.01 3.72 5.42 8.38 8.24 0.56 6.9 0.33 2.69 8.08 14.9 6.83 3.06 11.03 0.17 4.43 0.72 0.84 5.84 14.76 7.01 10.03 12.8 7 14.04 6.46 7.5 10.96 2.03 10.12 
0.17 6.53 14.62 11.05 7.7 11.83 2.23 9.41 9.79 13.6 4.55 4.74 4.59 15.32 5.15 14.65 3.66 13.57 11.52 11.62 13.05 0.3 11.02 9.34 14.75 11.83 13.58 4.56 13.16 9.86 8.22 12.25 8.3 6.86 6.46 7.57 15.88 9.42 4.09 15.81 9.64 15.62 11.63 6.61 11.01 13.41 0.28 12.26 
0.9 1.6 1.25 14.36 12.2 5.37 3.17 8.3 12.39 7.5 9.49 4.13 13.35 7.4 2.36 8.67 5.89 3.46 9 12.11 10.8 11.13 15.09 10.3 2.65 1.26 11.63 13.27 8.38 15.32 2.38 11.03 5.78 14.91 9.3 9.15 12.88 3.33 0.52 6.58 8.23 4.01 14.16 3.64 6.05 15.46 3.34 3.53 
8 8 8 8 8 8 8 8 8 8 8 8 8 8 8 8 8 8 8 8 8 8 8 8 8 8 8 8 8 8 8 8 8 8 8 8 8 8 8 8 8 8 8 8 8 8 8 8 
2.09 12.43 11.62 13.79 1.78 6.44 11.3 6.17 9.62 8.75 10.82 11.29 14.86 8.05 5.54 0.97 5.64 5.19 12.13 6.09 3.71 2.62 6.93 4.66 14.67 12.59 5.64 2.3 6.67 6.97 14.39 5.04 1.18 11.8 11.87 7.28 14.91 2 7.06 15.4 11.56 0.52 10.62 4.03 12.63 3.36 15.83 1.53 
1 1 1 1 1 1 1 1 1 1 1 1 1 1 1 1 1 1 1 1 1 1 1 1 1 1 1 1 1 1 1 1 1 1 1 1 1 1 1 1 1 1 1 1 1 1 1 1 
1 1 1 1 1 1 1 1 1 1 1 1 1 1 1 1 1 1 1 1 1 1 1 1 1 1 1 1 1 1 1 1 1 1 1 1 1 1 1 1 1 1 1 1 1 1 1 1 
1 1 1 1 1 1 1 1 1 1 1 1 1 1 1 1 1 1 1 1 1 1 1 1 1 1 1 1 1 1 1 1 1 1 1 1 1 1 1 1 1 1 1 1 1 1 1 1 
1 1 1 1 1 1 1 1 1 1 1 1 1 1 1 1 1 1 1 1 1 1 1 1 1 1 1 1 1 1 1 1 1 1 1 1 1 1 1 1 1 1 1 1 1 1 1 1 
1 1 1 1 1 1 1 1 1 1 1 1 1 1 1 1 1 1 1 1 1 1 1 1 1 1 1 1 1 1 1 1 1 1 1 1 1 1 1 1 1 1 1 1 1 1 1 1 
1 1 1 1 1 1 1 1 1 1 1 1 1 1 1 1 1 1 1 1 1 1 1 1 1 1 1 1 1 1 1 1 1 1 1 1 1 1 1 1 1 1 1 1 1 1 1 1 
0.01 0.01 0.01 0.01 0.01 0.01 0.01 0.01 0.01 0.01 0.01 0.01 0.01 0.01 0.01 0.01 0.01 0.01 0.01 0.01 0.01 0.01 0.01 0.01 0.01 0.01 0.01 0.01 0.01 0.01 0.01 0.01 0.01 0.01 0.01 0.01 0.01 0.01 0.01 0.01 0.01 0.01 0.01 0.01 0.01 0.01 0.01 0.01 
0.02 0.02 0.02 0.02 0.02 0.02 0.02 0.02 0.02 0.02 0.02 0.02 0.02 0.02 0.02 0.02 0.02 0.02 0.02 0.02 0.02 0.02 0.02 0.02 0.02 0.02 0.02 0.02 0.02 0.02 0.02 0.02 0.02 0.02 0.02 0.02 0.02 0.02 0.02 0.02 0.02 0.02 0.02 0.02 0.02 0.02 0.02 0.02 
0.03 0.03 0.03 0.03 0.03 0.03 0.03 0.03 0.03 0.03 0.03 0.03 0.03 0.03 0.03 0.03 0.03 0.03 0.03 0.03 0.03 0.03 0.03 0.03 0.03 0.03 0.03 0.03 0.03 0.03 0.03 0.03 0.03 0.03 0.03 0.03 0.03 0.03 0.03 0.03 0.03 0.03 0.03 0.03 0.03 0.03 0.03 0.03 
0.04 0.04 0.04 0.04 0.04 0.04 0.04 0.04 0.04 0.04 0.04 0.04 0.04 0.04 0.04 0.04 0.04 0.04 0.04 0.04 0.04 0.04 0.04 0.04 0.04 0.04 0.04 0.04 0.04 0.04 0.04 0.04 0.04 0.04 0.04 0.04 0.04 0.04 0.04 0.04 0.04 0.04 0.04 0.04 0.04 0.04 0.04 0.04 
0.05 0.05 0.05 0.05 0.05 0.05 0.05 0.05 0.05 0.05 0.05 0.05 0.05 0.05 0.05 0.05 0.05 0.05 0.05 0.05 0.05 0.05 0.05 0.05 0.05 0.05 0.05 0.05 0.05 0.05 0.05 0.05 0.05 0.05 0.05 0.05 0.05 0.05 0.05 0.05 0.05 0.05 0.05 0.05 0.05 0.05 0.05 0.05 
1 1 1 1 1 1 1 1 1 1 1 1 1 1 1 1 1 1 1 1 1 1 1 1 1 1 1 1 1 1 1 1 1 1 1 1 1 1 1 1 1 1 1 1 1 1 1 1 
