12 40 9 10
10 20 15 4 7 14 20 18 16 16 14 14 2 10 17 18 13 3 6 1 4 9 6 15 15 17 3 11 2 7 15 5 14 3 6 11 16 6 12 12 
14.81 9.28 2.74 9.86 12.13 13.71 15.43 10.22 2.23 3.23 11.04 8.27 13.24 8.77 7.27 15.21 0.24 3.62 9.61 10.22 0.09 3.47 7.62 3.3 7.25 11.69 2.52 13.29 10.37 10.81 0.95 0.02 8.92 1.49 12.25 14.68 14.89 8.05 7.84 0.36 
1.58 8.49 14.37 1.13 8.66 9.3 0.59 6.96 7.22 3.69 5.61 11.57 3.41 9.85 14.82 7.43 7.92 11.43 9.43 14.66 15.72 7.88 9.54 11.17 11.6 14.2 3.02 9.23 12.7 7.84 15.72 15.57 9.35 11.06 5.29 2.33 9.18 5.65 15.5 0.72 
8.86 1.18 13.89 10.75 1.72 14.57 2.61 11.25 6.19 5.99 11.28 0.62 4.35 7.15 8 5.38 8.87 8.28 8.74 10.52 4.21 13.98 7.44 9 9.25 2 9.09 11.28 13.81 12.61 2.47 2.11 4.31 0.47 6.27 11.25 9.19 3.03 0.22 12.78 
11.47 0.3 5.91 10.95 10.55 0.15 11.26 6.68 7.75 14.66 2.68 13.56 10.3 8.11 10.66 1.34 8.21 13.89 3.19 6.62 4.09 4.56 11.66 7.41 0.05 0.89 0.33 1.08 4.31 5.54 11.7 8.9 11.1 5.46 13.31 15.1 10.69 5.76 13.54 10.93 
14.74 3.21 1.86 6.64 10.14 2.64 9.68 4.46 3.4 3.67 7.05 6.57 1.27 6.25 12.47 9.78 10.85 9.58 1.46 7.03 14.64 9.1 2.82 6.03 2.64 1.44 14.57 12.72 6.11 13.17 7.7 6.01 11.61 2.01 0.36 15.4 11.57 0.69 14.12 4.09 
13.91 10.88 7.26 9.44 2.02 1.29 9.37 5.51 1.78 1.35 3.22 1.18 6.8 11.6 10.01 7.71 1.14 8.98 4.34 13.89 15.04 12 7.1 14.64 13.27 12.4 7.38 3.34 6.65 10.72 7 14.76 7.15 5.15 2.89 1.23 1.56 12.95 7.43 12.2 
9.54 3.29 6.33 1.3 11.69 13.41 10.59 2.16 1.86 8.89 13.18 14.68 6.86 13.07 13.5 8.61 8.39 10.92 6.66 10.58 0.68 2.37 13.21 1.21 2.17 6.53 6.46 2.14 4.87 8.04 5.2 14.77 7.85 11.55 1.91 11.55 15.45 13.8 15.01 4.14 
8.83 7.57 13.31 11.46 0.57 7.79 5.88 6.2 6.07 12.59 12.89 10.59 10.45 9.72 0.05 15.15 6.8 2.07 13.2 15.76 12.11 10.83 14.23 8.51 5.77 0.18 15.08 10.46 10.27 9.23 14.84 7.27 14.65 2.03 15.78 11.63 6.18 6.97 8.25 14.95 
7.58 15.72 4.29 6.51 13.87 15.37 9.17 9.65 1.77 8.65 13.97 2.09 9.17 14.2 0.03 11.02 0.38 3.29 13.76 8.72 14.47 15.06 2.77 3.2 0.2 5.78 9.08 4.36 14.36 7.59 4.99 13.23 15.28 13.28 5.33 10.73 5.99 9.01 11.91 3.5 
8 8 8 8 8 8 8 8 8 8 8 8 8 8 8 8 8 8 8 8 8 8 8 8 8 8 8 8 8 8 8 8 8 8 8 8 8 8 8 8 
13.71 5.33 6.92 10.76 0.01 6.8 11.74 10.18 8.74 4.54 1.72 7.19 14.14 0.86 7.72 6.86 8.61 12.9 5.84 8.4 9.87 14.44 12.29 7.36 7.23 5.52 4.35 5.1 9.02 7.15 12.84 11.74 2.35 9.36 0.6 6.42 1.62 4.72 13.46 9.3 
11.04 10.11 15.57 11.2 3.96 15.77 8.28 1.26 0.6 11.79 12.41 2.49 5.65 9.07 11.6 6.38 2.79 6.08 6.08 5.62 0.13 3.98 13.22 0.76 1.13 11.68 15.79 15.12 1.97 2.35 7.88 7.11 10.9 13.59 14.39 12.28 11.03 12.99 10.89 4.23 
1 1 1 1 1 1 1 1 1 1 1 1 1 1 1 1 1 1 1 1 1 1 1 1 1 1 1 1 1 1 1 1 1 1 1 1 1 1 1 1 
1 1 1 1 1 1 1 1 1 1 1 1 1 1 1 1 1 1 1 1 1 1 1 1 1 1 1 1 1 1 1 1 1 1 1 1 1 1 1 1 
1 1 1 1 1 1 1 1 1 1 1 1 1 1 1 1 1 1 1 1 1 1 1 1 1 1 1 1 1 1 1 1 1 1 1 1 1 1 1 1 
1 1 1 1 1 1 1 1 1 1 1 1 1 1 1 1 1 1 1 1 1 1 1 1 1 1 1 1 1 1 1 1 1 1 1 1 1 1 1 1 
1 1 1 1 1 1 1 1 1 1 1 1 1 1 1 1 1 1 1 1 1 1 1 1 1 1 1 1 1 1 1 1 1 1 1 1 1 1 1 1 
1 1 1 1 1 1 1 1 1 1 1 1 1 1 1 1 1 1 1 1 1 1 1 1 1 1 1 1 1 1 1 1 1 1 1 1 1 1 1 1 
1 1 1 1 1 1 1 1 1 1 1 1 1 1 1 1 1 1 1 1 1 1 1 1 1 1 1 1 1 1 1 1 1 1 1 1 1 1 1 1 
1 1 1 1 1 1 1 1 1 1 1 1 1 1 1 1 1 1 1 1 1 1 1 1 1 1 1 1 1 1 1 1 1 1 1 1 1 1 1 1 
1 1 1 1 1 1 1 1 1 1 1 1 1 1 1 1 1 1 1 1 1 1 1 1 1 1 1 1 1 1 1 1 1 1 1 1 1 1 1 1 
1 1 1 1 1 1 1 1 1 1 1 1 1 1 1 1 1 1 1 1 1 1 1 1 1 1 1 1 1 1 1 1 1 1 1 1 1 1 1 1 
1 1 1 1 1 1 1 1 1 1 1 1 1 1 1 1 1 1 1 1 1 1 1 1 1 1 1 1 1 1 1 1 1 1 1 1 1 1 1 1 
1 1 1 1 1 1 1 1 1 1 1 1 1 1 1 1 1 1 1 1 1 1 1 1 1 1 1 1 1 1 1 1 1 1 1 1 1 1 1 1 
0.01 0.01 0.01 0.01 0.01 0.01 0.01 0.01 0.01 0.01 0.01 0.01 0.01 0.01 0.01 0.01 0.01 0.01 0.01 0.01 0.01 0.01 0.01 0.01 0.01 0.01 0.01 0.01 0.01 0.01 0.01 0.01 0.01 0.01 0.01 0.01 0.01 0.01 0.01 0.01 
0.02 0.02 0.02 0.02 0.02 0.02 0.02 0.02 0.02 0.02 0.02 0.02 0.02 0.02 0.02 0.02 0.02 0.02 0.02 0.02 0.02 0.02 0.02 0.02 0.02 0.02 0.02 0.02 0.02 0.02 0.02 0.02 0.02 0.02 0.02 0.02 0.02 0.02 0.02 0.02 
0.03 0.03 0.03 0.03 0.03 0.03 0.03 0.03 0.03 0.03 0.03 0.03 0.03 0.03 0.03 0.03 0.03 0.03 0.03 0.03 0.03 0.03 0.03 0.03 0.03 0.03 0.03 0.03 0.03 0.03 0.03 0.03 0.03 0.03 0.03 0.03 0.03 0.03 0.03 0.03 
0.04 0.04 0.04 0.04 0.04 0.04 0.04 0.04 0.04 0.04 0.04 0.04 0.04 0.04 0.04 0.04 0.04 0.04 0.04 0.04 0.04 0.04 0.04 0.04 0.04 0.04 0.04 0.04 0.04 0.04 0.04 0.04 0.04 0.04 0.04 0.04 0.04 0.04 0.04 0.04 
0.05 0.05 0.05 0.05 0.05 0.05 0.05 0.05 0.05 0.05 0.05 0.05 0.05 0.05 0.05 0.05 0.05 0.05 0.05 0.05 0.05 0.05 0.05 0.05 0.05 0.05 0.05 0.05 0.05 0.05 0.05 0.05 0.05 0.05 0.05 0.05 0.05 0.05 0.05 0.05 
0.06 0.06 0.06 0.06 0.06 0.06 0.06 0.06 0.06 0.06 0.06 0.06 0.06 0.06 0.06 0.06 0.06 0.06 0.06 0.06 0.06 0.06 0.06 0.06 0.06 0.06 0.06 0.06 0.06 0.06 0.06 0.06 0.06 0.06 0.06 0.06 0.06 0.06 0.06 0.06 
0.07 0.07 0.07 0.07 0.07 0.07 0.07 0.07 0.07 0.07 0.07 0.07 0.07 0.07 0.07 0.07 0.07 0.07 0.07 0.07 0.07 0.07 0.07 0.07 0.07 0.07 0.07 0.07 0.07 0.07 0.07 0.07 0.07 0.07 0.07 0.07 0.07 0.07 0.07 0.07 
0.08 0.08 0.08 0.08 0.08 0.08 0.08 0.08 0.08 0.08 0.08 0.08 0.08 0.08 0.08 0.08 0.08 0.08 0.08 0.08 0.08 0.08 0.08 0.08 0.08 0.08 0.08 0.08 0.08 0.08 0.08 0.08 0.08 0.08 0.08 0.08 0.08 0.08 0.08 0.08 
0.09 0.09 0.09 0.09 0.09 0.09 0.09 0.09 0.09 0.09 0.09 0.09 0.09 0.09 0.09 0.09 0.09 0.09 0.09 0.09 0.09 0.09 0.09 0.09 0.09 0.09 0.09 0.09 0.09 0.09 0.09 0.09 0.09 0.09 0.09 0.09 0.09 0.09 0.09 0.09 
0.1 0.1 0.1 0.1 0.1 0.1 0.1 0.1 0.1 0.1 0.1 0.1 0.1 0.1 0.1 0.1 0.1 0.1 0.1 0.1 0.1 0.1 0.1 0.1 0.1 0.1 0.1 0.1 0.1 0.1 0.1 0.1 0.1 0.1 0.1 0.1 0.1 0.1 0.1 0.1 
0.5 0.5 0.5 0.5 0.5 0.5 0.5 0.5 0.5 0.5 0.5 0.5 0.5 0.5 0.5 0.5 0.5 0.5 0.5 0.5 0.5 0.5 0.5 0.5 0.5 0.5 0.5 0.5 0.5 0.5 0.5 0.5 0.5 0.5 0.5 0.5 0.5 0.5 0.5 0.5 
1 1 1 1 1 1 1 1 1 1 1 1 1 1 1 1 1 1 1 1 1 1 1 1 1 1 1 1 1 1 1 1 1 1 1 1 1 1 1 1 
