12 48 3 10
8 15 6 14 14 20 11 8 3 9 9 1 7 17 18 11 13 14 4 12 4 20 19 9 15 5 16 20 19 6 3 19 20 13 15 4 16 5 14 14 6 18 5 2 8 11 18 18 
4.43 4.95 9.78 12.4 10.57 9.54 2.13 12.03 15.74 4.93 5.88 7.18 11.01 3.16 4.94 4.7 0.74 11.85 8.02 5.78 11.92 15.92 12.75 2.81 12.63 2.22 11.86 8.21 2.17 5.89 12.99 9.22 14.34 8.56 0.1 3.9 3.11 4.11 6.32 9.54 13.04 15.41 13.32 10.41 11.6 6.64 3.81 14.25 
5.09 12.42 5.45 12.28 14.34 3.38 15.94 2.41 5.72 9.98 7.59 10.99 7.24 10.75 9.38 12.36 0.14 5.82 6.41 14.85 10.91 5.08 15.21 6.94 14.28 9.94 13.33 12.26 11.77 2.28 13.53 11.06 0.5 4.2 14.47 8.83 0.93 1.73 4.06 13.86 1.23 6.46 5.37 9.08 10.5 5.57 5.15 5.63 
11.13 14.04 11.41 0.61 3.3 4.48 2.25 11.98 6.66 5.44 3.92 11.65 6.21 2.86 10.06 13.94 12.32 4.98 2.73 14.77 15.54 12.37 0.97 8.26 7.02 13.66 15.86 11.15 11.95 10.9 8.65 12.63 9.94 8.33 0.67 12.09 7.28 8.35 5.35 3.99 5.93 13.97 13.94 0.67 8.09 6.25 13.57 15.77 
8 8 8 8 8 8 8 8 8 8 8 8 8 8 8 8 8 8 8 8 8 8 8 8 8 8 8 8 8 8 8 8 8 8 8 8 8 8 8 8 8 8 8 8 8 8 8 8 
0.15 3.23 10.64 0.87 2.07 12.03 0.02 2.08 3.68 8.59 13.21 11.02 1.61 15.56 9.92 13.02 13.15 11.72 14.17 5.73 6.08 0.28 1.64 5.73 12.41 6.68 12.23 13.43 2.83 5.6 2.51 7.75 5.12 12.99 11.83 2.47 0.07 5.07 12.22 7.54 13.62 9.33 13.43 1.42 5.16 9.76 9.84 6.28 
5.04 10.62 3.98 6.75 0.2 14.31 10.5 2.47 13.48 2.89 1.45 8.39 15.72 3.44 15.96 9.84 6.01 11.09 15.99 5.47 0.93 0.2 10.49 9.41 11.74 9.35 0.64 13.34 6.69 11.23 6.21 11.04 11 15.95 11.45 14.74 2.83 10.54 4.17 4.56 12.95 12.89 1.98 9.67 11.03 1.11 8.77 5.03 
4.07 0.67 2.08 6.72 8.34 10.33 7.95 13.38 12.21 10.69 13.67 9.64 2.37 14.34 0.16 1.35 13.37 5.45 5.32 14.79 4.4 10.83 13.53 2.03 13.91 5.79 8.83 15.9 15.19 7.1 3.07 14.09 4.18 7.32 11.7 7.69 7.02 11.8 8.7 11.44 12.58 2.81 8.65 6.01 13.02 1.95 2.96 3.02 
0.83 14.13 15.45 1.61 6.96 3.13 8.7 11.47 8.97 6.44 5.04 2.17 4.23 6.6 15.38 0.78 7.33 5.31 7.4 10.09 8.95 13.16 10.14 4.85 4.93 2.8 12.96 15.68 13.93 8.9 13.17 15.52 5.71 4.08 13.45 14.3 8.94 0.64 9.71 2.12 14.55 1.79 14.99 3.19 5.59 2.08 5.63 9.1 
9.8 9.4 6.22 1.57 10.06 3.59 13.74 6.65 4.21 13.57 10.03 14.73 5.37 14.29 8.11 5.07 14.49 11.6 0.87 9 8.57 10.22 15.6 4.56 12.46 1.12 6.05 11.94 3.99 11.12 3.93 6.93 6.39 10.15 7.82 6.26 10.8 4.57 5.35 5.77 4.24 3.14 8.79 2.55 1.1 15.2 4.4 10.87 
11.67 9.83 4.64 3.73 1.96 10.23 4.95 6.79 8.6 5.28 15.35 3.54 8.61 8.37 3.87 8.15 3.79 15.25 14.68 12.97 10.81 12.57 1.02 4.14 9.51 10.08 14.4 7.91 1.2 15.73 4.99 1.4 9.94 14.7 14.54 8.37 13.54 2.65 2.32 7.81 3.37 2.71 6.92 4.9 7.39 1.43 15 8.16 
7.81 0.33 8.36 4.46 13.48 5.48 15.24 0 5.32 12.35 7.34 1.34 15.99 4.38 7.06 12.19 15.46 10.92 2.95 7.81 5.05 10.01 4.79 6.81 6.15 7.67 5.04 4.73 6.24 5.62 7.41 13.85 8.15 8.93 8.71 6.61 2.46 13.45 8.7 2.32 15.37 12.61 14.55 4.64 11.47 3.24 1.31 2.95 
1.34 5.86 11.14 7.82 13.91 12.05 13.14 0.24 2.74 5.2 4.36 3.5 15.55 10.31 9.62 1.12 10.53 5.92 10.9 15.07 4.41 15.26 10.6 15.06 6.18 9.24 13.6 4.41 4.95 2.26 6.8 2.89 8.38 7.87 14.19 2.82 4.87 7.35 0.74 3.36 4.62 1.83 5.6 8.44 7.25 4.8 11.77 14.42 
1 1 1 1 1 1 1 1 1 1 1 1 1 1 1 1 1 1 1 1 1 1 1 1 1 1 1 1 1 1 1 1 1 1 1 1 1 1 1 1 1 1 1 1 1 1 1 1 
1 1 1 1 1 1 1 1 1 1 1 1 1 1 1 1 1 1 1 1 1 1 1 1 1 1 1 1 1 1 1 1 1 1 1 1 1 1 1 1 1 1 1 1 1 1 1 1 
1 1 1 1 1 1 1 1 1 1 1 1 1 1 1 1 1 1 1 1 1 1 1 1 1 1 1 1 1 1 1 1 1 1 1 1 1 1 1 1 1 1 1 1 1 1 1 1 
1 1 1 1 1 1 1 1 1 1 1 1 1 1 1 1 1 1 1 1 1 1 1 1 1 1 1 1 1 1 1 1 1 1 1 1 1 1 1 1 1 1 1 1 1 1 1 1 
1 1 1 1 1 1 1 1 1 1 1 1 1 1 1 1 1 1 1 1 1 1 1 1 1 1 1 1 1 1 1 1 1 1 1 1 1 1 1 1 1 1 1 1 1 1 1 1 
1 1 1 1 1 1 1 1 1 1 1 1 1 1 1 1 1 1 1 1 1 1 1 1 1 1 1 1 1 1 1 1 1 1 1 1 1 1 1 1 1 1 1 1 1 1 1 1 
1 1 1 1 1 1 1 1 1 1 1 1 1 1 1 1 1 1 1 1 1 1 1 1 1 1 1 1 1 1 1 1 1 1 1 1 1 1 1 1 1 1 1 1 1 1 1 1 
1 1 1 1 1 1 1 1 1 1 1 1 1 1 1 1 1 1 1 1 1 1 1 1 1 1 1 1 1 1 1 1 1 1 1 1 1 1 1 1 1 1 1 1 1 1 1 1 
1 1 1 1 1 1 1 1 1 1 1 1 1 1 1 1 1 1 1 1 1 1 1 1 1 1 1 1 1 1 1 1 1 1 1 1 1 1 1 1 1 1 1 1 1 1 1 1 
1 1 1 1 1 1 1 1 1 1 1 1 1 1 1 1 1 1 1 1 1 1 1 1 1 1 1 1 1 1 1 1 1 1 1 1 1 1 1 1 1 1 1 1 1 1 1 1 
1 1 1 1 1 1 1 1 1 1 1 1 1 1 1 1 1 1 1 1 1 1 1 1 1 1 1 1 1 1 1 1 1 1 1 1 1 1 1 1 1 1 1 1 1 1 1 1 
1 1 1 1 1 1 1 1 1 1 1 1 1 1 1 1 1 1 1 1 1 1 1 1 1 1 1 1 1 1 1 1 1 1 1 1 1 1 1 1 1 1 1 1 1 1 1 1 
0.01 0.01 0.01 0.01 0.01 0.01 0.01 0.01 0.01 0.01 0.01 0.01 0.01 0.01 0.01 0.01 0.01 0.01 0.01 0.01 0.01 0.01 0.01 0.01 0.01 0.01 0.01 0.01 0.01 0.01 0.01 0.01 0.01 0.01 0.01 0.01 0.01 0.01 0.01 0.01 0.01 0.01 0.01 0.01 0.01 0.01 0.01 0.01 
0.02 0.02 0.02 0.02 0.02 0.02 0.02 0.02 0.02 0.02 0.02 0.02 0.02 0.02 0.02 0.02 0.02 0.02 0.02 0.02 0.02 0.02 0.02 0.02 0.02 0.02 0.02 0.02 0.02 0.02 0.02 0.02 0.02 0.02 0.02 0.02 0.02 0.02 0.02 0.02 0.02 0.02 0.02 0.02 0.02 0.02 0.02 0.02 
0.03 0.03 0.03 0.03 0.03 0.03 0.03 0.03 0.03 0.03 0.03 0.03 0.03 0.03 0.03 0.03 0.03 0.03 0.03 0.03 0.03 0.03 0.03 0.03 0.03 0.03 0.03 0.03 0.03 0.03 0.03 0.03 0.03 0.03 0.03 0.03 0.03 0.03 0.03 0.03 0.03 0.03 0.03 0.03 0.03 0.03 0.03 0.03 
0.04 0.04 0.04 0.04 0.04 0.04 0.04 0.04 0.04 0.04 0.04 0.04 0.04 0.04 0.04 0.04 0.04 0.04 0.04 0.04 0.04 0.04 0.04 0.04 0.04 0.04 0.04 0.04 0.04 0.04 0.04 0.04 0.04 0.04 0.04 0.04 0.04 0.04 0.04 0.04 0.04 0.04 0.04 0.04 0.04 0.04 0.04 0.04 
0.125 0.125 0.125 0.125 0.125 0.125 0.125 0.125 0.125 0.125 0.125 0.125 0.125 0.125 0.125 0.125 0.125 0.125 0.125 0.125 0.125 0.125 0.125 0.125 0.125 0.125 0.125 0.125 0.125 0.125 0.125 0.125 0.125 0.125 0.125 0.125 0.125 0.125 0.125 0.125 0.125 0.125 0.125 0.125 0.125 0.125 0.125 0.125 
0.25 0.25 0.25 0.25 0.25 0.25 0.25 0.25 0.25 0.25 0.25 0.25 0.25 0.25 0.25 0.25 0.25 0.25 0.25 0.25 0.25 0.25 0.25 0.25 0.25 0.25 0.25 0.25 0.25 0.25 0.25 0.25 0.25 0.25 0.25 0.25 0.25 0.25 0.25 0.25 0.25 0.25 0.25 0.25 0.25 0.25 0.25 0.25 
0.375 0.375 0.375 0.375 0.375 0.375 0.375 0.375 0.375 0.375 0.375 0.375 0.375 0.375 0.375 0.375 0.375 0.375 0.375 0.375 0.375 0.375 0.375 0.375 0.375 0.375 0.375 0.375 0.375 0.375 0.375 0.375 0.375 0.375 0.375 0.375 0.375 0.375 0.375 0.375 0.375 0.375 0.375 0.375 0.375 0.375 0.375 0.375 
0.5 0.5 0.5 0.5 0.5 0.5 0.5 0.5 0.5 0.5 0.5 0.5 0.5 0.5 0.5 0.5 0.5 0.5 0.5 0.5 0.5 0.5 0.5 0.5 0.5 0.5 0.5 0.5 0.5 0.5 0.5 0.5 0.5 0.5 0.5 0.5 0.5 0.5 0.5 0.5 0.5 0.5 0.5 0.5 0.5 0.5 0.5 0.5 
0.625 0.625 0.625 0.625 0.625 0.625 0.625 0.625 0.625 0.625 0.625 0.625 0.625 0.625 0.625 0.625 0.625 0.625 0.625 0.625 0.625 0.625 0.625 0.625 0.625 0.625 0.625 0.625 0.625 0.625 0.625 0.625 0.625 0.625 0.625 0.625 0.625 0.625 0.625 0.625 0.625 0.625 0.625 0.625 0.625 0.625 0.625 0.625 
0.75 0.75 0.75 0.75 0.75 0.75 0.75 0.75 0.75 0.75 0.75 0.75 0.75 0.75 0.75 0.75 0.75 0.75 0.75 0.75 0.75 0.75 0.75 0.75 0.75 0.75 0.75 0.75 0.75 0.75 0.75 0.75 0.75 0.75 0.75 0.75 0.75 0.75 0.75 0.75 0.75 0.75 0.75 0.75 0.75 0.75 0.75 0.75 
0.875 0.875 0.875 0.875 0.875 0.875 0.875 0.875 0.875 0.875 0.875 0.875 0.875 0.875 0.875 0.875 0.875 0.875 0.875 0.875 0.875 0.875 0.875 0.875 0.875 0.875 0.875 0.875 0.875 0.875 0.875 0.875 0.875 0.875 0.875 0.875 0.875 0.875 0.875 0.875 0.875 0.875 0.875 0.875 0.875 0.875 0.875 0.875 
1 1 1 1 1 1 1 1 1 1 1 1 1 1 1 1 1 1 1 1 1 1 1 1 1 1 1 1 1 1 1 1 1 1 1 1 1 1 1 1 1 1 1 1 1 1 1 1 
