12 16 3 10
18 5 14 16 16 9 2 10 10 4 19 11 18 5 8 19 
11.97 14.77 8.84 7.79 10.21 14.61 3.67 11.8 6.22 14.38 11.51 9.57 13.05 3.03 4.26 10.27 
3.25 3.48 0.33 15.64 1.39 2.03 10.73 8.51 2.36 12.94 4.88 13.83 15.57 10.92 13.91 2.74 
13.43 10.42 12.27 12.91 8.76 12.02 15.76 6.24 2.31 5.68 7.14 14.77 5.63 7.91 9.94 3.24 
8 8 8 8 8 8 8 8 8 8 8 8 8 8 8 8 
0.22 5.89 8.46 6.18 11.86 10.99 0.59 9.07 2.09 12.89 13.84 14.64 6.41 11.46 14.71 7.13 
0.33 5.02 4.52 15.3 5.8 6.64 2.23 7.55 9.28 13.02 1.36 10.25 1.55 10.17 11.46 2.47 
4.39 14.06 12.96 6.04 10.31 10.83 11.54 15.59 1.63 8.42 9.26 7.88 2.5 2.26 7.18 2.51 
3.41 11.72 7.05 6.66 15.56 10.38 6.78 14.78 13.39 7.67 3.17 10.69 2.55 3.42 10.85 15.91 
12.6 14.2 10.02 9.07 14.98 8.54 8.84 2.42 8.08 14.67 3.5 9.91 2.08 12.12 7.21 8.53 
6.39 15.71 9.94 2.1 2.23 8.02 3.29 0.97 9.07 9.52 10.84 0.95 5.55 4.82 15.79 1.27 
9.97 7.75 13.21 5.29 0.9 15.76 11.05 15.11 4.43 9.89 7.94 3.41 2.52 14.33 11.32 1.4 
9.54 0.69 7.36 2.54 2.85 12.44 4.67 12.65 4.18 4.05 0.6 9.78 9.49 6.02 9.17 9.67 
1 1 1 1 1 1 1 1 1 1 1 1 1 1 1 1 
1 1 1 1 1 1 1 1 1 1 1 1 1 1 1 1 
1 1 1 1 1 1 1 1 1 1 1 1 1 1 1 1 
1 1 1 1 1 1 1 1 1 1 1 1 1 1 1 1 
1 1 1 1 1 1 1 1 1 1 1 1 1 1 1 1 
1 1 1 1 1 1 1 1 1 1 1 1 1 1 1 1 
1 1 1 1 1 1 1 1 1 1 1 1 1 1 1 1 
1 1 1 1 1 1 1 1 1 1 1 1 1 1 1 1 
1 1 1 1 1 1 1 1 1 1 1 1 1 1 1 1 
1 1 1 1 1 1 1 1 1 1 1 1 1 1 1 1 
1 1 1 1 1 1 1 1 1 1 1 1 1 1 1 1 
1 1 1 1 1 1 1 1 1 1 1 1 1 1 1 1 
0.01 0.01 0.01 0.01 0.01 0.01 0.01 0.01 0.01 0.01 0.01 0.01 0.01 0.01 0.01 0.01 
0.02 0.02 0.02 0.02 0.02 0.02 0.02 0.02 0.02 0.02 0.02 0.02 0.02 0.02 0.02 0.02 
0.03 0.03 0.03 0.03 0.03 0.03 0.03 0.03 0.03 0.03 0.03 0.03 0.03 0.03 0.03 0.03 
0.04 0.04 0.04 0.04 0.04 0.04 0.04 0.04 0.04 0.04 0.04 0.04 0.04 0.04 0.04 0.04 
0.125 0.125 0.125 0.125 0.125 0.125 0.125 0.125 0.125 0.125 0.125 0.125 0.125 0.125 0.125 0.125 
0.25 0.25 0.25 0.25 0.25 0.25 0.25 0.25 0.25 0.25 0.25 0.25 0.25 0.25 0.25 0.25 
0.375 0.375 0.375 0.375 0.375 0.375 0.375 0.375 0.375 0.375 0.375 0.375 0.375 0.375 0.375 0.375 
0.5 0.5 0.5 0.5 0.5 0.5 0.5 0.5 0.5 0.5 0.5 0.5 0.5 0.5 0.5 0.5 
0.625 0.625 0.625 0.625 0.625 0.625 0.625 0.625 0.625 0.625 0.625 0.625 0.625 0.625 0.625 0.625 
0.75 0.75 0.75 0.75 0.75 0.75 0.75 0.75 0.75 0.75 0.75 0.75 0.75 0.75 0.75 0.75 
0.875 0.875 0.875 0.875 0.875 0.875 0.875 0.875 0.875 0.875 0.875 0.875 0.875 0.875 0.875 0.875 
1 1 1 1 1 1 1 1 1 1 1 1 1 1 1 1 
