12 32 9 10
19 17 11 13 14 2 7 4 13 13 12 16 17 13 8 17 11 10 5 5 10 9 12 3 14 18 7 8 11 2 4 7 
5.69 5.86 11.16 15.89 6.79 2.98 1.9 5.38 11.91 8.95 13.75 5.79 7.24 11.39 10.17 10.96 11.24 9.97 5.26 0.99 1.16 15.22 0.58 4.39 13.95 2.52 5.94 3.05 12.43 2.14 15.1 10.11 
12.27 12.41 13.6 11.16 3.79 2.17 12.22 6.53 7.34 5.28 11.4 13.34 13.09 14.38 10.54 7.72 8.88 1.21 3.49 1.96 11.21 5.65 14.16 8.13 4.25 12.69 6.27 5.48 5.86 0.38 9.54 8.19 
9.31 15.98 12.91 7.97 14.6 1.31 5.29 3.14 0.35 10.92 8.75 15.39 0.39 6.39 15.59 13.74 6.9 13.3 2.82 0.6 0.78 1.95 12.24 2.61 0.95 14.1 11.75 2.45 3.73 5.89 6.46 15.9 
5.35 11.38 9.87 1.45 3.26 15.07 2.65 9.34 14.96 8.82 10.69 11.93 13.22 13.56 3.9 5.97 4.42 15.06 13.52 7.46 6.56 6.96 9.15 15.09 7.07 10.62 11.48 0.04 8.63 12.43 4.66 7.25 
3.92 4.06 15.74 5.02 8.86 15.45 0.16 9.22 9.27 10.56 15.57 7.89 4.77 11.26 5.08 1.45 14.61 3.02 5.29 9.72 11.54 4.21 8.35 3.91 8.3 9.05 5.93 3.74 2.41 11.97 2.46 12.73 
3.44 12.86 15.3 5.51 13.57 4.42 9.47 10.57 14.92 13.82 10.21 16 0.71 6.67 2.43 1.89 15.86 0.18 6.3 11.72 8.46 2.45 4.18 15.15 5.24 9.95 14.89 11.1 5.21 9.51 1.47 13.78 
10.12 9.41 15.36 8.45 12.84 7.77 4.1 5.13 5.12 4.33 9.9 7.81 5.62 11.85 7.17 14.14 5.57 4.85 10.86 11.91 12.84 9.82 2.43 15.9 4.62 11.9 1.23 10.67 11.42 12.2 1.25 14.89 
10.24 15.05 7.78 0.04 13.42 13.18 13.39 15.96 10.71 0.9 9.76 13.61 9.83 12.12 7.23 6.34 1.9 9.63 0.18 11.79 5.38 9.36 1.99 14.03 12.23 8.83 2.32 15.57 2.1 15.83 2.77 11.95 
8.8 11.9 5.91 7.44 7.06 8.35 12.93 15.75 2.87 13.31 10.4 3.7 13.96 13.75 8.9 13.59 2.91 0.58 11.9 11.78 15.35 0.69 0.71 3.41 12.84 6.72 3.28 10.16 7.74 5.46 2.03 12.11 
8 8 8 8 8 8 8 8 8 8 8 8 8 8 8 8 8 8 8 8 8 8 8 8 8 8 8 8 8 8 8 8 
14.79 0.47 12.29 1 0.45 13.41 9.66 9.74 2.12 15.57 2.74 14.44 12.79 6.25 11.72 7.15 11.65 5.23 6.81 5.85 15.23 12.59 10.67 8.79 11.25 7.53 5.32 10.34 2.45 6.45 14.47 6.9 
1.51 15.99 9.65 0.17 5.7 6.56 15.41 8.4 6.77 2.92 6.13 2.21 0.61 13.88 15.31 3.3 12.39 13.9 11.98 0.31 3.72 12.14 12.4 13.93 4.98 2.4 14.34 6.28 8.34 11.25 15.03 7.54 
1 1 1 1 1 1 1 1 1 1 1 1 1 1 1 1 1 1 1 1 1 1 1 1 1 1 1 1 1 1 1 1 
1 1 1 1 1 1 1 1 1 1 1 1 1 1 1 1 1 1 1 1 1 1 1 1 1 1 1 1 1 1 1 1 
1 1 1 1 1 1 1 1 1 1 1 1 1 1 1 1 1 1 1 1 1 1 1 1 1 1 1 1 1 1 1 1 
1 1 1 1 1 1 1 1 1 1 1 1 1 1 1 1 1 1 1 1 1 1 1 1 1 1 1 1 1 1 1 1 
1 1 1 1 1 1 1 1 1 1 1 1 1 1 1 1 1 1 1 1 1 1 1 1 1 1 1 1 1 1 1 1 
1 1 1 1 1 1 1 1 1 1 1 1 1 1 1 1 1 1 1 1 1 1 1 1 1 1 1 1 1 1 1 1 
1 1 1 1 1 1 1 1 1 1 1 1 1 1 1 1 1 1 1 1 1 1 1 1 1 1 1 1 1 1 1 1 
1 1 1 1 1 1 1 1 1 1 1 1 1 1 1 1 1 1 1 1 1 1 1 1 1 1 1 1 1 1 1 1 
1 1 1 1 1 1 1 1 1 1 1 1 1 1 1 1 1 1 1 1 1 1 1 1 1 1 1 1 1 1 1 1 
1 1 1 1 1 1 1 1 1 1 1 1 1 1 1 1 1 1 1 1 1 1 1 1 1 1 1 1 1 1 1 1 
1 1 1 1 1 1 1 1 1 1 1 1 1 1 1 1 1 1 1 1 1 1 1 1 1 1 1 1 1 1 1 1 
1 1 1 1 1 1 1 1 1 1 1 1 1 1 1 1 1 1 1 1 1 1 1 1 1 1 1 1 1 1 1 1 
0.01 0.01 0.01 0.01 0.01 0.01 0.01 0.01 0.01 0.01 0.01 0.01 0.01 0.01 0.01 0.01 0.01 0.01 0.01 0.01 0.01 0.01 0.01 0.01 0.01 0.01 0.01 0.01 0.01 0.01 0.01 0.01 
0.02 0.02 0.02 0.02 0.02 0.02 0.02 0.02 0.02 0.02 0.02 0.02 0.02 0.02 0.02 0.02 0.02 0.02 0.02 0.02 0.02 0.02 0.02 0.02 0.02 0.02 0.02 0.02 0.02 0.02 0.02 0.02 
0.03 0.03 0.03 0.03 0.03 0.03 0.03 0.03 0.03 0.03 0.03 0.03 0.03 0.03 0.03 0.03 0.03 0.03 0.03 0.03 0.03 0.03 0.03 0.03 0.03 0.03 0.03 0.03 0.03 0.03 0.03 0.03 
0.04 0.04 0.04 0.04 0.04 0.04 0.04 0.04 0.04 0.04 0.04 0.04 0.04 0.04 0.04 0.04 0.04 0.04 0.04 0.04 0.04 0.04 0.04 0.04 0.04 0.04 0.04 0.04 0.04 0.04 0.04 0.04 
0.05 0.05 0.05 0.05 0.05 0.05 0.05 0.05 0.05 0.05 0.05 0.05 0.05 0.05 0.05 0.05 0.05 0.05 0.05 0.05 0.05 0.05 0.05 0.05 0.05 0.05 0.05 0.05 0.05 0.05 0.05 0.05 
0.06 0.06 0.06 0.06 0.06 0.06 0.06 0.06 0.06 0.06 0.06 0.06 0.06 0.06 0.06 0.06 0.06 0.06 0.06 0.06 0.06 0.06 0.06 0.06 0.06 0.06 0.06 0.06 0.06 0.06 0.06 0.06 
0.07 0.07 0.07 0.07 0.07 0.07 0.07 0.07 0.07 0.07 0.07 0.07 0.07 0.07 0.07 0.07 0.07 0.07 0.07 0.07 0.07 0.07 0.07 0.07 0.07 0.07 0.07 0.07 0.07 0.07 0.07 0.07 
0.08 0.08 0.08 0.08 0.08 0.08 0.08 0.08 0.08 0.08 0.08 0.08 0.08 0.08 0.08 0.08 0.08 0.08 0.08 0.08 0.08 0.08 0.08 0.08 0.08 0.08 0.08 0.08 0.08 0.08 0.08 0.08 
0.09 0.09 0.09 0.09 0.09 0.09 0.09 0.09 0.09 0.09 0.09 0.09 0.09 0.09 0.09 0.09 0.09 0.09 0.09 0.09 0.09 0.09 0.09 0.09 0.09 0.09 0.09 0.09 0.09 0.09 0.09 0.09 
0.1 0.1 0.1 0.1 0.1 0.1 0.1 0.1 0.1 0.1 0.1 0.1 0.1 0.1 0.1 0.1 0.1 0.1 0.1 0.1 0.1 0.1 0.1 0.1 0.1 0.1 0.1 0.1 0.1 0.1 0.1 0.1 
0.5 0.5 0.5 0.5 0.5 0.5 0.5 0.5 0.5 0.5 0.5 0.5 0.5 0.5 0.5 0.5 0.5 0.5 0.5 0.5 0.5 0.5 0.5 0.5 0.5 0.5 0.5 0.5 0.5 0.5 0.5 0.5 
1 1 1 1 1 1 1 1 1 1 1 1 1 1 1 1 1 1 1 1 1 1 1 1 1 1 1 1 1 1 1 1 
