12 48 6 10
15 15 7 20 19 18 1 16 17 5 5 8 17 13 14 19 4 20 17 15 1 13 15 5 16 16 2 8 5 3 6 18 13 13 15 14 18 4 15 6 15 6 1 20 8 6 2 4 
9.84 6.08 4.82 9.13 6.99 11.79 12.96 2.67 8.11 2.07 11.11 10.82 7.69 7.84 3.61 5.14 9.31 13.55 7.74 13.88 15.18 5.95 3.75 7.91 0.36 13.15 11.88 14.02 15.91 15.86 3.75 2.82 1.25 9.7 1.51 13.22 7.91 6.03 1.99 0.07 3.55 11.96 2.54 6.61 6.47 3.31 3.77 13.46 
7.14 11.48 4.67 11.77 7.73 6.46 1.95 12.2 13.22 0.32 9.64 10.93 0.82 15.7 10.66 5.3 0.64 7.89 1.6 10.32 3.66 13.96 0.99 14.37 15.6 12.53 10.72 5.24 3.65 4.74 6.93 3.29 2.25 13.62 5.49 0.42 4.61 4.03 15.49 4.3 15.85 14.88 8.65 3.7 12.95 0.63 15.38 12.87 
1.17 9.88 1.41 12.26 13.43 14.17 2.6 1.68 14.08 1.01 0.9 0.65 8.1 14.14 12.12 2.68 11.24 2.42 14.3 10.39 15.18 15.96 9.25 13.22 10.68 0.01 5.16 5.6 0.74 1.94 4.93 12.91 4.67 5.57 0.95 3.43 12.45 9.76 11.7 3.19 10.96 9.12 13.2 12.24 11.03 11.82 6.52 2.02 
6.15 7.1 0.87 2.11 6.32 1.13 7.86 7.88 15.05 10.9 14.88 11.68 8.4 6.66 15.36 6.38 14.64 13.68 5.38 14.05 1.75 14.05 0.41 13.94 3.09 13.63 12.51 3.21 13.71 13.89 8.28 12.79 5.45 3.99 2.91 2.06 15.63 1.35 13.6 1.35 8.48 2.15 9.96 12.19 6.95 1.93 13.02 2.3 
15.73 10.72 4.87 15.38 6.21 3.11 11.25 10.49 3.23 4.5 8.91 9.14 1.36 13.86 9.78 2.71 15.54 7.98 4.05 6.28 12.99 9.5 7.91 13.19 0.15 9.36 8.43 8.81 8.18 8.43 12.97 2.22 15.8 0.71 1.72 3.43 0.52 9.97 0.69 2.05 7.21 13.04 5.1 1.85 11.56 9.12 4.42 0.39 
7.11 14.53 4.15 6.67 14.68 11.77 6.34 8.62 8.8 12.14 0.13 8.55 15.48 15.35 6.73 8.36 12.48 13.8 12.4 13.8 5.87 10.77 9.51 10.23 0.69 6.56 12.21 12.34 4.71 12.86 14.22 9.32 11 2.42 1.65 7.85 3.45 9.49 5.16 5.01 15.08 13.02 9.26 6.78 14.66 2.38 7.47 11.19 
8 8 8 8 8 8 8 8 8 8 8 8 8 8 8 8 8 8 8 8 8 8 8 8 8 8 8 8 8 8 8 8 8 8 8 8 8 8 8 8 8 8 8 8 8 8 8 8 
15.97 0.82 4.09 7.98 14.59 4.46 11.69 1.81 6.44 5.81 14.77 15.62 3.76 1.28 10.19 2.51 10.84 11.13 3.92 12.89 1.59 8.61 10.19 12.25 10.09 15.98 6.87 9.07 8.7 11.83 0.26 13.77 0.43 7.27 11.92 9.53 3.89 11.68 3.95 8.27 15.88 3.23 4.61 9.98 1.59 14.56 11.53 0.64 
14.42 15.66 6.55 9.09 9.14 14.53 8.39 5.13 12.59 2.67 3.59 9.62 15.04 6.94 7.62 10.99 9.77 10.37 10.79 5.59 4.37 10.22 3.39 2.95 4.41 14.73 7.09 3.81 5.1 12.31 10.66 0.45 9.5 3.15 8.16 7.65 14.41 9.4 5.91 12 7.44 11.57 0.89 5.79 3.97 13.18 11.13 3.66 
6.98 6.84 1.55 13.6 3.43 10.8 6.84 6.65 9.9 4.58 10.29 11.4 1.7 0.62 9.05 13.93 6.04 12.58 4.68 6.97 3.15 1.46 13.86 9.7 2.45 12.32 8.1 12.08 14.54 9.62 10.09 9.08 0.27 15.75 8.64 2.65 5.52 15.83 15.99 12.81 6.51 7.67 9.16 3.57 14.13 2 12.27 6.44 
6 0.71 1.17 9.93 7.06 14.44 5.7 3.42 8.01 5.94 11.12 12.65 3.56 0.08 2.01 13.12 5.4 7.31 14.78 4.35 5.51 2.79 6.58 11.74 11.88 8.54 9.94 5.09 10.4 2.49 15.05 10.6 10.53 1.86 8.36 13.48 10.39 9.71 10.2 6.87 2.01 7.34 1.28 7.65 13.83 14.3 3.04 2.27 
12.28 8.85 12.73 13.85 3.91 11.53 10.66 0.54 6.01 14.25 3.06 9.38 11.17 11.42 9.65 10.18 5.84 0.71 6.85 9.1 5.42 14.03 10.63 14.85 10.24 8.4 9.13 10.42 1.45 0.18 11.62 2.81 1.43 8.56 4.49 15.66 4.01 1.09 5.84 6.14 10.24 12.24 11.47 9.46 0.57 1.49 9.79 16 
1 1 1 1 1 1 1 1 1 1 1 1 1 1 1 1 1 1 1 1 1 1 1 1 1 1 1 1 1 1 1 1 1 1 1 1 1 1 1 1 1 1 1 1 1 1 1 1 
1 1 1 1 1 1 1 1 1 1 1 1 1 1 1 1 1 1 1 1 1 1 1 1 1 1 1 1 1 1 1 1 1 1 1 1 1 1 1 1 1 1 1 1 1 1 1 1 
1 1 1 1 1 1 1 1 1 1 1 1 1 1 1 1 1 1 1 1 1 1 1 1 1 1 1 1 1 1 1 1 1 1 1 1 1 1 1 1 1 1 1 1 1 1 1 1 
1 1 1 1 1 1 1 1 1 1 1 1 1 1 1 1 1 1 1 1 1 1 1 1 1 1 1 1 1 1 1 1 1 1 1 1 1 1 1 1 1 1 1 1 1 1 1 1 
1 1 1 1 1 1 1 1 1 1 1 1 1 1 1 1 1 1 1 1 1 1 1 1 1 1 1 1 1 1 1 1 1 1 1 1 1 1 1 1 1 1 1 1 1 1 1 1 
1 1 1 1 1 1 1 1 1 1 1 1 1 1 1 1 1 1 1 1 1 1 1 1 1 1 1 1 1 1 1 1 1 1 1 1 1 1 1 1 1 1 1 1 1 1 1 1 
1 1 1 1 1 1 1 1 1 1 1 1 1 1 1 1 1 1 1 1 1 1 1 1 1 1 1 1 1 1 1 1 1 1 1 1 1 1 1 1 1 1 1 1 1 1 1 1 
1 1 1 1 1 1 1 1 1 1 1 1 1 1 1 1 1 1 1 1 1 1 1 1 1 1 1 1 1 1 1 1 1 1 1 1 1 1 1 1 1 1 1 1 1 1 1 1 
1 1 1 1 1 1 1 1 1 1 1 1 1 1 1 1 1 1 1 1 1 1 1 1 1 1 1 1 1 1 1 1 1 1 1 1 1 1 1 1 1 1 1 1 1 1 1 1 
1 1 1 1 1 1 1 1 1 1 1 1 1 1 1 1 1 1 1 1 1 1 1 1 1 1 1 1 1 1 1 1 1 1 1 1 1 1 1 1 1 1 1 1 1 1 1 1 
1 1 1 1 1 1 1 1 1 1 1 1 1 1 1 1 1 1 1 1 1 1 1 1 1 1 1 1 1 1 1 1 1 1 1 1 1 1 1 1 1 1 1 1 1 1 1 1 
1 1 1 1 1 1 1 1 1 1 1 1 1 1 1 1 1 1 1 1 1 1 1 1 1 1 1 1 1 1 1 1 1 1 1 1 1 1 1 1 1 1 1 1 1 1 1 1 
0.01 0.01 0.01 0.01 0.01 0.01 0.01 0.01 0.01 0.01 0.01 0.01 0.01 0.01 0.01 0.01 0.01 0.01 0.01 0.01 0.01 0.01 0.01 0.01 0.01 0.01 0.01 0.01 0.01 0.01 0.01 0.01 0.01 0.01 0.01 0.01 0.01 0.01 0.01 0.01 0.01 0.01 0.01 0.01 0.01 0.01 0.01 0.01 
0.02 0.02 0.02 0.02 0.02 0.02 0.02 0.02 0.02 0.02 0.02 0.02 0.02 0.02 0.02 0.02 0.02 0.02 0.02 0.02 0.02 0.02 0.02 0.02 0.02 0.02 0.02 0.02 0.02 0.02 0.02 0.02 0.02 0.02 0.02 0.02 0.02 0.02 0.02 0.02 0.02 0.02 0.02 0.02 0.02 0.02 0.02 0.02 
0.03 0.03 0.03 0.03 0.03 0.03 0.03 0.03 0.03 0.03 0.03 0.03 0.03 0.03 0.03 0.03 0.03 0.03 0.03 0.03 0.03 0.03 0.03 0.03 0.03 0.03 0.03 0.03 0.03 0.03 0.03 0.03 0.03 0.03 0.03 0.03 0.03 0.03 0.03 0.03 0.03 0.03 0.03 0.03 0.03 0.03 0.03 0.03 
0.04 0.04 0.04 0.04 0.04 0.04 0.04 0.04 0.04 0.04 0.04 0.04 0.04 0.04 0.04 0.04 0.04 0.04 0.04 0.04 0.04 0.04 0.04 0.04 0.04 0.04 0.04 0.04 0.04 0.04 0.04 0.04 0.04 0.04 0.04 0.04 0.04 0.04 0.04 0.04 0.04 0.04 0.04 0.04 0.04 0.04 0.04 0.04 
0.05 0.05 0.05 0.05 0.05 0.05 0.05 0.05 0.05 0.05 0.05 0.05 0.05 0.05 0.05 0.05 0.05 0.05 0.05 0.05 0.05 0.05 0.05 0.05 0.05 0.05 0.05 0.05 0.05 0.05 0.05 0.05 0.05 0.05 0.05 0.05 0.05 0.05 0.05 0.05 0.05 0.05 0.05 0.05 0.05 0.05 0.05 0.05 
0.06 0.06 0.06 0.06 0.06 0.06 0.06 0.06 0.06 0.06 0.06 0.06 0.06 0.06 0.06 0.06 0.06 0.06 0.06 0.06 0.06 0.06 0.06 0.06 0.06 0.06 0.06 0.06 0.06 0.06 0.06 0.06 0.06 0.06 0.06 0.06 0.06 0.06 0.06 0.06 0.06 0.06 0.06 0.06 0.06 0.06 0.06 0.06 
0.07 0.07 0.07 0.07 0.07 0.07 0.07 0.07 0.07 0.07 0.07 0.07 0.07 0.07 0.07 0.07 0.07 0.07 0.07 0.07 0.07 0.07 0.07 0.07 0.07 0.07 0.07 0.07 0.07 0.07 0.07 0.07 0.07 0.07 0.07 0.07 0.07 0.07 0.07 0.07 0.07 0.07 0.07 0.07 0.07 0.07 0.07 0.07 
0.2 0.2 0.2 0.2 0.2 0.2 0.2 0.2 0.2 0.2 0.2 0.2 0.2 0.2 0.2 0.2 0.2 0.2 0.2 0.2 0.2 0.2 0.2 0.2 0.2 0.2 0.2 0.2 0.2 0.2 0.2 0.2 0.2 0.2 0.2 0.2 0.2 0.2 0.2 0.2 0.2 0.2 0.2 0.2 0.2 0.2 0.2 0.2 
0.4 0.4 0.4 0.4 0.4 0.4 0.4 0.4 0.4 0.4 0.4 0.4 0.4 0.4 0.4 0.4 0.4 0.4 0.4 0.4 0.4 0.4 0.4 0.4 0.4 0.4 0.4 0.4 0.4 0.4 0.4 0.4 0.4 0.4 0.4 0.4 0.4 0.4 0.4 0.4 0.4 0.4 0.4 0.4 0.4 0.4 0.4 0.4 
0.6 0.6 0.6 0.6 0.6 0.6 0.6 0.6 0.6 0.6 0.6 0.6 0.6 0.6 0.6 0.6 0.6 0.6 0.6 0.6 0.6 0.6 0.6 0.6 0.6 0.6 0.6 0.6 0.6 0.6 0.6 0.6 0.6 0.6 0.6 0.6 0.6 0.6 0.6 0.6 0.6 0.6 0.6 0.6 0.6 0.6 0.6 0.6 
0.8 0.8 0.8 0.8 0.8 0.8 0.8 0.8 0.8 0.8 0.8 0.8 0.8 0.8 0.8 0.8 0.8 0.8 0.8 0.8 0.8 0.8 0.8 0.8 0.8 0.8 0.8 0.8 0.8 0.8 0.8 0.8 0.8 0.8 0.8 0.8 0.8 0.8 0.8 0.8 0.8 0.8 0.8 0.8 0.8 0.8 0.8 0.8 
1 1 1 1 1 1 1 1 1 1 1 1 1 1 1 1 1 1 1 1 1 1 1 1 1 1 1 1 1 1 1 1 1 1 1 1 1 1 1 1 1 1 1 1 1 1 1 1 
