6 40 2 10
18 14 10 14 1 9 6 18 7 4 3 10 13 14 19 16 14 8 20 11 11 1 7 10 16 16 1 14 5 14 11 9 16 1 15 12 2 10 20 10 
0.54 2.31 2.13 4.38 7.97 10.59 11.42 4.75 5.06 8.32 9.23 3.31 7.95 11.12 9.99 6.05 4.17 5.4 15.12 9.74 12.62 9.21 0.39 15.1 0.82 1.06 12.03 13.47 5.94 13.41 15.43 9.46 4.89 0.89 6.18 3.22 3.65 6.83 9.45 4.29 
3.53 2.06 12.61 9.78 14.83 14.58 2.24 10.84 6.04 14.79 15.24 10.7 1.54 11.63 15.63 4.12 2.73 12.31 3.84 5.85 12.99 11.73 11.66 12.37 5.48 7.19 10.29 6.92 6.97 11.3 0.32 7.92 7.59 7.93 12.91 11.31 7.2 15.22 4.77 0.04 
8 8 8 8 8 8 8 8 8 8 8 8 8 8 8 8 8 8 8 8 8 8 8 8 8 8 8 8 8 8 8 8 8 8 8 8 8 8 8 8 
8.77 7.7 6.58 0.71 15.79 12.29 1.1 8 15.27 5.31 7.57 4.96 7.84 14.73 6.73 3.33 7.37 2.56 2.27 14.11 4.44 5.41 10.97 5.83 7.19 0.81 13 13.51 4.13 9.36 13.3 12.57 13.72 15.22 8.39 7.59 8.34 11.92 6.75 1.14 
13.4 2.49 11.27 4.07 3.04 10.16 12.38 14.05 2.98 12.31 6.83 14.68 14.25 11.13 11.6 11.98 4.82 14.89 5.12 14.26 4.33 11.65 1.77 10.9 14.05 13.29 7.88 1.93 6.55 13.9 2.03 13.9 15.23 9.4 5.95 15.14 9.13 13.43 3.91 9.78 
4.87 3.49 7.2 14.52 5.15 5.29 11.86 14.62 0.98 5.26 15.36 8.35 4.82 6.35 3.23 14.62 2.91 6.2 14.01 10.93 9.83 14.62 12.38 5.48 6.84 3.3 1.88 4.96 1.13 9.29 15.87 1.34 7.02 0.55 6.24 1 1.73 7.25 13.01 1.61 
1 1 1 1 1 1 1 1 1 1 1 1 1 1 1 1 1 1 1 1 1 1 1 1 1 1 1 1 1 1 1 1 1 1 1 1 1 1 1 1 
1 1 1 1 1 1 1 1 1 1 1 1 1 1 1 1 1 1 1 1 1 1 1 1 1 1 1 1 1 1 1 1 1 1 1 1 1 1 1 1 
1 1 1 1 1 1 1 1 1 1 1 1 1 1 1 1 1 1 1 1 1 1 1 1 1 1 1 1 1 1 1 1 1 1 1 1 1 1 1 1 
1 1 1 1 1 1 1 1 1 1 1 1 1 1 1 1 1 1 1 1 1 1 1 1 1 1 1 1 1 1 1 1 1 1 1 1 1 1 1 1 
1 1 1 1 1 1 1 1 1 1 1 1 1 1 1 1 1 1 1 1 1 1 1 1 1 1 1 1 1 1 1 1 1 1 1 1 1 1 1 1 
1 1 1 1 1 1 1 1 1 1 1 1 1 1 1 1 1 1 1 1 1 1 1 1 1 1 1 1 1 1 1 1 1 1 1 1 1 1 1 1 
0.01 0.01 0.01 0.01 0.01 0.01 0.01 0.01 0.01 0.01 0.01 0.01 0.01 0.01 0.01 0.01 0.01 0.01 0.01 0.01 0.01 0.01 0.01 0.01 0.01 0.01 0.01 0.01 0.01 0.01 0.01 0.01 0.01 0.01 0.01 0.01 0.01 0.01 0.01 0.01 
0.02 0.02 0.02 0.02 0.02 0.02 0.02 0.02 0.02 0.02 0.02 0.02 0.02 0.02 0.02 0.02 0.02 0.02 0.02 0.02 0.02 0.02 0.02 0.02 0.02 0.02 0.02 0.02 0.02 0.02 0.02 0.02 0.02 0.02 0.02 0.02 0.02 0.02 0.02 0.02 
0.03 0.03 0.03 0.03 0.03 0.03 0.03 0.03 0.03 0.03 0.03 0.03 0.03 0.03 0.03 0.03 0.03 0.03 0.03 0.03 0.03 0.03 0.03 0.03 0.03 0.03 0.03 0.03 0.03 0.03 0.03 0.03 0.03 0.03 0.03 0.03 0.03 0.03 0.03 0.03 
0.333333 0.333333 0.333333 0.333333 0.333333 0.333333 0.333333 0.333333 0.333333 0.333333 0.333333 0.333333 0.333333 0.333333 0.333333 0.333333 0.333333 0.333333 0.333333 0.333333 0.333333 0.333333 0.333333 0.333333 0.333333 0.333333 0.333333 0.333333 0.333333 0.333333 0.333333 0.333333 0.333333 0.333333 0.333333 0.333333 0.333333 0.333333 0.333333 0.333333 
0.666667 0.666667 0.666667 0.666667 0.666667 0.666667 0.666667 0.666667 0.666667 0.666667 0.666667 0.666667 0.666667 0.666667 0.666667 0.666667 0.666667 0.666667 0.666667 0.666667 0.666667 0.666667 0.666667 0.666667 0.666667 0.666667 0.666667 0.666667 0.666667 0.666667 0.666667 0.666667 0.666667 0.666667 0.666667 0.666667 0.666667 0.666667 0.666667 0.666667 
1 1 1 1 1 1 1 1 1 1 1 1 1 1 1 1 1 1 1 1 1 1 1 1 1 1 1 1 1 1 1 1 1 1 1 1 1 1 1 1 
