12 48 9 10
6 2 8 7 15 17 6 18 3 20 11 4 1 1 8 20 19 7 12 5 9 11 8 14 19 19 9 2 15 2 8 18 6 2 16 11 18 19 3 20 12 10 14 3 13 2 4 14 
10.91 7.12 4.31 2.88 12.21 9.61 14.91 12.47 12.84 2.53 10.74 11.53 1.61 11.74 13.71 10.48 7.66 10.34 1.12 15.75 15.22 7.21 9.16 7.67 10.3 5.16 15.45 3.28 1.27 0.46 10.43 5.22 5.61 6.03 3.03 8.01 9.94 3.28 11.43 4.8 13.78 9.63 8.18 2.43 5.9 1.74 5.32 15.04 
15.93 5.72 11.48 3.62 0.32 1.47 8.89 6.15 0.48 9.13 9.16 14.1 0.85 11.25 11.21 7.93 10 12.32 6.09 10.39 5.02 1.55 9.83 6.82 9.04 7.04 8.17 0.55 15.45 12.78 8.86 4.72 10.05 10.04 5.7 15.12 10.41 8.27 2.56 6.02 7.93 1.2 11.75 8.68 11.47 4.1 0.27 0.74 
8.99 7.12 13.41 1.71 6.11 5.15 3.03 7.92 0 0.17 15.59 7.03 4.82 5 14.07 5.92 1.63 13.93 7.05 4.71 15.6 13.19 15.86 5.89 2.35 11.24 5.02 4.27 6.83 6.28 4.66 12.49 13.6 12.35 12.88 7.84 9.49 7.38 13.58 14.94 9.32 13.62 4.05 2.28 5.91 13.09 0.22 12 
1.3 8.23 10.57 4.73 4.39 3.77 8.55 7.49 14.2 14.85 4.12 6.29 0.67 14.22 3.57 6.07 11.61 3.09 8.56 5.38 13.73 3.36 2.72 3.64 9.61 3.42 0.79 0.14 3.92 10.11 7.84 6.44 6.51 14.68 8.6 4.07 0.39 2.39 7.18 14.35 12 4.55 0.14 4.96 12.23 15.83 12.07 5.65 
0.13 7.47 4.23 7.29 14.44 0.53 7.79 4.7 2.9 14.56 5.15 9.6 12.38 0.23 8.14 15.52 4.77 13.22 11.99 7.88 11.81 9.88 12.11 10.72 14.46 0.37 14.69 6.81 5.83 4.6 6.01 0.18 8.04 0.67 2.55 13.24 15.19 4.37 0.13 10.44 7.02 6.95 8.84 0.71 6.03 2.33 12.22 15.42 
8.33 12.9 11.9 13.88 12.88 0.35 6.58 15.75 15.91 9.05 2.9 5.88 14.87 2.95 12.4 5.17 4.34 10.69 15.38 12.02 14.5 0.89 5.69 12.34 7.51 0.9 6.93 13.82 14.88 7.72 10.85 2.2 3.1 9.71 9.97 14.38 4.52 9.2 4.05 3.9 14.2 0.44 12.56 4.56 13.94 4.13 1.73 4.71 
1.86 13.5 15.37 7.39 12.33 10.85 1.86 11.62 3.07 6.72 13.51 5.09 7.24 9.53 10.59 4.91 13.36 5.86 0.65 13.48 14.73 13.58 4.49 14.92 3.03 8.85 8.84 8.5 12.15 8.26 7.47 3.54 14.2 13.74 3.59 14.24 4.72 9.45 12.16 14.73 6.28 6.95 2.77 15.85 5.53 0.11 8.54 14.24 
3.03 5.59 8.84 6.12 8.79 0.03 3.4 7.51 15.64 9.84 15.12 4.81 7.28 9.41 9.22 14.46 11.83 15.94 9.06 0.12 12.18 2.02 1.48 11.11 4.83 7.87 4.45 12.05 4.62 3.21 15.74 12.16 14.26 11.41 15.99 4.75 11.08 3.99 6.28 8.51 8.03 5.17 15.76 14.81 6.71 6.55 1.27 4.8 
0.44 9 9.84 9.75 4.75 14.54 13.65 2.43 11.96 3.65 7.51 6.84 0.28 15.49 13.01 8.98 1.64 7.6 13.49 8.16 13.35 5.61 15.19 3.61 1.14 15.3 3.36 7.32 9.18 1.3 8.75 13.41 3.27 0 3.59 3.45 8.5 3.26 2.15 12.15 15.44 7.26 4.15 5.09 13.17 10.62 2.07 6.76 
8 8 8 8 8 8 8 8 8 8 8 8 8 8 8 8 8 8 8 8 8 8 8 8 8 8 8 8 8 8 8 8 8 8 8 8 8 8 8 8 8 8 8 8 8 8 8 8 
15.37 13.59 9.11 5.98 13.72 4.12 10.74 1.08 15.68 3.89 7.12 9.22 1.17 14.2 6.55 10.54 3.03 3.64 13.06 9.43 11.68 8.83 3.03 3.42 15.93 9.23 1.7 5.49 11.7 10.58 3.01 5.53 8.59 4.12 9.66 8.72 11.13 1.72 7.32 11.07 0.1 3.93 3.62 14.92 15.36 2.04 11.53 0.78 
3.02 14.75 2.74 9.31 9.52 4.16 2.47 4.72 12.68 2.63 13.53 13.18 4.67 15.97 9.71 10.94 11.32 3.04 14.81 13.77 7.48 15.48 2.32 0.7 1.19 9.42 5.69 6.3 9.2 7.43 1.53 5.45 4.75 15.51 1.03 0.86 5.2 14.78 13.72 4.19 8.78 13.47 15.88 6.54 6.74 9.63 4.35 3.04 
1 1 1 1 1 1 1 1 1 1 1 1 1 1 1 1 1 1 1 1 1 1 1 1 1 1 1 1 1 1 1 1 1 1 1 1 1 1 1 1 1 1 1 1 1 1 1 1 
1 1 1 1 1 1 1 1 1 1 1 1 1 1 1 1 1 1 1 1 1 1 1 1 1 1 1 1 1 1 1 1 1 1 1 1 1 1 1 1 1 1 1 1 1 1 1 1 
1 1 1 1 1 1 1 1 1 1 1 1 1 1 1 1 1 1 1 1 1 1 1 1 1 1 1 1 1 1 1 1 1 1 1 1 1 1 1 1 1 1 1 1 1 1 1 1 
1 1 1 1 1 1 1 1 1 1 1 1 1 1 1 1 1 1 1 1 1 1 1 1 1 1 1 1 1 1 1 1 1 1 1 1 1 1 1 1 1 1 1 1 1 1 1 1 
1 1 1 1 1 1 1 1 1 1 1 1 1 1 1 1 1 1 1 1 1 1 1 1 1 1 1 1 1 1 1 1 1 1 1 1 1 1 1 1 1 1 1 1 1 1 1 1 
1 1 1 1 1 1 1 1 1 1 1 1 1 1 1 1 1 1 1 1 1 1 1 1 1 1 1 1 1 1 1 1 1 1 1 1 1 1 1 1 1 1 1 1 1 1 1 1 
1 1 1 1 1 1 1 1 1 1 1 1 1 1 1 1 1 1 1 1 1 1 1 1 1 1 1 1 1 1 1 1 1 1 1 1 1 1 1 1 1 1 1 1 1 1 1 1 
1 1 1 1 1 1 1 1 1 1 1 1 1 1 1 1 1 1 1 1 1 1 1 1 1 1 1 1 1 1 1 1 1 1 1 1 1 1 1 1 1 1 1 1 1 1 1 1 
1 1 1 1 1 1 1 1 1 1 1 1 1 1 1 1 1 1 1 1 1 1 1 1 1 1 1 1 1 1 1 1 1 1 1 1 1 1 1 1 1 1 1 1 1 1 1 1 
1 1 1 1 1 1 1 1 1 1 1 1 1 1 1 1 1 1 1 1 1 1 1 1 1 1 1 1 1 1 1 1 1 1 1 1 1 1 1 1 1 1 1 1 1 1 1 1 
1 1 1 1 1 1 1 1 1 1 1 1 1 1 1 1 1 1 1 1 1 1 1 1 1 1 1 1 1 1 1 1 1 1 1 1 1 1 1 1 1 1 1 1 1 1 1 1 
1 1 1 1 1 1 1 1 1 1 1 1 1 1 1 1 1 1 1 1 1 1 1 1 1 1 1 1 1 1 1 1 1 1 1 1 1 1 1 1 1 1 1 1 1 1 1 1 
0.01 0.01 0.01 0.01 0.01 0.01 0.01 0.01 0.01 0.01 0.01 0.01 0.01 0.01 0.01 0.01 0.01 0.01 0.01 0.01 0.01 0.01 0.01 0.01 0.01 0.01 0.01 0.01 0.01 0.01 0.01 0.01 0.01 0.01 0.01 0.01 0.01 0.01 0.01 0.01 0.01 0.01 0.01 0.01 0.01 0.01 0.01 0.01 
0.02 0.02 0.02 0.02 0.02 0.02 0.02 0.02 0.02 0.02 0.02 0.02 0.02 0.02 0.02 0.02 0.02 0.02 0.02 0.02 0.02 0.02 0.02 0.02 0.02 0.02 0.02 0.02 0.02 0.02 0.02 0.02 0.02 0.02 0.02 0.02 0.02 0.02 0.02 0.02 0.02 0.02 0.02 0.02 0.02 0.02 0.02 0.02 
0.03 0.03 0.03 0.03 0.03 0.03 0.03 0.03 0.03 0.03 0.03 0.03 0.03 0.03 0.03 0.03 0.03 0.03 0.03 0.03 0.03 0.03 0.03 0.03 0.03 0.03 0.03 0.03 0.03 0.03 0.03 0.03 0.03 0.03 0.03 0.03 0.03 0.03 0.03 0.03 0.03 0.03 0.03 0.03 0.03 0.03 0.03 0.03 
0.04 0.04 0.04 0.04 0.04 0.04 0.04 0.04 0.04 0.04 0.04 0.04 0.04 0.04 0.04 0.04 0.04 0.04 0.04 0.04 0.04 0.04 0.04 0.04 0.04 0.04 0.04 0.04 0.04 0.04 0.04 0.04 0.04 0.04 0.04 0.04 0.04 0.04 0.04 0.04 0.04 0.04 0.04 0.04 0.04 0.04 0.04 0.04 
0.05 0.05 0.05 0.05 0.05 0.05 0.05 0.05 0.05 0.05 0.05 0.05 0.05 0.05 0.05 0.05 0.05 0.05 0.05 0.05 0.05 0.05 0.05 0.05 0.05 0.05 0.05 0.05 0.05 0.05 0.05 0.05 0.05 0.05 0.05 0.05 0.05 0.05 0.05 0.05 0.05 0.05 0.05 0.05 0.05 0.05 0.05 0.05 
0.06 0.06 0.06 0.06 0.06 0.06 0.06 0.06 0.06 0.06 0.06 0.06 0.06 0.06 0.06 0.06 0.06 0.06 0.06 0.06 0.06 0.06 0.06 0.06 0.06 0.06 0.06 0.06 0.06 0.06 0.06 0.06 0.06 0.06 0.06 0.06 0.06 0.06 0.06 0.06 0.06 0.06 0.06 0.06 0.06 0.06 0.06 0.06 
0.07 0.07 0.07 0.07 0.07 0.07 0.07 0.07 0.07 0.07 0.07 0.07 0.07 0.07 0.07 0.07 0.07 0.07 0.07 0.07 0.07 0.07 0.07 0.07 0.07 0.07 0.07 0.07 0.07 0.07 0.07 0.07 0.07 0.07 0.07 0.07 0.07 0.07 0.07 0.07 0.07 0.07 0.07 0.07 0.07 0.07 0.07 0.07 
0.08 0.08 0.08 0.08 0.08 0.08 0.08 0.08 0.08 0.08 0.08 0.08 0.08 0.08 0.08 0.08 0.08 0.08 0.08 0.08 0.08 0.08 0.08 0.08 0.08 0.08 0.08 0.08 0.08 0.08 0.08 0.08 0.08 0.08 0.08 0.08 0.08 0.08 0.08 0.08 0.08 0.08 0.08 0.08 0.08 0.08 0.08 0.08 
0.09 0.09 0.09 0.09 0.09 0.09 0.09 0.09 0.09 0.09 0.09 0.09 0.09 0.09 0.09 0.09 0.09 0.09 0.09 0.09 0.09 0.09 0.09 0.09 0.09 0.09 0.09 0.09 0.09 0.09 0.09 0.09 0.09 0.09 0.09 0.09 0.09 0.09 0.09 0.09 0.09 0.09 0.09 0.09 0.09 0.09 0.09 0.09 
0.1 0.1 0.1 0.1 0.1 0.1 0.1 0.1 0.1 0.1 0.1 0.1 0.1 0.1 0.1 0.1 0.1 0.1 0.1 0.1 0.1 0.1 0.1 0.1 0.1 0.1 0.1 0.1 0.1 0.1 0.1 0.1 0.1 0.1 0.1 0.1 0.1 0.1 0.1 0.1 0.1 0.1 0.1 0.1 0.1 0.1 0.1 0.1 
0.5 0.5 0.5 0.5 0.5 0.5 0.5 0.5 0.5 0.5 0.5 0.5 0.5 0.5 0.5 0.5 0.5 0.5 0.5 0.5 0.5 0.5 0.5 0.5 0.5 0.5 0.5 0.5 0.5 0.5 0.5 0.5 0.5 0.5 0.5 0.5 0.5 0.5 0.5 0.5 0.5 0.5 0.5 0.5 0.5 0.5 0.5 0.5 
1 1 1 1 1 1 1 1 1 1 1 1 1 1 1 1 1 1 1 1 1 1 1 1 1 1 1 1 1 1 1 1 1 1 1 1 1 1 1 1 1 1 1 1 1 1 1 1 
