6 32 4 10
5 2 19 6 19 2 17 2 7 17 10 14 17 9 2 2 19 16 11 17 19 11 2 17 13 5 19 5 11 4 15 3 
8.68 5.86 13.99 12.25 0.22 6.8 15.26 13.82 6.77 12.72 5.32 6.44 0.42 2.28 10.36 0.31 11.54 2.61 12.65 15.35 4.95 9.43 9.19 0.23 12.35 8.78 12.97 14.17 10.12 14.62 14.03 13.27 
12.14 13.95 12.48 13.04 5.94 2.62 9.45 11.79 1.28 7.43 0.89 0.96 2.38 7.79 5.76 10.07 3.42 7.62 1.51 15.3 1.23 15.53 4.19 4.71 15.86 13.97 10.46 9.49 7.83 6.05 5.37 6.96 
12.43 10.23 2.09 14.97 10.7 10.14 6.14 0.29 1.32 4.96 4.39 14.96 1.68 5.87 2.23 11.35 9.68 8.97 13.7 6.54 12.66 13.06 9.58 14.04 7.09 9.57 9.26 10.78 9.4 8.88 6.44 8.09 
8.75 9.75 2.59 8.98 4.07 14 12.07 13.49 12.57 11.85 13.76 11.97 4.64 2.06 3.93 5.43 6.72 15.94 5.85 1.99 13.19 3.99 5.29 13.75 1.18 8.47 12.46 15.49 14.44 2.33 10.66 7.98 
8 8 8 8 8 8 8 8 8 8 8 8 8 8 8 8 8 8 8 8 8 8 8 8 8 8 8 8 8 8 8 8 
8.98 3.99 4.34 5.58 3.96 3.81 6.55 1.08 8.48 4.8 6.07 8.7 0.18 7.78 8.4 2.38 0.82 6.45 12.8 7.86 15.55 10.35 15.64 8.91 5.14 0.82 1 7.81 2.58 5.45 6.07 1.28 
1 1 1 1 1 1 1 1 1 1 1 1 1 1 1 1 1 1 1 1 1 1 1 1 1 1 1 1 1 1 1 1 
1 1 1 1 1 1 1 1 1 1 1 1 1 1 1 1 1 1 1 1 1 1 1 1 1 1 1 1 1 1 1 1 
1 1 1 1 1 1 1 1 1 1 1 1 1 1 1 1 1 1 1 1 1 1 1 1 1 1 1 1 1 1 1 1 
1 1 1 1 1 1 1 1 1 1 1 1 1 1 1 1 1 1 1 1 1 1 1 1 1 1 1 1 1 1 1 1 
1 1 1 1 1 1 1 1 1 1 1 1 1 1 1 1 1 1 1 1 1 1 1 1 1 1 1 1 1 1 1 1 
1 1 1 1 1 1 1 1 1 1 1 1 1 1 1 1 1 1 1 1 1 1 1 1 1 1 1 1 1 1 1 1 
0.01 0.01 0.01 0.01 0.01 0.01 0.01 0.01 0.01 0.01 0.01 0.01 0.01 0.01 0.01 0.01 0.01 0.01 0.01 0.01 0.01 0.01 0.01 0.01 0.01 0.01 0.01 0.01 0.01 0.01 0.01 0.01 
0.02 0.02 0.02 0.02 0.02 0.02 0.02 0.02 0.02 0.02 0.02 0.02 0.02 0.02 0.02 0.02 0.02 0.02 0.02 0.02 0.02 0.02 0.02 0.02 0.02 0.02 0.02 0.02 0.02 0.02 0.02 0.02 
0.03 0.03 0.03 0.03 0.03 0.03 0.03 0.03 0.03 0.03 0.03 0.03 0.03 0.03 0.03 0.03 0.03 0.03 0.03 0.03 0.03 0.03 0.03 0.03 0.03 0.03 0.03 0.03 0.03 0.03 0.03 0.03 
0.04 0.04 0.04 0.04 0.04 0.04 0.04 0.04 0.04 0.04 0.04 0.04 0.04 0.04 0.04 0.04 0.04 0.04 0.04 0.04 0.04 0.04 0.04 0.04 0.04 0.04 0.04 0.04 0.04 0.04 0.04 0.04 
0.05 0.05 0.05 0.05 0.05 0.05 0.05 0.05 0.05 0.05 0.05 0.05 0.05 0.05 0.05 0.05 0.05 0.05 0.05 0.05 0.05 0.05 0.05 0.05 0.05 0.05 0.05 0.05 0.05 0.05 0.05 0.05 
1 1 1 1 1 1 1 1 1 1 1 1 1 1 1 1 1 1 1 1 1 1 1 1 1 1 1 1 1 1 1 1 
