6 40 2 10
7 8 8 20 18 3 10 1 1 1 1 14 2 1 7 4 13 7 14 2 14 11 10 5 1 11 6 13 15 10 2 1 15 7 4 9 9 11 18 17 
8.88 10 3.49 0.19 15 10.18 4.88 7.6 9.24 1.56 2.93 15.16 12.33 14.89 4.2 14.28 0.48 9.63 10.4 1.79 15 13.66 9.35 12.58 7.49 6.09 12.07 5.06 1.38 15.56 9.81 3.23 0.28 15.7 2.6 8.47 3.19 4.8 8.09 11.62 
12.33 7.01 7.12 6.41 0.29 15.2 8.16 14.34 2.56 11.42 5.23 6.16 4.19 7.86 13.63 6.5 10.93 7.15 6.71 14.55 9.42 0.22 13.79 11.3 11.98 12.15 5.95 10.13 7.95 6.32 11.07 12.61 13.87 11.39 12.13 6.33 9.58 1.87 11.91 5.7 
8 8 8 8 8 8 8 8 8 8 8 8 8 8 8 8 8 8 8 8 8 8 8 8 8 8 8 8 8 8 8 8 8 8 8 8 8 8 8 8 
3.42 9.38 14.08 8.63 12.02 13.57 2.07 10.62 2.02 13.24 12.89 1.67 6.71 0.81 15.98 8.88 7.07 7.54 1.85 11.32 10.31 8.35 0.87 5.13 0.1 11.97 1.98 10.73 11.22 11.81 11.87 3.39 6.35 8.03 9.25 0.22 15.28 3.6 13.12 12.84 
5.86 6.85 10.39 8.45 6.13 6.53 15.42 5.39 3.09 6.43 10.92 0.27 4.99 13.87 9.01 9.47 5.15 9.79 11.01 8.59 7.45 7.73 10.04 7.38 1.94 2.79 3.17 5 1.97 14.55 0.74 2.78 11.63 14.53 0.43 10.16 4.49 1.54 14.61 14.2 
15.55 1.95 3.69 14.11 1.9 5.45 4.81 9.67 13.99 3.29 7 11.15 8.67 4.58 0.73 5.94 3.98 4.89 2.09 7.02 12.67 11.55 14.19 0.63 9.48 9.26 2.99 7.21 13.92 3.85 2.77 11.36 7.98 15.14 10.19 3.39 9.46 5.19 5.84 12.12 
1 1 1 1 1 1 1 1 1 1 1 1 1 1 1 1 1 1 1 1 1 1 1 1 1 1 1 1 1 1 1 1 1 1 1 1 1 1 1 1 
1 1 1 1 1 1 1 1 1 1 1 1 1 1 1 1 1 1 1 1 1 1 1 1 1 1 1 1 1 1 1 1 1 1 1 1 1 1 1 1 
1 1 1 1 1 1 1 1 1 1 1 1 1 1 1 1 1 1 1 1 1 1 1 1 1 1 1 1 1 1 1 1 1 1 1 1 1 1 1 1 
1 1 1 1 1 1 1 1 1 1 1 1 1 1 1 1 1 1 1 1 1 1 1 1 1 1 1 1 1 1 1 1 1 1 1 1 1 1 1 1 
1 1 1 1 1 1 1 1 1 1 1 1 1 1 1 1 1 1 1 1 1 1 1 1 1 1 1 1 1 1 1 1 1 1 1 1 1 1 1 1 
1 1 1 1 1 1 1 1 1 1 1 1 1 1 1 1 1 1 1 1 1 1 1 1 1 1 1 1 1 1 1 1 1 1 1 1 1 1 1 1 
0.01 0.01 0.01 0.01 0.01 0.01 0.01 0.01 0.01 0.01 0.01 0.01 0.01 0.01 0.01 0.01 0.01 0.01 0.01 0.01 0.01 0.01 0.01 0.01 0.01 0.01 0.01 0.01 0.01 0.01 0.01 0.01 0.01 0.01 0.01 0.01 0.01 0.01 0.01 0.01 
0.02 0.02 0.02 0.02 0.02 0.02 0.02 0.02 0.02 0.02 0.02 0.02 0.02 0.02 0.02 0.02 0.02 0.02 0.02 0.02 0.02 0.02 0.02 0.02 0.02 0.02 0.02 0.02 0.02 0.02 0.02 0.02 0.02 0.02 0.02 0.02 0.02 0.02 0.02 0.02 
0.03 0.03 0.03 0.03 0.03 0.03 0.03 0.03 0.03 0.03 0.03 0.03 0.03 0.03 0.03 0.03 0.03 0.03 0.03 0.03 0.03 0.03 0.03 0.03 0.03 0.03 0.03 0.03 0.03 0.03 0.03 0.03 0.03 0.03 0.03 0.03 0.03 0.03 0.03 0.03 
0.333333 0.333333 0.333333 0.333333 0.333333 0.333333 0.333333 0.333333 0.333333 0.333333 0.333333 0.333333 0.333333 0.333333 0.333333 0.333333 0.333333 0.333333 0.333333 0.333333 0.333333 0.333333 0.333333 0.333333 0.333333 0.333333 0.333333 0.333333 0.333333 0.333333 0.333333 0.333333 0.333333 0.333333 0.333333 0.333333 0.333333 0.333333 0.333333 0.333333 
0.666667 0.666667 0.666667 0.666667 0.666667 0.666667 0.666667 0.666667 0.666667 0.666667 0.666667 0.666667 0.666667 0.666667 0.666667 0.666667 0.666667 0.666667 0.666667 0.666667 0.666667 0.666667 0.666667 0.666667 0.666667 0.666667 0.666667 0.666667 0.666667 0.666667 0.666667 0.666667 0.666667 0.666667 0.666667 0.666667 0.666667 0.666667 0.666667 0.666667 
1 1 1 1 1 1 1 1 1 1 1 1 1 1 1 1 1 1 1 1 1 1 1 1 1 1 1 1 1 1 1 1 1 1 1 1 1 1 1 1 
