12 40 9 10
4 15 12 10 17 17 9 14 8 18 12 5 11 4 20 17 13 3 7 13 17 9 18 1 7 7 18 18 18 13 3 4 11 11 7 5 12 6 5 9 
9.9 4.25 0.01 1.68 12.9 2.69 0.58 0.41 8.71 2.08 0.99 0.06 4.03 5.61 5.31 3.75 9.03 12.03 0.55 1.91 1.8 8.56 13.12 8.35 4.71 11.78 15.16 11.29 10.78 10.61 0.23 1.07 1.94 4.89 15.21 5.19 1.43 8.11 10.93 1.65 
8.3 14.61 13.05 5.22 11.87 15.9 13.59 7.62 1.45 15.38 12.38 14.79 1.34 2.31 12.53 1.38 15.94 15.71 7.44 6.57 13.47 6.71 8.01 2.16 4.61 4.18 5.31 9.36 2.31 12.66 10.2 1.66 4.01 15.03 15.6 2.25 11.31 2.48 2.53 10.79 
8.51 14.88 5.21 2.77 8.9 1.3 13.67 11.19 7.86 13.94 11.17 0.69 6.34 13.43 0.26 9.12 10.41 2.19 14.71 0.53 8.88 14.54 1.6 9.49 1.71 11.22 9.32 12.27 10.26 4.59 4.69 8.87 15.35 2.07 15.84 3.99 7.23 6.13 13.48 13.04 
11.49 15.74 13.05 9.21 1.79 3.25 5.65 5.8 9.47 6.68 14.03 2.12 4.72 8.18 12.72 10.8 3.41 4.33 13.28 8.27 9.59 11.27 0.98 7.41 15.99 6.2 2.14 2.17 11.61 3.07 0.55 14.15 1.59 8.25 2.94 15.73 1.69 5.55 14.68 14.02 
7.46 13.1 13.82 4.62 14.37 9.98 4.43 3.7 2.35 15.42 1.09 1.46 13.85 6.69 10.38 0.62 9.44 1.68 0.69 15.7 11.29 6.98 1.66 13.49 11.81 3.59 4.84 9.01 10.85 15.98 10.73 13.45 14.17 9.07 9.1 1.7 11.03 12.61 0.82 6.41 
15.47 13.68 4.04 3.72 4.7 15.86 0.63 4.13 15.33 5.18 3.65 10.61 7.63 3.19 3.45 0.35 14.27 3.58 14.51 13.48 2.79 13.44 10.1 12.1 4.9 13.22 9.94 5.09 13.65 4.83 0.81 8.47 3.83 3.46 14.43 14.23 8.21 15.39 0.34 5.7 
7.61 8.69 0.71 5.49 8.05 6.38 15.44 13.65 15.59 3.76 14.17 6.06 11.81 3.13 4.71 14.88 2.49 3.31 10.51 11.42 5.99 1.05 5.46 1.74 13.68 14.88 0.61 4.29 14.68 13.9 0.35 9.63 10.06 14.35 12.27 10.14 14.66 5.93 6.79 4.57 
14.42 13.91 7.27 6.67 10.71 10.73 5.1 13.75 3.3 0.04 3.23 9.6 6.46 10.07 11.29 11.48 3.42 14.75 3.63 5.65 7.34 11.98 4.41 3.8 4.63 10.81 15.57 0.3 8.38 13.29 12.07 2.83 8.04 10.3 13.59 1.32 9.77 3.58 14.56 8.88 
10.48 4.7 11.83 7.17 13.13 7.33 12.64 8.08 1.54 7.76 4.88 6.61 8.52 4.66 8.86 13.56 13.12 8.54 2.53 3.28 10.44 10.72 6.96 2.05 4.59 0.16 1.48 0.38 6.01 14.57 13.95 15.2 1.51 9.15 2.18 15.85 5.04 13.78 7.67 6.73 
8 8 8 8 8 8 8 8 8 8 8 8 8 8 8 8 8 8 8 8 8 8 8 8 8 8 8 8 8 8 8 8 8 8 8 8 8 8 8 8 
3.72 13.16 4.11 14.96 1.87 8.83 10.27 7.83 6.03 10.49 14.28 9.69 5.51 13.17 1.34 8.47 0.51 13.6 2.96 5.86 14.05 12.93 9.4 7.7 15.56 7.34 5.54 3.49 13.17 5.37 0.39 15.72 5.13 6.09 5.6 8.88 14.67 5.2 7.44 9.49 
0.7 1.08 6.17 8.27 15.49 6.95 6.24 14.35 5.39 8.63 8.19 5.04 4.49 5.04 5.15 4.18 14.84 2.43 14.33 10.94 14.05 14.07 14.64 5.85 3.15 11.24 4.28 7.51 10.42 8.86 8.13 10.93 9.82 8 7.24 6.27 12.54 2.76 9.76 11.62 
1 1 1 1 1 1 1 1 1 1 1 1 1 1 1 1 1 1 1 1 1 1 1 1 1 1 1 1 1 1 1 1 1 1 1 1 1 1 1 1 
1 1 1 1 1 1 1 1 1 1 1 1 1 1 1 1 1 1 1 1 1 1 1 1 1 1 1 1 1 1 1 1 1 1 1 1 1 1 1 1 
1 1 1 1 1 1 1 1 1 1 1 1 1 1 1 1 1 1 1 1 1 1 1 1 1 1 1 1 1 1 1 1 1 1 1 1 1 1 1 1 
1 1 1 1 1 1 1 1 1 1 1 1 1 1 1 1 1 1 1 1 1 1 1 1 1 1 1 1 1 1 1 1 1 1 1 1 1 1 1 1 
1 1 1 1 1 1 1 1 1 1 1 1 1 1 1 1 1 1 1 1 1 1 1 1 1 1 1 1 1 1 1 1 1 1 1 1 1 1 1 1 
1 1 1 1 1 1 1 1 1 1 1 1 1 1 1 1 1 1 1 1 1 1 1 1 1 1 1 1 1 1 1 1 1 1 1 1 1 1 1 1 
1 1 1 1 1 1 1 1 1 1 1 1 1 1 1 1 1 1 1 1 1 1 1 1 1 1 1 1 1 1 1 1 1 1 1 1 1 1 1 1 
1 1 1 1 1 1 1 1 1 1 1 1 1 1 1 1 1 1 1 1 1 1 1 1 1 1 1 1 1 1 1 1 1 1 1 1 1 1 1 1 
1 1 1 1 1 1 1 1 1 1 1 1 1 1 1 1 1 1 1 1 1 1 1 1 1 1 1 1 1 1 1 1 1 1 1 1 1 1 1 1 
1 1 1 1 1 1 1 1 1 1 1 1 1 1 1 1 1 1 1 1 1 1 1 1 1 1 1 1 1 1 1 1 1 1 1 1 1 1 1 1 
1 1 1 1 1 1 1 1 1 1 1 1 1 1 1 1 1 1 1 1 1 1 1 1 1 1 1 1 1 1 1 1 1 1 1 1 1 1 1 1 
1 1 1 1 1 1 1 1 1 1 1 1 1 1 1 1 1 1 1 1 1 1 1 1 1 1 1 1 1 1 1 1 1 1 1 1 1 1 1 1 
0.01 0.01 0.01 0.01 0.01 0.01 0.01 0.01 0.01 0.01 0.01 0.01 0.01 0.01 0.01 0.01 0.01 0.01 0.01 0.01 0.01 0.01 0.01 0.01 0.01 0.01 0.01 0.01 0.01 0.01 0.01 0.01 0.01 0.01 0.01 0.01 0.01 0.01 0.01 0.01 
0.02 0.02 0.02 0.02 0.02 0.02 0.02 0.02 0.02 0.02 0.02 0.02 0.02 0.02 0.02 0.02 0.02 0.02 0.02 0.02 0.02 0.02 0.02 0.02 0.02 0.02 0.02 0.02 0.02 0.02 0.02 0.02 0.02 0.02 0.02 0.02 0.02 0.02 0.02 0.02 
0.03 0.03 0.03 0.03 0.03 0.03 0.03 0.03 0.03 0.03 0.03 0.03 0.03 0.03 0.03 0.03 0.03 0.03 0.03 0.03 0.03 0.03 0.03 0.03 0.03 0.03 0.03 0.03 0.03 0.03 0.03 0.03 0.03 0.03 0.03 0.03 0.03 0.03 0.03 0.03 
0.04 0.04 0.04 0.04 0.04 0.04 0.04 0.04 0.04 0.04 0.04 0.04 0.04 0.04 0.04 0.04 0.04 0.04 0.04 0.04 0.04 0.04 0.04 0.04 0.04 0.04 0.04 0.04 0.04 0.04 0.04 0.04 0.04 0.04 0.04 0.04 0.04 0.04 0.04 0.04 
0.05 0.05 0.05 0.05 0.05 0.05 0.05 0.05 0.05 0.05 0.05 0.05 0.05 0.05 0.05 0.05 0.05 0.05 0.05 0.05 0.05 0.05 0.05 0.05 0.05 0.05 0.05 0.05 0.05 0.05 0.05 0.05 0.05 0.05 0.05 0.05 0.05 0.05 0.05 0.05 
0.06 0.06 0.06 0.06 0.06 0.06 0.06 0.06 0.06 0.06 0.06 0.06 0.06 0.06 0.06 0.06 0.06 0.06 0.06 0.06 0.06 0.06 0.06 0.06 0.06 0.06 0.06 0.06 0.06 0.06 0.06 0.06 0.06 0.06 0.06 0.06 0.06 0.06 0.06 0.06 
0.07 0.07 0.07 0.07 0.07 0.07 0.07 0.07 0.07 0.07 0.07 0.07 0.07 0.07 0.07 0.07 0.07 0.07 0.07 0.07 0.07 0.07 0.07 0.07 0.07 0.07 0.07 0.07 0.07 0.07 0.07 0.07 0.07 0.07 0.07 0.07 0.07 0.07 0.07 0.07 
0.08 0.08 0.08 0.08 0.08 0.08 0.08 0.08 0.08 0.08 0.08 0.08 0.08 0.08 0.08 0.08 0.08 0.08 0.08 0.08 0.08 0.08 0.08 0.08 0.08 0.08 0.08 0.08 0.08 0.08 0.08 0.08 0.08 0.08 0.08 0.08 0.08 0.08 0.08 0.08 
0.09 0.09 0.09 0.09 0.09 0.09 0.09 0.09 0.09 0.09 0.09 0.09 0.09 0.09 0.09 0.09 0.09 0.09 0.09 0.09 0.09 0.09 0.09 0.09 0.09 0.09 0.09 0.09 0.09 0.09 0.09 0.09 0.09 0.09 0.09 0.09 0.09 0.09 0.09 0.09 
0.1 0.1 0.1 0.1 0.1 0.1 0.1 0.1 0.1 0.1 0.1 0.1 0.1 0.1 0.1 0.1 0.1 0.1 0.1 0.1 0.1 0.1 0.1 0.1 0.1 0.1 0.1 0.1 0.1 0.1 0.1 0.1 0.1 0.1 0.1 0.1 0.1 0.1 0.1 0.1 
0.5 0.5 0.5 0.5 0.5 0.5 0.5 0.5 0.5 0.5 0.5 0.5 0.5 0.5 0.5 0.5 0.5 0.5 0.5 0.5 0.5 0.5 0.5 0.5 0.5 0.5 0.5 0.5 0.5 0.5 0.5 0.5 0.5 0.5 0.5 0.5 0.5 0.5 0.5 0.5 
1 1 1 1 1 1 1 1 1 1 1 1 1 1 1 1 1 1 1 1 1 1 1 1 1 1 1 1 1 1 1 1 1 1 1 1 1 1 1 1 
