12 16 3 10
13 6 1 12 5 14 3 1 3 18 2 7 13 17 1 9 
13.55 2.06 0.51 3.76 7.36 3.39 7.71 1.92 3.44 7.24 5.32 4.66 9.24 11.9 3.84 8.56 
2.57 8.96 8.16 0.45 9.22 10.72 11.51 2.19 7.79 7.23 15.8 2.29 15.03 8.06 13.16 11.88 
1.26 5.39 5.4 1.93 8.18 14.22 3.63 0.09 4.25 1.81 12.96 7.57 14.85 8.31 9.92 11.98 
8 8 8 8 8 8 8 8 8 8 8 8 8 8 8 8 
10.54 11.68 6.7 5.05 1.05 7.26 13.16 10.33 2.01 10.01 3.4 5.56 15.71 15.38 9.14 15.66 
14.12 0.85 12.27 6.41 4.04 14.62 10.51 8.01 3.03 13.86 10.73 7.96 1.54 13.35 11.84 13.34 
6.86 7.4 5.35 15.71 15.23 3.48 10.86 15.52 8.17 1.8 10.07 7.63 6.03 1.22 10.52 13.67 
4.12 2.25 14.63 5.93 6.88 1.98 10.93 9.05 13.84 10.89 4.71 12.17 8.58 0.64 13.28 14.22 
11.9 11.21 0.91 3.93 13.02 2.81 9.24 10.95 8.93 6.98 4.09 7.12 1.68 4.7 14.48 12.5 
4.06 0.26 6.09 4.6 5.96 15.73 5.24 3.16 13.54 12.75 7.61 15.61 12.79 6.26 13.98 15.63 
7.56 1.28 3.29 2.19 13.6 15.65 6.27 4.5 8.98 5.22 4.38 3.13 6.14 8.52 1.29 13.38 
0.81 5.67 14.79 8.18 11.05 3.59 10.94 11.24 14.75 8.57 15.51 10.02 1.07 5.41 4.6 1.19 
1 1 1 1 1 1 1 1 1 1 1 1 1 1 1 1 
1 1 1 1 1 1 1 1 1 1 1 1 1 1 1 1 
1 1 1 1 1 1 1 1 1 1 1 1 1 1 1 1 
1 1 1 1 1 1 1 1 1 1 1 1 1 1 1 1 
1 1 1 1 1 1 1 1 1 1 1 1 1 1 1 1 
1 1 1 1 1 1 1 1 1 1 1 1 1 1 1 1 
1 1 1 1 1 1 1 1 1 1 1 1 1 1 1 1 
1 1 1 1 1 1 1 1 1 1 1 1 1 1 1 1 
1 1 1 1 1 1 1 1 1 1 1 1 1 1 1 1 
1 1 1 1 1 1 1 1 1 1 1 1 1 1 1 1 
1 1 1 1 1 1 1 1 1 1 1 1 1 1 1 1 
1 1 1 1 1 1 1 1 1 1 1 1 1 1 1 1 
0.01 0.01 0.01 0.01 0.01 0.01 0.01 0.01 0.01 0.01 0.01 0.01 0.01 0.01 0.01 0.01 
0.02 0.02 0.02 0.02 0.02 0.02 0.02 0.02 0.02 0.02 0.02 0.02 0.02 0.02 0.02 0.02 
0.03 0.03 0.03 0.03 0.03 0.03 0.03 0.03 0.03 0.03 0.03 0.03 0.03 0.03 0.03 0.03 
0.04 0.04 0.04 0.04 0.04 0.04 0.04 0.04 0.04 0.04 0.04 0.04 0.04 0.04 0.04 0.04 
0.125 0.125 0.125 0.125 0.125 0.125 0.125 0.125 0.125 0.125 0.125 0.125 0.125 0.125 0.125 0.125 
0.25 0.25 0.25 0.25 0.25 0.25 0.25 0.25 0.25 0.25 0.25 0.25 0.25 0.25 0.25 0.25 
0.375 0.375 0.375 0.375 0.375 0.375 0.375 0.375 0.375 0.375 0.375 0.375 0.375 0.375 0.375 0.375 
0.5 0.5 0.5 0.5 0.5 0.5 0.5 0.5 0.5 0.5 0.5 0.5 0.5 0.5 0.5 0.5 
0.625 0.625 0.625 0.625 0.625 0.625 0.625 0.625 0.625 0.625 0.625 0.625 0.625 0.625 0.625 0.625 
0.75 0.75 0.75 0.75 0.75 0.75 0.75 0.75 0.75 0.75 0.75 0.75 0.75 0.75 0.75 0.75 
0.875 0.875 0.875 0.875 0.875 0.875 0.875 0.875 0.875 0.875 0.875 0.875 0.875 0.875 0.875 0.875 
1 1 1 1 1 1 1 1 1 1 1 1 1 1 1 1 
