12 16 6 10
9 2 4 9 2 8 11 7 1 2 13 18 1 3 13 12 
7.89 14.88 0.37 1.21 11.37 2.29 13.04 10.16 5.4 4.87 6.93 4.35 11.8 11.78 14 13.37 
13.86 3.39 11.2 4.1 14.69 13.6 3.19 3.99 7 9.11 10.9 2.49 3.47 5.4 12.62 7.76 
13.28 2.27 7.09 7.48 12.61 14.26 10.34 8.02 12.62 13.49 10.43 0.62 12.28 0.82 2.64 15.3 
12.65 8.25 15.98 7.72 13.51 8.79 0.67 3.28 6.79 9.61 14.91 1.08 0.08 9.76 6.73 6.5 
5.99 13.78 13.9 3.01 10.13 6.7 8.7 9.88 14.63 6.55 3.74 9.59 6.57 12.31 1.82 1.19 
8.9 13.53 8.02 11.12 1.25 5.77 11.62 11.38 12.76 13.78 13.86 7.51 2.84 8.5 0.2 2.28 
8 8 8 8 8 8 8 8 8 8 8 8 8 8 8 8 
10.94 10.9 15.75 11.06 2.99 10.13 4.81 7.8 6.27 4.58 4.17 7.97 2.16 1.46 6.95 6.61 
2.42 13.43 0.46 5.6 5.98 10.47 5.24 7.19 11.48 0.86 1.92 2.79 12.54 7.21 3.6 14.96 
5.13 8.83 3.23 15.23 5.36 12.7 7.43 4.05 6.05 15.59 6.68 3.47 0.47 4.6 7.23 8.05 
8.51 11.76 11.92 14.75 6.41 0.42 10.15 15.98 12.74 2.8 14.57 6.62 2.26 11.7 0.91 15.96 
1.25 3.49 8.24 2.93 1.65 9.3 9.54 14.37 14.41 7.05 11.62 14.51 14.86 0.21 5.8 8.36 
1 1 1 1 1 1 1 1 1 1 1 1 1 1 1 1 
1 1 1 1 1 1 1 1 1 1 1 1 1 1 1 1 
1 1 1 1 1 1 1 1 1 1 1 1 1 1 1 1 
1 1 1 1 1 1 1 1 1 1 1 1 1 1 1 1 
1 1 1 1 1 1 1 1 1 1 1 1 1 1 1 1 
1 1 1 1 1 1 1 1 1 1 1 1 1 1 1 1 
1 1 1 1 1 1 1 1 1 1 1 1 1 1 1 1 
1 1 1 1 1 1 1 1 1 1 1 1 1 1 1 1 
1 1 1 1 1 1 1 1 1 1 1 1 1 1 1 1 
1 1 1 1 1 1 1 1 1 1 1 1 1 1 1 1 
1 1 1 1 1 1 1 1 1 1 1 1 1 1 1 1 
1 1 1 1 1 1 1 1 1 1 1 1 1 1 1 1 
0.01 0.01 0.01 0.01 0.01 0.01 0.01 0.01 0.01 0.01 0.01 0.01 0.01 0.01 0.01 0.01 
0.02 0.02 0.02 0.02 0.02 0.02 0.02 0.02 0.02 0.02 0.02 0.02 0.02 0.02 0.02 0.02 
0.03 0.03 0.03 0.03 0.03 0.03 0.03 0.03 0.03 0.03 0.03 0.03 0.03 0.03 0.03 0.03 
0.04 0.04 0.04 0.04 0.04 0.04 0.04 0.04 0.04 0.04 0.04 0.04 0.04 0.04 0.04 0.04 
0.05 0.05 0.05 0.05 0.05 0.05 0.05 0.05 0.05 0.05 0.05 0.05 0.05 0.05 0.05 0.05 
0.06 0.06 0.06 0.06 0.06 0.06 0.06 0.06 0.06 0.06 0.06 0.06 0.06 0.06 0.06 0.06 
0.07 0.07 0.07 0.07 0.07 0.07 0.07 0.07 0.07 0.07 0.07 0.07 0.07 0.07 0.07 0.07 
0.2 0.2 0.2 0.2 0.2 0.2 0.2 0.2 0.2 0.2 0.2 0.2 0.2 0.2 0.2 0.2 
0.4 0.4 0.4 0.4 0.4 0.4 0.4 0.4 0.4 0.4 0.4 0.4 0.4 0.4 0.4 0.4 
0.6 0.6 0.6 0.6 0.6 0.6 0.6 0.6 0.6 0.6 0.6 0.6 0.6 0.6 0.6 0.6 
0.8 0.8 0.8 0.8 0.8 0.8 0.8 0.8 0.8 0.8 0.8 0.8 0.8 0.8 0.8 0.8 
1 1 1 1 1 1 1 1 1 1 1 1 1 1 1 1 
