12 48 9 10
13 4 6 1 9 19 2 8 15 17 4 20 9 1 16 6 20 3 8 17 13 12 17 17 11 7 11 6 4 8 12 5 13 17 1 13 10 6 11 11 16 19 12 6 16 10 20 13 
2.76 14.47 1.88 3.41 9.74 6.78 15.35 7.68 4.97 2.93 0.31 3.86 4.84 14.96 12.32 12.37 1.7 0.56 10.3 5.53 6.13 2.78 3.47 1.97 3.39 12.77 7.26 3.13 15.74 5.05 3.63 10.81 6.23 11.77 12.49 0.67 12.07 5.25 3.45 8.56 10.63 13.29 12.22 11.27 10.16 6.17 9.28 7.74 
5.46 1.66 4.55 4.71 6.57 9.11 7.71 3.87 2.84 13.11 10.08 10.32 13.58 4.3 12.78 6.19 11.92 1.33 1.06 1.7 1.94 7.8 14.58 11.8 8.59 8.7 15.24 1.85 0.26 13.99 4.98 9.87 4.02 11.88 9.99 9.69 11.97 3.97 11.59 9.82 2.88 8.14 15.03 13.38 12.63 6.24 14.46 9.42 
13.97 1.92 1.36 0.78 11.26 0.64 14.77 13.48 3.44 10.71 4.74 5.27 4.02 11.59 14.96 6.52 13.24 7.68 11.36 11.1 2.22 5.84 4.03 2.05 9.28 11 9.15 3.46 9.28 14.6 15.43 10.06 7.36 8.63 15.36 14.54 9.32 4.7 8.55 3.04 10.95 15.69 0.18 10.54 9.7 12.04 0.43 0.32 
4.2 11.68 4.94 11.12 4.97 3.99 12.08 7.4 2.04 0.63 15.04 5.02 5.7 6.98 7.67 4.03 11.96 8.2 13.11 7.93 9.67 9.3 14.99 11.11 8.6 3.11 15.62 11.17 1.19 3.28 5.67 5.37 14.81 9.05 3.94 6 4.83 15.59 6.43 15.22 12.43 13.46 14.85 8.73 14.03 14.92 3.6 15.92 
7.79 4.8 8.22 10.72 11.66 2.7 6 4.51 6.87 8.47 1.65 10.28 13.77 8.96 5.88 8.88 7 0.19 10.89 5.17 4.57 14.24 2.4 10.68 2.03 1.64 11.67 2.95 9.03 10.5 11.04 5.84 1.43 0.55 6.89 15.93 8.79 9.99 2.76 8.86 2.95 0.84 7.75 1.16 13.05 9.23 5.27 0.22 
1.45 15.12 7.15 4.75 5.07 14.84 11.02 13.38 13.64 10.76 7.89 12.67 0.18 11.09 5.01 1.5 4.62 7.57 5.24 0.03 6.78 3.36 9.9 0.86 1.46 2.09 4.19 5.34 13.6 12.8 0.27 0.93 7.46 1.56 7.77 2.31 5.33 11.5 10.42 1.96 5.42 10.94 1.47 5.4 13.92 2.55 6.07 13.49 
2.55 3.17 2.5 7.78 11.52 5.02 7.63 8.69 10.42 6.07 11.19 2.88 11.6 0.15 10.31 2.61 14.35 4.7 14.6 5.05 3.67 14.66 0.58 5.17 2.81 11.07 15.09 9.26 6.77 5.87 13.13 5.95 3.81 6.28 5.46 1.08 9.42 3.06 5.94 13.29 15.77 7.41 5.1 7.32 7.47 13.24 1.78 12.09 
4.27 1.89 9.22 15.87 3.12 13.71 5.61 1.75 13.05 1.4 11.44 15.46 15.54 11.15 10.56 11.88 0.81 9.53 9.56 2.23 4.37 11.73 12.01 9.98 1.03 14.25 3.52 9.1 6.98 10.26 10.28 10.12 0.25 11.84 15.42 4.56 2.96 11.88 10.35 1 14.17 6.69 15 8.58 0.86 10.12 5.82 9.33 
0.98 4.85 0.76 2.37 4.56 4.41 0.44 5.15 3.77 12.28 0.49 4.67 8.73 0.26 7.8 13.2 8.7 2.61 4.74 8.94 9.69 3.99 9.69 6.44 15.56 9.35 12.13 0.92 7.94 15.29 4.4 7.75 6.87 2.87 4.16 15.69 10.77 0.57 6.84 10.86 13.77 4.46 14.63 5.59 10.33 13.9 7.85 15.18 
8 8 8 8 8 8 8 8 8 8 8 8 8 8 8 8 8 8 8 8 8 8 8 8 8 8 8 8 8 8 8 8 8 8 8 8 8 8 8 8 8 8 8 8 8 8 8 8 
4.49 5.42 10.94 1.19 4.82 5.04 11.56 13.59 7.82 3.46 9.8 13.69 14.25 15.76 0.6 3.95 3.21 4.64 1.95 15.31 4.22 4.34 0.05 0.9 9.97 8.48 14.18 0.93 9.53 12.43 10.75 15.86 13.79 0.3 0.25 11.95 8.44 5.96 7.45 12.42 6.82 4.14 0.42 11.78 11.71 3.59 9.35 3.02 
2.23 2.2 12.02 7.79 14.03 15.24 5.57 9.74 5.38 0.14 15.2 6.47 9.1 0.86 1.07 0.94 0.24 14.33 6.07 10.67 12.56 8.05 14.64 8.92 3.07 14.87 8.85 15.68 7.74 1.86 6.8 7.7 2.11 9.37 2.66 6.67 0.08 6.79 6.43 8.23 14.53 15.65 1.49 9.87 5.93 15.1 12.56 2.7 
1 1 1 1 1 1 1 1 1 1 1 1 1 1 1 1 1 1 1 1 1 1 1 1 1 1 1 1 1 1 1 1 1 1 1 1 1 1 1 1 1 1 1 1 1 1 1 1 
1 1 1 1 1 1 1 1 1 1 1 1 1 1 1 1 1 1 1 1 1 1 1 1 1 1 1 1 1 1 1 1 1 1 1 1 1 1 1 1 1 1 1 1 1 1 1 1 
1 1 1 1 1 1 1 1 1 1 1 1 1 1 1 1 1 1 1 1 1 1 1 1 1 1 1 1 1 1 1 1 1 1 1 1 1 1 1 1 1 1 1 1 1 1 1 1 
1 1 1 1 1 1 1 1 1 1 1 1 1 1 1 1 1 1 1 1 1 1 1 1 1 1 1 1 1 1 1 1 1 1 1 1 1 1 1 1 1 1 1 1 1 1 1 1 
1 1 1 1 1 1 1 1 1 1 1 1 1 1 1 1 1 1 1 1 1 1 1 1 1 1 1 1 1 1 1 1 1 1 1 1 1 1 1 1 1 1 1 1 1 1 1 1 
1 1 1 1 1 1 1 1 1 1 1 1 1 1 1 1 1 1 1 1 1 1 1 1 1 1 1 1 1 1 1 1 1 1 1 1 1 1 1 1 1 1 1 1 1 1 1 1 
1 1 1 1 1 1 1 1 1 1 1 1 1 1 1 1 1 1 1 1 1 1 1 1 1 1 1 1 1 1 1 1 1 1 1 1 1 1 1 1 1 1 1 1 1 1 1 1 
1 1 1 1 1 1 1 1 1 1 1 1 1 1 1 1 1 1 1 1 1 1 1 1 1 1 1 1 1 1 1 1 1 1 1 1 1 1 1 1 1 1 1 1 1 1 1 1 
1 1 1 1 1 1 1 1 1 1 1 1 1 1 1 1 1 1 1 1 1 1 1 1 1 1 1 1 1 1 1 1 1 1 1 1 1 1 1 1 1 1 1 1 1 1 1 1 
1 1 1 1 1 1 1 1 1 1 1 1 1 1 1 1 1 1 1 1 1 1 1 1 1 1 1 1 1 1 1 1 1 1 1 1 1 1 1 1 1 1 1 1 1 1 1 1 
1 1 1 1 1 1 1 1 1 1 1 1 1 1 1 1 1 1 1 1 1 1 1 1 1 1 1 1 1 1 1 1 1 1 1 1 1 1 1 1 1 1 1 1 1 1 1 1 
1 1 1 1 1 1 1 1 1 1 1 1 1 1 1 1 1 1 1 1 1 1 1 1 1 1 1 1 1 1 1 1 1 1 1 1 1 1 1 1 1 1 1 1 1 1 1 1 
0.01 0.01 0.01 0.01 0.01 0.01 0.01 0.01 0.01 0.01 0.01 0.01 0.01 0.01 0.01 0.01 0.01 0.01 0.01 0.01 0.01 0.01 0.01 0.01 0.01 0.01 0.01 0.01 0.01 0.01 0.01 0.01 0.01 0.01 0.01 0.01 0.01 0.01 0.01 0.01 0.01 0.01 0.01 0.01 0.01 0.01 0.01 0.01 
0.02 0.02 0.02 0.02 0.02 0.02 0.02 0.02 0.02 0.02 0.02 0.02 0.02 0.02 0.02 0.02 0.02 0.02 0.02 0.02 0.02 0.02 0.02 0.02 0.02 0.02 0.02 0.02 0.02 0.02 0.02 0.02 0.02 0.02 0.02 0.02 0.02 0.02 0.02 0.02 0.02 0.02 0.02 0.02 0.02 0.02 0.02 0.02 
0.03 0.03 0.03 0.03 0.03 0.03 0.03 0.03 0.03 0.03 0.03 0.03 0.03 0.03 0.03 0.03 0.03 0.03 0.03 0.03 0.03 0.03 0.03 0.03 0.03 0.03 0.03 0.03 0.03 0.03 0.03 0.03 0.03 0.03 0.03 0.03 0.03 0.03 0.03 0.03 0.03 0.03 0.03 0.03 0.03 0.03 0.03 0.03 
0.04 0.04 0.04 0.04 0.04 0.04 0.04 0.04 0.04 0.04 0.04 0.04 0.04 0.04 0.04 0.04 0.04 0.04 0.04 0.04 0.04 0.04 0.04 0.04 0.04 0.04 0.04 0.04 0.04 0.04 0.04 0.04 0.04 0.04 0.04 0.04 0.04 0.04 0.04 0.04 0.04 0.04 0.04 0.04 0.04 0.04 0.04 0.04 
0.05 0.05 0.05 0.05 0.05 0.05 0.05 0.05 0.05 0.05 0.05 0.05 0.05 0.05 0.05 0.05 0.05 0.05 0.05 0.05 0.05 0.05 0.05 0.05 0.05 0.05 0.05 0.05 0.05 0.05 0.05 0.05 0.05 0.05 0.05 0.05 0.05 0.05 0.05 0.05 0.05 0.05 0.05 0.05 0.05 0.05 0.05 0.05 
0.06 0.06 0.06 0.06 0.06 0.06 0.06 0.06 0.06 0.06 0.06 0.06 0.06 0.06 0.06 0.06 0.06 0.06 0.06 0.06 0.06 0.06 0.06 0.06 0.06 0.06 0.06 0.06 0.06 0.06 0.06 0.06 0.06 0.06 0.06 0.06 0.06 0.06 0.06 0.06 0.06 0.06 0.06 0.06 0.06 0.06 0.06 0.06 
0.07 0.07 0.07 0.07 0.07 0.07 0.07 0.07 0.07 0.07 0.07 0.07 0.07 0.07 0.07 0.07 0.07 0.07 0.07 0.07 0.07 0.07 0.07 0.07 0.07 0.07 0.07 0.07 0.07 0.07 0.07 0.07 0.07 0.07 0.07 0.07 0.07 0.07 0.07 0.07 0.07 0.07 0.07 0.07 0.07 0.07 0.07 0.07 
0.08 0.08 0.08 0.08 0.08 0.08 0.08 0.08 0.08 0.08 0.08 0.08 0.08 0.08 0.08 0.08 0.08 0.08 0.08 0.08 0.08 0.08 0.08 0.08 0.08 0.08 0.08 0.08 0.08 0.08 0.08 0.08 0.08 0.08 0.08 0.08 0.08 0.08 0.08 0.08 0.08 0.08 0.08 0.08 0.08 0.08 0.08 0.08 
0.09 0.09 0.09 0.09 0.09 0.09 0.09 0.09 0.09 0.09 0.09 0.09 0.09 0.09 0.09 0.09 0.09 0.09 0.09 0.09 0.09 0.09 0.09 0.09 0.09 0.09 0.09 0.09 0.09 0.09 0.09 0.09 0.09 0.09 0.09 0.09 0.09 0.09 0.09 0.09 0.09 0.09 0.09 0.09 0.09 0.09 0.09 0.09 
0.1 0.1 0.1 0.1 0.1 0.1 0.1 0.1 0.1 0.1 0.1 0.1 0.1 0.1 0.1 0.1 0.1 0.1 0.1 0.1 0.1 0.1 0.1 0.1 0.1 0.1 0.1 0.1 0.1 0.1 0.1 0.1 0.1 0.1 0.1 0.1 0.1 0.1 0.1 0.1 0.1 0.1 0.1 0.1 0.1 0.1 0.1 0.1 
0.5 0.5 0.5 0.5 0.5 0.5 0.5 0.5 0.5 0.5 0.5 0.5 0.5 0.5 0.5 0.5 0.5 0.5 0.5 0.5 0.5 0.5 0.5 0.5 0.5 0.5 0.5 0.5 0.5 0.5 0.5 0.5 0.5 0.5 0.5 0.5 0.5 0.5 0.5 0.5 0.5 0.5 0.5 0.5 0.5 0.5 0.5 0.5 
1 1 1 1 1 1 1 1 1 1 1 1 1 1 1 1 1 1 1 1 1 1 1 1 1 1 1 1 1 1 1 1 1 1 1 1 1 1 1 1 1 1 1 1 1 1 1 1 
