6 16 2 10
7 17 9 1 14 9 10 15 15 17 11 4 6 16 17 11 
7.29 15.87 3.36 6 5.19 9.22 14.65 11.05 15.15 7.56 9.84 7.19 3.74 5.08 6.86 11.81 
13.91 15.17 3.88 15.15 4.17 7.91 4.98 8.81 6.44 12.59 2.27 5.05 3.8 9.04 1.3 10.89 
8 8 8 8 8 8 8 8 8 8 8 8 8 8 8 8 
7.89 11.64 2.86 13.16 3.46 4.67 4.89 12.57 6.82 7.29 6.08 14.87 8.77 5.54 0.93 3.85 
0.32 6.09 5.19 13.29 7.13 4.47 15.72 15.25 0.38 2.42 13.5 13.94 2.51 4.75 8.73 9.22 
12.36 11.05 12.25 3.55 3.46 2.46 12.96 4.85 0.87 8.01 5.98 0.97 15.4 7.96 12.15 12.77 
1 1 1 1 1 1 1 1 1 1 1 1 1 1 1 1 
1 1 1 1 1 1 1 1 1 1 1 1 1 1 1 1 
1 1 1 1 1 1 1 1 1 1 1 1 1 1 1 1 
1 1 1 1 1 1 1 1 1 1 1 1 1 1 1 1 
1 1 1 1 1 1 1 1 1 1 1 1 1 1 1 1 
1 1 1 1 1 1 1 1 1 1 1 1 1 1 1 1 
0.01 0.01 0.01 0.01 0.01 0.01 0.01 0.01 0.01 0.01 0.01 0.01 0.01 0.01 0.01 0.01 
0.02 0.02 0.02 0.02 0.02 0.02 0.02 0.02 0.02 0.02 0.02 0.02 0.02 0.02 0.02 0.02 
0.03 0.03 0.03 0.03 0.03 0.03 0.03 0.03 0.03 0.03 0.03 0.03 0.03 0.03 0.03 0.03 
0.333333 0.333333 0.333333 0.333333 0.333333 0.333333 0.333333 0.333333 0.333333 0.333333 0.333333 0.333333 0.333333 0.333333 0.333333 0.333333 
0.666667 0.666667 0.666667 0.666667 0.666667 0.666667 0.666667 0.666667 0.666667 0.666667 0.666667 0.666667 0.666667 0.666667 0.666667 0.666667 
1 1 1 1 1 1 1 1 1 1 1 1 1 1 1 1 
