6 24 2 10
12 18 4 17 4 9 7 14 1 11 3 16 12 20 6 7 8 19 16 6 17 18 1 17 
11.7 5.09 15.46 2.68 2.06 6.6 1.63 14.2 13.41 4.07 10.39 0.69 1.42 11.67 14.12 5.66 4.63 13.47 12.78 13.97 15.65 1.74 0.59 10.34 
13.54 13.4 12.14 4.71 8.12 10.19 9.77 5.34 11.32 8.25 12.26 1.96 3.15 0.67 10.97 15.7 0.03 4.68 11.75 9.76 12.54 13.71 8.83 9.8 
8 8 8 8 8 8 8 8 8 8 8 8 8 8 8 8 8 8 8 8 8 8 8 8 
12.02 5.8 1.52 6.71 10.25 0.19 1.6 15.25 11.84 11.68 15.79 8 10.99 6.61 0.43 4.17 14.16 10.3 11.11 7.66 2.56 3.18 2.96 2.47 
1.11 7.89 12.22 11.08 11.32 12 1.5 0.91 10.35 2.69 8.2 10.6 12.88 12.19 3.7 11.82 3.36 3.76 2.6 5.47 10.14 7.23 13.37 10.43 
3.44 13.06 9.87 6.66 8.36 14.96 8.45 13.97 3.82 4.55 5.8 15.12 10.38 13.8 1.4 1.9 9.95 9.48 1.87 14.5 0.73 0.88 2.83 4.05 
1 1 1 1 1 1 1 1 1 1 1 1 1 1 1 1 1 1 1 1 1 1 1 1 
1 1 1 1 1 1 1 1 1 1 1 1 1 1 1 1 1 1 1 1 1 1 1 1 
1 1 1 1 1 1 1 1 1 1 1 1 1 1 1 1 1 1 1 1 1 1 1 1 
1 1 1 1 1 1 1 1 1 1 1 1 1 1 1 1 1 1 1 1 1 1 1 1 
1 1 1 1 1 1 1 1 1 1 1 1 1 1 1 1 1 1 1 1 1 1 1 1 
1 1 1 1 1 1 1 1 1 1 1 1 1 1 1 1 1 1 1 1 1 1 1 1 
0.01 0.01 0.01 0.01 0.01 0.01 0.01 0.01 0.01 0.01 0.01 0.01 0.01 0.01 0.01 0.01 0.01 0.01 0.01 0.01 0.01 0.01 0.01 0.01 
0.02 0.02 0.02 0.02 0.02 0.02 0.02 0.02 0.02 0.02 0.02 0.02 0.02 0.02 0.02 0.02 0.02 0.02 0.02 0.02 0.02 0.02 0.02 0.02 
0.03 0.03 0.03 0.03 0.03 0.03 0.03 0.03 0.03 0.03 0.03 0.03 0.03 0.03 0.03 0.03 0.03 0.03 0.03 0.03 0.03 0.03 0.03 0.03 
0.333333 0.333333 0.333333 0.333333 0.333333 0.333333 0.333333 0.333333 0.333333 0.333333 0.333333 0.333333 0.333333 0.333333 0.333333 0.333333 0.333333 0.333333 0.333333 0.333333 0.333333 0.333333 0.333333 0.333333 
0.666667 0.666667 0.666667 0.666667 0.666667 0.666667 0.666667 0.666667 0.666667 0.666667 0.666667 0.666667 0.666667 0.666667 0.666667 0.666667 0.666667 0.666667 0.666667 0.666667 0.666667 0.666667 0.666667 0.666667 
1 1 1 1 1 1 1 1 1 1 1 1 1 1 1 1 1 1 1 1 1 1 1 1 
