3 24 1 10
15 16 10 2 11 9 9 19 6 16 19 5 14 5 16 18 18 15 6 9 19 20 18 20 
8.1 0.91 9.09 8.64 1.84 13.81 12.19 9.48 2.77 14.35 8.54 8.77 2.02 13.48 1.17 10.13 9.74 12.66 7.86 0.7 10.8 4.36 12.65 10.06 
8 8 8 8 8 8 8 8 8 8 8 8 8 8 8 8 8 8 8 8 8 8 8 8 
15.72 9.55 1.35 15.72 10.1 9.87 9.23 9.14 10.41 11.36 8.69 5.14 8.92 6.65 13.9 9.14 7.23 2.86 8.56 11.19 11.06 7.2 1.43 6.6 
1 1 1 1 1 1 1 1 1 1 1 1 1 1 1 1 1 1 1 1 1 1 1 1 
1 1 1 1 1 1 1 1 1 1 1 1 1 1 1 1 1 1 1 1 1 1 1 1 
1 1 1 1 1 1 1 1 1 1 1 1 1 1 1 1 1 1 1 1 1 1 1 1 
0.01 0.01 0.01 0.01 0.01 0.01 0.01 0.01 0.01 0.01 0.01 0.01 0.01 0.01 0.01 0.01 0.01 0.01 0.01 0.01 0.01 0.01 0.01 0.01 
0.02 0.02 0.02 0.02 0.02 0.02 0.02 0.02 0.02 0.02 0.02 0.02 0.02 0.02 0.02 0.02 0.02 0.02 0.02 0.02 0.02 0.02 0.02 0.02 
1 1 1 1 1 1 1 1 1 1 1 1 1 1 1 1 1 1 1 1 1 1 1 1 
