6 32 2 10
8 1 4 8 5 11 14 14 13 10 2 11 17 12 9 14 20 1 10 10 5 15 17 15 15 5 14 19 2 2 8 2 
12.9 15.6 7.02 14.74 0.5 14.18 7.44 9.76 7.74 2.91 2.53 8.84 0.39 8.1 12.93 13.99 14.39 10.05 2.2 14.4 10.35 12.27 4.41 15.41 4.14 0.45 5.55 4.67 9.94 15.18 14.04 3.64 
2.38 14.55 10.57 13.91 10.43 5.41 14.49 11.32 14.63 8.61 9.02 8.32 7.44 8.25 14.2 10.89 9.37 12.21 12.13 12.9 15.22 15.22 6.74 10.15 4.16 7.51 0.27 5.07 12.56 11.79 8.68 8.7 
8 8 8 8 8 8 8 8 8 8 8 8 8 8 8 8 8 8 8 8 8 8 8 8 8 8 8 8 8 8 8 8 
3.62 13.74 14.51 12.97 14.91 5.62 7.83 3.09 6.1 5.77 5.74 4.51 14.3 9.37 3.88 9.26 4.5 4.17 14.23 7.51 6.82 10.16 7.12 4.52 1.3 3.15 4.75 4.34 14.32 9.09 9.56 0.17 
11.54 11.8 5.45 5.22 0.37 9.18 15.44 8.8 4.57 5.68 1.37 7.28 4.76 11.86 8.17 0.84 7.65 15.48 10.21 12.18 4.89 0.06 12.47 13.01 15.26 13.58 13.06 12.18 6.24 10.66 5.4 8.27 
6.04 8.13 6.81 3.68 4.31 15.39 15.59 4.89 8.35 14.1 6.58 5.41 8.4 2.83 1.08 1.01 5.5 2.88 12.75 10.58 14.49 11.55 7.57 8.81 2.21 5.32 14.75 10.99 11.14 1.18 15.14 8.9 
1 1 1 1 1 1 1 1 1 1 1 1 1 1 1 1 1 1 1 1 1 1 1 1 1 1 1 1 1 1 1 1 
1 1 1 1 1 1 1 1 1 1 1 1 1 1 1 1 1 1 1 1 1 1 1 1 1 1 1 1 1 1 1 1 
1 1 1 1 1 1 1 1 1 1 1 1 1 1 1 1 1 1 1 1 1 1 1 1 1 1 1 1 1 1 1 1 
1 1 1 1 1 1 1 1 1 1 1 1 1 1 1 1 1 1 1 1 1 1 1 1 1 1 1 1 1 1 1 1 
1 1 1 1 1 1 1 1 1 1 1 1 1 1 1 1 1 1 1 1 1 1 1 1 1 1 1 1 1 1 1 1 
1 1 1 1 1 1 1 1 1 1 1 1 1 1 1 1 1 1 1 1 1 1 1 1 1 1 1 1 1 1 1 1 
0.01 0.01 0.01 0.01 0.01 0.01 0.01 0.01 0.01 0.01 0.01 0.01 0.01 0.01 0.01 0.01 0.01 0.01 0.01 0.01 0.01 0.01 0.01 0.01 0.01 0.01 0.01 0.01 0.01 0.01 0.01 0.01 
0.02 0.02 0.02 0.02 0.02 0.02 0.02 0.02 0.02 0.02 0.02 0.02 0.02 0.02 0.02 0.02 0.02 0.02 0.02 0.02 0.02 0.02 0.02 0.02 0.02 0.02 0.02 0.02 0.02 0.02 0.02 0.02 
0.03 0.03 0.03 0.03 0.03 0.03 0.03 0.03 0.03 0.03 0.03 0.03 0.03 0.03 0.03 0.03 0.03 0.03 0.03 0.03 0.03 0.03 0.03 0.03 0.03 0.03 0.03 0.03 0.03 0.03 0.03 0.03 
0.333333 0.333333 0.333333 0.333333 0.333333 0.333333 0.333333 0.333333 0.333333 0.333333 0.333333 0.333333 0.333333 0.333333 0.333333 0.333333 0.333333 0.333333 0.333333 0.333333 0.333333 0.333333 0.333333 0.333333 0.333333 0.333333 0.333333 0.333333 0.333333 0.333333 0.333333 0.333333 
0.666667 0.666667 0.666667 0.666667 0.666667 0.666667 0.666667 0.666667 0.666667 0.666667 0.666667 0.666667 0.666667 0.666667 0.666667 0.666667 0.666667 0.666667 0.666667 0.666667 0.666667 0.666667 0.666667 0.666667 0.666667 0.666667 0.666667 0.666667 0.666667 0.666667 0.666667 0.666667 
1 1 1 1 1 1 1 1 1 1 1 1 1 1 1 1 1 1 1 1 1 1 1 1 1 1 1 1 1 1 1 1 
