6 32 2 10
8 20 13 12 1 14 10 8 7 8 18 8 5 11 9 4 1 8 8 4 8 11 12 2 13 3 14 3 8 17 14 8 
8.44 14.23 1.32 10.64 4.51 13.52 10.99 8.75 4.94 0.78 10.74 5.36 7.5 7.76 15.3 2.03 1.82 3.92 12.98 3.59 4.87 0.1 9.05 6.35 4.73 15.71 12.86 13.7 1.79 6.44 5.92 15.57 
11.48 12.28 14.28 10.26 2.51 14.67 5.56 7.45 7.4 13.06 11.66 11.59 3.76 4.35 13.96 14.62 11.27 0.35 10.51 8.26 10.84 12.57 9.79 12.81 1.03 7.95 1.71 3.91 6.91 12.76 8.86 8.67 
8 8 8 8 8 8 8 8 8 8 8 8 8 8 8 8 8 8 8 8 8 8 8 8 8 8 8 8 8 8 8 8 
3.55 3.07 5.61 5.37 10.89 9.78 14.47 4.93 10.47 8.99 6.2 8.59 12.15 6.04 8.44 9.16 13.02 3.47 4.51 3.35 6.74 13.89 13.08 9.04 0.31 9.99 12.18 10.57 8.4 3.41 15.73 6.95 
13.42 3.65 2.78 13.85 4.37 6.99 15.99 1.57 14.07 0.52 13.7 11.8 9.08 9.11 5.24 8.24 2.43 5.2 8.6 3.64 5.32 14.22 8.99 0.31 11.05 7.23 5.13 2.73 2.92 13.35 12.42 6.82 
7.02 11.85 12.65 11.72 10.46 5.39 0.45 2.69 12.12 15.73 13.26 11.12 5.54 15.65 2.25 4.19 14.27 6.82 13.62 13.26 12.73 0.32 10.5 6.33 15.32 2.03 4.77 1.35 14.14 14.96 9.92 8.82 
1 1 1 1 1 1 1 1 1 1 1 1 1 1 1 1 1 1 1 1 1 1 1 1 1 1 1 1 1 1 1 1 
1 1 1 1 1 1 1 1 1 1 1 1 1 1 1 1 1 1 1 1 1 1 1 1 1 1 1 1 1 1 1 1 
1 1 1 1 1 1 1 1 1 1 1 1 1 1 1 1 1 1 1 1 1 1 1 1 1 1 1 1 1 1 1 1 
1 1 1 1 1 1 1 1 1 1 1 1 1 1 1 1 1 1 1 1 1 1 1 1 1 1 1 1 1 1 1 1 
1 1 1 1 1 1 1 1 1 1 1 1 1 1 1 1 1 1 1 1 1 1 1 1 1 1 1 1 1 1 1 1 
1 1 1 1 1 1 1 1 1 1 1 1 1 1 1 1 1 1 1 1 1 1 1 1 1 1 1 1 1 1 1 1 
0.01 0.01 0.01 0.01 0.01 0.01 0.01 0.01 0.01 0.01 0.01 0.01 0.01 0.01 0.01 0.01 0.01 0.01 0.01 0.01 0.01 0.01 0.01 0.01 0.01 0.01 0.01 0.01 0.01 0.01 0.01 0.01 
0.02 0.02 0.02 0.02 0.02 0.02 0.02 0.02 0.02 0.02 0.02 0.02 0.02 0.02 0.02 0.02 0.02 0.02 0.02 0.02 0.02 0.02 0.02 0.02 0.02 0.02 0.02 0.02 0.02 0.02 0.02 0.02 
0.03 0.03 0.03 0.03 0.03 0.03 0.03 0.03 0.03 0.03 0.03 0.03 0.03 0.03 0.03 0.03 0.03 0.03 0.03 0.03 0.03 0.03 0.03 0.03 0.03 0.03 0.03 0.03 0.03 0.03 0.03 0.03 
0.333333 0.333333 0.333333 0.333333 0.333333 0.333333 0.333333 0.333333 0.333333 0.333333 0.333333 0.333333 0.333333 0.333333 0.333333 0.333333 0.333333 0.333333 0.333333 0.333333 0.333333 0.333333 0.333333 0.333333 0.333333 0.333333 0.333333 0.333333 0.333333 0.333333 0.333333 0.333333 
0.666667 0.666667 0.666667 0.666667 0.666667 0.666667 0.666667 0.666667 0.666667 0.666667 0.666667 0.666667 0.666667 0.666667 0.666667 0.666667 0.666667 0.666667 0.666667 0.666667 0.666667 0.666667 0.666667 0.666667 0.666667 0.666667 0.666667 0.666667 0.666667 0.666667 0.666667 0.666667 
1 1 1 1 1 1 1 1 1 1 1 1 1 1 1 1 1 1 1 1 1 1 1 1 1 1 1 1 1 1 1 1 
