12 40 6 10
7 5 8 7 8 4 4 2 9 20 20 3 10 13 11 17 9 17 5 19 14 13 2 16 14 20 9 3 12 11 18 15 13 8 8 5 7 18 7 19 
9.81 13.62 15.5 6.51 9.27 14.44 13.04 2.33 3.73 0.62 9.26 10.88 15.87 12.42 1.61 6.94 5.39 6.17 7.09 6.36 11.67 15.88 1.89 8.1 10.74 6.13 4.84 6.91 12.38 0.58 3.28 15.8 5.98 13.41 5.48 13.32 11.77 8 11.74 5.29 
4.65 7.15 8.52 1.08 15.43 1.5 15.63 6.56 9.21 10.59 3.17 10.06 4.43 0.68 12.91 6.8 13.93 0.17 1.86 15.04 11.65 5.81 14.37 13.03 2.58 0.3 14.12 14.76 2.66 13.64 13.1 4.5 1.58 12.16 15.01 15.99 10.43 3.91 2.36 11.56 
0.7 3.96 7.81 8.14 15.76 0.09 8.47 14.75 3.6 1.53 5.81 1.79 13.25 8.33 13.81 1.93 0.55 9.61 2.47 14.58 7.06 10.24 10.68 14.64 7.82 14.96 3.7 5.91 11.23 2.63 4.11 0.66 10.53 10.84 5.74 2.11 6.42 6.78 6.68 12.41 
6.33 1.77 3.22 10.01 8.53 12.65 12.9 0.64 11.73 13.44 5.21 2.09 13.5 11.05 10.07 7.09 15.15 15.14 9.83 1.76 4.26 11.42 4.29 5.81 15.43 15.09 9.36 2.62 2.11 15.13 13.58 12.02 1.34 0.29 5.55 1.6 15.65 13.46 12.65 11.01 
3.79 14.63 9.89 4.12 7.31 9.5 13.79 12.69 6.29 10.95 15.11 8.32 11.85 12.69 15.1 11.59 7.9 9.62 6.71 11.35 14.27 9.02 1.35 4.47 4.4 14.93 9.95 8.05 3.38 8.81 12.5 15.17 9.76 7.68 10.18 6.43 4.28 13.38 7.44 15.76 
14.38 1.83 6.4 8.5 0.41 3.49 9.95 11.58 7.61 15.32 3.21 10.34 0.91 4.13 14.36 5.93 6.66 5.48 7.63 10.56 8.64 10.47 6.91 7.8 8.76 12.18 8.46 2.79 7.74 10.44 3.77 9.79 12.55 15.09 1.12 1.77 12.23 7.05 9.38 1.29 
8 8 8 8 8 8 8 8 8 8 8 8 8 8 8 8 8 8 8 8 8 8 8 8 8 8 8 8 8 8 8 8 8 8 8 8 8 8 8 8 
10.26 14.51 9.03 9.78 9.45 5.84 15.42 13.63 6.79 6.95 15.64 0.66 13.77 2.3 5.09 14.77 5.81 5.64 12.92 0.86 5.38 11.59 2.84 7.58 15.34 8.31 2.27 14.18 15.05 10.11 3.59 2.51 8.21 15.26 8.28 11.52 11.03 0.83 11.81 5.11 
8.28 0.95 2.27 15.34 8.25 13.93 1.31 10.11 13.5 10.15 9.97 7.39 0.87 15.15 4.25 8.71 15.8 6.29 6.12 9.32 5.43 7.76 12.76 5.43 1.98 0.11 11.81 12.07 14.36 11.89 6.53 13.49 13.54 3.07 11.85 6.73 5.73 5.52 8.64 12.81 
4.87 13.76 15.25 3.85 8.23 8.07 4.95 14.7 9.98 4.31 7.15 14.09 4.81 11.01 11.23 15.64 1.13 10.74 11.16 14.78 6.34 9.6 14.64 2.49 2.67 7.95 4.26 14.5 3.41 5.19 15.4 7.4 4.54 2.39 5.97 12.75 2.49 11.31 10.19 11.79 
10.02 13.56 15.72 14.65 12.47 0.61 9.39 8.79 11.98 15.88 12.82 11.05 1.11 8.21 14.94 3.13 11.87 0.97 4.11 13.19 7.95 14.02 4.3 10.82 9.02 7.76 12.3 5.03 6.1 6.06 8.23 13.95 7.8 4.33 0.42 2.04 3.77 6.02 0.88 14.86 
5.94 12.39 0.99 5.74 4.39 10.45 2.68 6.39 8.5 1.09 8.59 13.74 3.48 7.71 4.05 6.35 6.05 8.31 8.93 6.28 9.12 5.6 7.53 15.86 11.83 5.35 2.49 8.96 12.18 7.5 3.11 8.07 4.74 6.42 12.03 1.8 10.03 12.01 8.31 11.11 
1 1 1 1 1 1 1 1 1 1 1 1 1 1 1 1 1 1 1 1 1 1 1 1 1 1 1 1 1 1 1 1 1 1 1 1 1 1 1 1 
1 1 1 1 1 1 1 1 1 1 1 1 1 1 1 1 1 1 1 1 1 1 1 1 1 1 1 1 1 1 1 1 1 1 1 1 1 1 1 1 
1 1 1 1 1 1 1 1 1 1 1 1 1 1 1 1 1 1 1 1 1 1 1 1 1 1 1 1 1 1 1 1 1 1 1 1 1 1 1 1 
1 1 1 1 1 1 1 1 1 1 1 1 1 1 1 1 1 1 1 1 1 1 1 1 1 1 1 1 1 1 1 1 1 1 1 1 1 1 1 1 
1 1 1 1 1 1 1 1 1 1 1 1 1 1 1 1 1 1 1 1 1 1 1 1 1 1 1 1 1 1 1 1 1 1 1 1 1 1 1 1 
1 1 1 1 1 1 1 1 1 1 1 1 1 1 1 1 1 1 1 1 1 1 1 1 1 1 1 1 1 1 1 1 1 1 1 1 1 1 1 1 
1 1 1 1 1 1 1 1 1 1 1 1 1 1 1 1 1 1 1 1 1 1 1 1 1 1 1 1 1 1 1 1 1 1 1 1 1 1 1 1 
1 1 1 1 1 1 1 1 1 1 1 1 1 1 1 1 1 1 1 1 1 1 1 1 1 1 1 1 1 1 1 1 1 1 1 1 1 1 1 1 
1 1 1 1 1 1 1 1 1 1 1 1 1 1 1 1 1 1 1 1 1 1 1 1 1 1 1 1 1 1 1 1 1 1 1 1 1 1 1 1 
1 1 1 1 1 1 1 1 1 1 1 1 1 1 1 1 1 1 1 1 1 1 1 1 1 1 1 1 1 1 1 1 1 1 1 1 1 1 1 1 
1 1 1 1 1 1 1 1 1 1 1 1 1 1 1 1 1 1 1 1 1 1 1 1 1 1 1 1 1 1 1 1 1 1 1 1 1 1 1 1 
1 1 1 1 1 1 1 1 1 1 1 1 1 1 1 1 1 1 1 1 1 1 1 1 1 1 1 1 1 1 1 1 1 1 1 1 1 1 1 1 
0.01 0.01 0.01 0.01 0.01 0.01 0.01 0.01 0.01 0.01 0.01 0.01 0.01 0.01 0.01 0.01 0.01 0.01 0.01 0.01 0.01 0.01 0.01 0.01 0.01 0.01 0.01 0.01 0.01 0.01 0.01 0.01 0.01 0.01 0.01 0.01 0.01 0.01 0.01 0.01 
0.02 0.02 0.02 0.02 0.02 0.02 0.02 0.02 0.02 0.02 0.02 0.02 0.02 0.02 0.02 0.02 0.02 0.02 0.02 0.02 0.02 0.02 0.02 0.02 0.02 0.02 0.02 0.02 0.02 0.02 0.02 0.02 0.02 0.02 0.02 0.02 0.02 0.02 0.02 0.02 
0.03 0.03 0.03 0.03 0.03 0.03 0.03 0.03 0.03 0.03 0.03 0.03 0.03 0.03 0.03 0.03 0.03 0.03 0.03 0.03 0.03 0.03 0.03 0.03 0.03 0.03 0.03 0.03 0.03 0.03 0.03 0.03 0.03 0.03 0.03 0.03 0.03 0.03 0.03 0.03 
0.04 0.04 0.04 0.04 0.04 0.04 0.04 0.04 0.04 0.04 0.04 0.04 0.04 0.04 0.04 0.04 0.04 0.04 0.04 0.04 0.04 0.04 0.04 0.04 0.04 0.04 0.04 0.04 0.04 0.04 0.04 0.04 0.04 0.04 0.04 0.04 0.04 0.04 0.04 0.04 
0.05 0.05 0.05 0.05 0.05 0.05 0.05 0.05 0.05 0.05 0.05 0.05 0.05 0.05 0.05 0.05 0.05 0.05 0.05 0.05 0.05 0.05 0.05 0.05 0.05 0.05 0.05 0.05 0.05 0.05 0.05 0.05 0.05 0.05 0.05 0.05 0.05 0.05 0.05 0.05 
0.06 0.06 0.06 0.06 0.06 0.06 0.06 0.06 0.06 0.06 0.06 0.06 0.06 0.06 0.06 0.06 0.06 0.06 0.06 0.06 0.06 0.06 0.06 0.06 0.06 0.06 0.06 0.06 0.06 0.06 0.06 0.06 0.06 0.06 0.06 0.06 0.06 0.06 0.06 0.06 
0.07 0.07 0.07 0.07 0.07 0.07 0.07 0.07 0.07 0.07 0.07 0.07 0.07 0.07 0.07 0.07 0.07 0.07 0.07 0.07 0.07 0.07 0.07 0.07 0.07 0.07 0.07 0.07 0.07 0.07 0.07 0.07 0.07 0.07 0.07 0.07 0.07 0.07 0.07 0.07 
0.2 0.2 0.2 0.2 0.2 0.2 0.2 0.2 0.2 0.2 0.2 0.2 0.2 0.2 0.2 0.2 0.2 0.2 0.2 0.2 0.2 0.2 0.2 0.2 0.2 0.2 0.2 0.2 0.2 0.2 0.2 0.2 0.2 0.2 0.2 0.2 0.2 0.2 0.2 0.2 
0.4 0.4 0.4 0.4 0.4 0.4 0.4 0.4 0.4 0.4 0.4 0.4 0.4 0.4 0.4 0.4 0.4 0.4 0.4 0.4 0.4 0.4 0.4 0.4 0.4 0.4 0.4 0.4 0.4 0.4 0.4 0.4 0.4 0.4 0.4 0.4 0.4 0.4 0.4 0.4 
0.6 0.6 0.6 0.6 0.6 0.6 0.6 0.6 0.6 0.6 0.6 0.6 0.6 0.6 0.6 0.6 0.6 0.6 0.6 0.6 0.6 0.6 0.6 0.6 0.6 0.6 0.6 0.6 0.6 0.6 0.6 0.6 0.6 0.6 0.6 0.6 0.6 0.6 0.6 0.6 
0.8 0.8 0.8 0.8 0.8 0.8 0.8 0.8 0.8 0.8 0.8 0.8 0.8 0.8 0.8 0.8 0.8 0.8 0.8 0.8 0.8 0.8 0.8 0.8 0.8 0.8 0.8 0.8 0.8 0.8 0.8 0.8 0.8 0.8 0.8 0.8 0.8 0.8 0.8 0.8 
1 1 1 1 1 1 1 1 1 1 1 1 1 1 1 1 1 1 1 1 1 1 1 1 1 1 1 1 1 1 1 1 1 1 1 1 1 1 1 1 
