12 40 9 10
11 7 7 7 7 13 19 13 14 19 4 4 6 15 17 3 10 3 10 18 18 7 16 15 6 5 6 6 8 2 20 2 18 5 13 15 16 16 3 14 
12.92 3 10.82 10.19 7.62 6.33 10.75 6.96 12.43 11.41 4.03 10.23 13.35 15.26 14.17 4.24 12.4 4.87 7.52 3.85 13.94 13.03 8.26 3.53 4.54 2.22 0.74 8.85 11.75 12.53 7.36 7.72 9.83 0.58 12.4 12.92 13.26 13.65 2.08 3.68 
7.93 1.01 2.15 8.98 3.03 1.39 4.03 0.21 6.27 14.7 2.6 5.33 4.12 15.15 5.49 0.52 1.26 4.37 6.03 10.8 10.1 2.83 2.39 7.6 11.3 0.85 7.4 15.4 4.07 14.63 7.23 8.11 7.28 5.73 15.73 3.27 3.8 10.44 3.85 13.88 
7.44 5.17 12.81 3.87 11.38 0.17 13.3 11.97 10.51 7.68 3.01 3.92 8.31 14.92 13.55 15.63 14.8 0.26 9.42 7.69 9.68 0.87 0.88 3.79 3.48 3.27 14.52 10.77 8.55 9.05 0.15 5.49 0.76 6.81 6.12 3.85 13.11 10.99 14.11 13.92 
13.44 9.38 6.7 2.08 0.29 4.44 15.08 15.13 10.82 14.9 8.29 13.58 14.78 15.48 2.18 13.08 14.89 3.33 1.61 10.39 10.7 6.76 12.42 7.72 8.83 2.48 9.68 3.97 9.34 10.99 6.63 15.97 2.1 13.35 8.86 5.23 5.64 10.74 14.92 12.89 
12.51 11.84 7.17 3.63 4.95 14.69 10.84 11.78 9.49 3.46 7.89 13.5 15.91 1.19 4.76 7.26 11.89 13.87 4.01 4.86 8.65 8.59 12.96 1.25 2.67 5.43 7.27 12.7 5.43 0.07 13.67 14.19 14.35 15.88 11.57 15.61 15.39 14.84 8.15 8.81 
4.93 14.37 3.94 10.4 0.28 7.69 4.11 9.08 0.94 13.14 6.6 2.67 10.83 2.24 14.95 12.13 8.16 0.22 8.69 4.22 8.09 7.28 6.53 0.69 11.37 8.12 14.8 3.59 6.73 1.19 7.33 14.69 11.88 7.07 13.57 10.75 12.66 7.49 9.38 11.22 
0.29 4.46 6.96 1.34 9.57 8.85 1.41 15.88 7.79 3.72 12.97 3.13 10.46 3.73 7.5 0.67 13.73 11.06 13.7 13.05 11.28 5.67 8.12 11.9 14.39 8.92 4.2 7.29 4.45 15.29 8.41 8.16 12.08 12.98 2.76 3.67 2.71 9.95 6.77 12.63 
7.86 8.06 1.41 5.51 6.5 2.24 15.79 15.47 6.58 9.5 15 5.61 7.57 6.01 8.36 6.27 15.39 3.68 5.13 9.74 10.18 6.47 6.02 13 5.66 8.54 5.24 1.68 0.97 0.99 1.88 14.4 5.54 2.4 9.5 7.82 4.99 10.26 15.34 4.31 
10.61 15.01 0.13 13.44 13.1 1.28 6.13 6.51 1.67 14.22 12.43 15.56 0.27 13.44 7.76 0.86 3.68 12.08 7.98 7.24 3.76 8.37 14.28 13.78 6.25 9.74 2.88 13.5 4.68 4.41 11.92 3.86 9.46 1.15 8.21 13.43 9.96 15.03 13.23 8.88 
8 8 8 8 8 8 8 8 8 8 8 8 8 8 8 8 8 8 8 8 8 8 8 8 8 8 8 8 8 8 8 8 8 8 8 8 8 8 8 8 
12.59 0.04 9.68 9.68 11.68 4.65 2.29 8.21 6.29 15.89 12.68 0.84 7.24 2.12 6.44 7.97 4.57 4.18 1.24 6.15 7.41 8.69 7.79 14.46 9.28 12.92 14.1 9.86 1.38 10.73 6.81 6.33 2.4 11.54 0.15 15.45 12.25 13.94 6.49 10.86 
2.96 7.11 0.92 10.6 5.1 9.71 3.02 10.83 15.79 12.45 4.69 11.9 11.62 15.76 13.65 11.24 9.84 3.52 5.91 2.38 1.03 2.2 5.59 12.01 7.69 6.26 8.9 5.29 11.85 14.35 7.73 2.22 1.76 0.31 5.98 12.54 4.74 15.32 3.75 3.9 
1 1 1 1 1 1 1 1 1 1 1 1 1 1 1 1 1 1 1 1 1 1 1 1 1 1 1 1 1 1 1 1 1 1 1 1 1 1 1 1 
1 1 1 1 1 1 1 1 1 1 1 1 1 1 1 1 1 1 1 1 1 1 1 1 1 1 1 1 1 1 1 1 1 1 1 1 1 1 1 1 
1 1 1 1 1 1 1 1 1 1 1 1 1 1 1 1 1 1 1 1 1 1 1 1 1 1 1 1 1 1 1 1 1 1 1 1 1 1 1 1 
1 1 1 1 1 1 1 1 1 1 1 1 1 1 1 1 1 1 1 1 1 1 1 1 1 1 1 1 1 1 1 1 1 1 1 1 1 1 1 1 
1 1 1 1 1 1 1 1 1 1 1 1 1 1 1 1 1 1 1 1 1 1 1 1 1 1 1 1 1 1 1 1 1 1 1 1 1 1 1 1 
1 1 1 1 1 1 1 1 1 1 1 1 1 1 1 1 1 1 1 1 1 1 1 1 1 1 1 1 1 1 1 1 1 1 1 1 1 1 1 1 
1 1 1 1 1 1 1 1 1 1 1 1 1 1 1 1 1 1 1 1 1 1 1 1 1 1 1 1 1 1 1 1 1 1 1 1 1 1 1 1 
1 1 1 1 1 1 1 1 1 1 1 1 1 1 1 1 1 1 1 1 1 1 1 1 1 1 1 1 1 1 1 1 1 1 1 1 1 1 1 1 
1 1 1 1 1 1 1 1 1 1 1 1 1 1 1 1 1 1 1 1 1 1 1 1 1 1 1 1 1 1 1 1 1 1 1 1 1 1 1 1 
1 1 1 1 1 1 1 1 1 1 1 1 1 1 1 1 1 1 1 1 1 1 1 1 1 1 1 1 1 1 1 1 1 1 1 1 1 1 1 1 
1 1 1 1 1 1 1 1 1 1 1 1 1 1 1 1 1 1 1 1 1 1 1 1 1 1 1 1 1 1 1 1 1 1 1 1 1 1 1 1 
1 1 1 1 1 1 1 1 1 1 1 1 1 1 1 1 1 1 1 1 1 1 1 1 1 1 1 1 1 1 1 1 1 1 1 1 1 1 1 1 
0.01 0.01 0.01 0.01 0.01 0.01 0.01 0.01 0.01 0.01 0.01 0.01 0.01 0.01 0.01 0.01 0.01 0.01 0.01 0.01 0.01 0.01 0.01 0.01 0.01 0.01 0.01 0.01 0.01 0.01 0.01 0.01 0.01 0.01 0.01 0.01 0.01 0.01 0.01 0.01 
0.02 0.02 0.02 0.02 0.02 0.02 0.02 0.02 0.02 0.02 0.02 0.02 0.02 0.02 0.02 0.02 0.02 0.02 0.02 0.02 0.02 0.02 0.02 0.02 0.02 0.02 0.02 0.02 0.02 0.02 0.02 0.02 0.02 0.02 0.02 0.02 0.02 0.02 0.02 0.02 
0.03 0.03 0.03 0.03 0.03 0.03 0.03 0.03 0.03 0.03 0.03 0.03 0.03 0.03 0.03 0.03 0.03 0.03 0.03 0.03 0.03 0.03 0.03 0.03 0.03 0.03 0.03 0.03 0.03 0.03 0.03 0.03 0.03 0.03 0.03 0.03 0.03 0.03 0.03 0.03 
0.04 0.04 0.04 0.04 0.04 0.04 0.04 0.04 0.04 0.04 0.04 0.04 0.04 0.04 0.04 0.04 0.04 0.04 0.04 0.04 0.04 0.04 0.04 0.04 0.04 0.04 0.04 0.04 0.04 0.04 0.04 0.04 0.04 0.04 0.04 0.04 0.04 0.04 0.04 0.04 
0.05 0.05 0.05 0.05 0.05 0.05 0.05 0.05 0.05 0.05 0.05 0.05 0.05 0.05 0.05 0.05 0.05 0.05 0.05 0.05 0.05 0.05 0.05 0.05 0.05 0.05 0.05 0.05 0.05 0.05 0.05 0.05 0.05 0.05 0.05 0.05 0.05 0.05 0.05 0.05 
0.06 0.06 0.06 0.06 0.06 0.06 0.06 0.06 0.06 0.06 0.06 0.06 0.06 0.06 0.06 0.06 0.06 0.06 0.06 0.06 0.06 0.06 0.06 0.06 0.06 0.06 0.06 0.06 0.06 0.06 0.06 0.06 0.06 0.06 0.06 0.06 0.06 0.06 0.06 0.06 
0.07 0.07 0.07 0.07 0.07 0.07 0.07 0.07 0.07 0.07 0.07 0.07 0.07 0.07 0.07 0.07 0.07 0.07 0.07 0.07 0.07 0.07 0.07 0.07 0.07 0.07 0.07 0.07 0.07 0.07 0.07 0.07 0.07 0.07 0.07 0.07 0.07 0.07 0.07 0.07 
0.08 0.08 0.08 0.08 0.08 0.08 0.08 0.08 0.08 0.08 0.08 0.08 0.08 0.08 0.08 0.08 0.08 0.08 0.08 0.08 0.08 0.08 0.08 0.08 0.08 0.08 0.08 0.08 0.08 0.08 0.08 0.08 0.08 0.08 0.08 0.08 0.08 0.08 0.08 0.08 
0.09 0.09 0.09 0.09 0.09 0.09 0.09 0.09 0.09 0.09 0.09 0.09 0.09 0.09 0.09 0.09 0.09 0.09 0.09 0.09 0.09 0.09 0.09 0.09 0.09 0.09 0.09 0.09 0.09 0.09 0.09 0.09 0.09 0.09 0.09 0.09 0.09 0.09 0.09 0.09 
0.1 0.1 0.1 0.1 0.1 0.1 0.1 0.1 0.1 0.1 0.1 0.1 0.1 0.1 0.1 0.1 0.1 0.1 0.1 0.1 0.1 0.1 0.1 0.1 0.1 0.1 0.1 0.1 0.1 0.1 0.1 0.1 0.1 0.1 0.1 0.1 0.1 0.1 0.1 0.1 
0.5 0.5 0.5 0.5 0.5 0.5 0.5 0.5 0.5 0.5 0.5 0.5 0.5 0.5 0.5 0.5 0.5 0.5 0.5 0.5 0.5 0.5 0.5 0.5 0.5 0.5 0.5 0.5 0.5 0.5 0.5 0.5 0.5 0.5 0.5 0.5 0.5 0.5 0.5 0.5 
1 1 1 1 1 1 1 1 1 1 1 1 1 1 1 1 1 1 1 1 1 1 1 1 1 1 1 1 1 1 1 1 1 1 1 1 1 1 1 1 
