12 24 6 10
8 5 12 20 1 2 16 18 5 10 5 2 15 18 13 14 2 3 7 17 12 8 10 16 
7.71 4.38 7.77 10.46 15.72 9.01 13.32 4.51 7.13 1.56 2.13 2.29 9.01 8.3 9.42 1.04 5.2 15.33 13.46 5.5 10.12 4.41 0.31 10.52 
9.86 3.18 4.15 10.84 2.39 2.09 1.61 6.5 6.22 9.88 4.31 11.76 11.28 14.15 15.07 5.49 5.15 7.25 3.7 6.86 7.05 3.05 11.98 1.67 
8.51 5.14 9.87 2.26 6.02 4.65 12.55 14.76 1.37 9.53 1.71 6.22 6.62 14.31 0.03 0.59 14.78 4.51 0.85 0.91 13.16 9.58 0.77 14.09 
7.08 4.07 8.3 2.53 7.22 10.83 3.22 4.09 11.98 5.82 4.16 4.82 5.95 5.6 9.62 6.97 8.82 0.41 14.73 4.39 5.97 9.57 11.76 8.54 
12.47 0.6 15.14 14.34 2.77 12.37 0.71 5.9 2.49 3.63 3.03 7.11 12.98 13.45 10.55 11.63 14.81 12.16 14.88 11.75 6.96 0.37 3.63 13.62 
0.92 12.06 15.59 4.22 12.28 11.1 0 8.24 8.13 12.24 7.67 1.43 7.02 9.52 15.71 15.29 9.5 11.02 12.54 13.54 0.3 15.82 0.42 13.42 
8 8 8 8 8 8 8 8 8 8 8 8 8 8 8 8 8 8 8 8 8 8 8 8 
9.67 1.41 6.63 11.64 3.95 5.29 9.45 6.18 15.22 11.09 2.68 13.02 4.6 13.74 4.9 3.54 1.29 13.93 14.85 6.03 9.75 14.02 8.79 0.38 
8.78 7.21 10.81 1.13 2.11 11.67 6.93 2.91 5.34 10.63 15.99 11.84 12.95 10.03 5.09 6.28 9.99 2.13 8.11 13.37 8.4 15.64 7.65 9.08 
1.65 10.92 14.71 0.93 15.67 0.38 10.04 13.91 4.11 6.67 8.06 3.15 14.53 11.67 4.07 8.57 2.06 0.62 2.39 5.03 5.32 2.83 14.46 10.08 
2.97 13.26 6.26 5.13 4.04 0.94 3.42 8.67 0.56 6.99 14.3 14.27 3.65 9.91 15.87 5.3 2.53 1.74 14.67 5.2 2.13 14.79 8.61 4.6 
9.92 10.16 7.21 0.23 14.84 9.88 12.79 15.71 1.17 3.21 14.73 12.01 12.61 13.93 8.36 10.14 15.62 1.6 13.39 8.89 0.76 1.51 7.04 14.23 
1 1 1 1 1 1 1 1 1 1 1 1 1 1 1 1 1 1 1 1 1 1 1 1 
1 1 1 1 1 1 1 1 1 1 1 1 1 1 1 1 1 1 1 1 1 1 1 1 
1 1 1 1 1 1 1 1 1 1 1 1 1 1 1 1 1 1 1 1 1 1 1 1 
1 1 1 1 1 1 1 1 1 1 1 1 1 1 1 1 1 1 1 1 1 1 1 1 
1 1 1 1 1 1 1 1 1 1 1 1 1 1 1 1 1 1 1 1 1 1 1 1 
1 1 1 1 1 1 1 1 1 1 1 1 1 1 1 1 1 1 1 1 1 1 1 1 
1 1 1 1 1 1 1 1 1 1 1 1 1 1 1 1 1 1 1 1 1 1 1 1 
1 1 1 1 1 1 1 1 1 1 1 1 1 1 1 1 1 1 1 1 1 1 1 1 
1 1 1 1 1 1 1 1 1 1 1 1 1 1 1 1 1 1 1 1 1 1 1 1 
1 1 1 1 1 1 1 1 1 1 1 1 1 1 1 1 1 1 1 1 1 1 1 1 
1 1 1 1 1 1 1 1 1 1 1 1 1 1 1 1 1 1 1 1 1 1 1 1 
1 1 1 1 1 1 1 1 1 1 1 1 1 1 1 1 1 1 1 1 1 1 1 1 
0.01 0.01 0.01 0.01 0.01 0.01 0.01 0.01 0.01 0.01 0.01 0.01 0.01 0.01 0.01 0.01 0.01 0.01 0.01 0.01 0.01 0.01 0.01 0.01 
0.02 0.02 0.02 0.02 0.02 0.02 0.02 0.02 0.02 0.02 0.02 0.02 0.02 0.02 0.02 0.02 0.02 0.02 0.02 0.02 0.02 0.02 0.02 0.02 
0.03 0.03 0.03 0.03 0.03 0.03 0.03 0.03 0.03 0.03 0.03 0.03 0.03 0.03 0.03 0.03 0.03 0.03 0.03 0.03 0.03 0.03 0.03 0.03 
0.04 0.04 0.04 0.04 0.04 0.04 0.04 0.04 0.04 0.04 0.04 0.04 0.04 0.04 0.04 0.04 0.04 0.04 0.04 0.04 0.04 0.04 0.04 0.04 
0.05 0.05 0.05 0.05 0.05 0.05 0.05 0.05 0.05 0.05 0.05 0.05 0.05 0.05 0.05 0.05 0.05 0.05 0.05 0.05 0.05 0.05 0.05 0.05 
0.06 0.06 0.06 0.06 0.06 0.06 0.06 0.06 0.06 0.06 0.06 0.06 0.06 0.06 0.06 0.06 0.06 0.06 0.06 0.06 0.06 0.06 0.06 0.06 
0.07 0.07 0.07 0.07 0.07 0.07 0.07 0.07 0.07 0.07 0.07 0.07 0.07 0.07 0.07 0.07 0.07 0.07 0.07 0.07 0.07 0.07 0.07 0.07 
0.2 0.2 0.2 0.2 0.2 0.2 0.2 0.2 0.2 0.2 0.2 0.2 0.2 0.2 0.2 0.2 0.2 0.2 0.2 0.2 0.2 0.2 0.2 0.2 
0.4 0.4 0.4 0.4 0.4 0.4 0.4 0.4 0.4 0.4 0.4 0.4 0.4 0.4 0.4 0.4 0.4 0.4 0.4 0.4 0.4 0.4 0.4 0.4 
0.6 0.6 0.6 0.6 0.6 0.6 0.6 0.6 0.6 0.6 0.6 0.6 0.6 0.6 0.6 0.6 0.6 0.6 0.6 0.6 0.6 0.6 0.6 0.6 
0.8 0.8 0.8 0.8 0.8 0.8 0.8 0.8 0.8 0.8 0.8 0.8 0.8 0.8 0.8 0.8 0.8 0.8 0.8 0.8 0.8 0.8 0.8 0.8 
1 1 1 1 1 1 1 1 1 1 1 1 1 1 1 1 1 1 1 1 1 1 1 1 
