6 48 2 10
2 3 19 6 19 12 12 16 5 17 9 9 15 20 15 12 5 3 11 15 20 15 17 13 18 2 9 7 15 8 20 8 4 12 5 19 14 14 6 6 18 16 19 17 7 14 16 12 
8.57 12.51 14.18 12.63 7.99 14.26 10.33 12.26 14.93 0.33 2.38 10.62 6.58 5.23 5.45 14.49 4.98 14.23 12.12 14.17 8.9 9.88 6.74 5.88 3.71 3.68 5.78 5.24 4.42 3.07 9.95 11.73 2.69 9.34 1.69 13.26 9.3 5.83 8.55 12.89 0.97 11.96 10.62 14.76 1.71 3.37 13.6 9.34 
12.47 11.52 0.44 11.37 4.13 12.2 3.93 1.03 8.09 5.7 9.47 0.54 1.49 1.98 11.78 1.54 10.5 3.17 3.26 7.08 1.76 15.97 14.14 14.14 12.19 4.5 2.03 3.42 4.79 9.47 2.75 14.65 4.78 12.33 6.91 0.53 14.31 13.85 5.76 5.85 6.26 10.76 3 14.22 11.33 11.99 5.72 2.48 
8 8 8 8 8 8 8 8 8 8 8 8 8 8 8 8 8 8 8 8 8 8 8 8 8 8 8 8 8 8 8 8 8 8 8 8 8 8 8 8 8 8 8 8 8 8 8 8 
6.12 11.8 8.01 13.81 12.22 14.97 9.28 3.35 10.5 10.9 9.74 15.74 12.57 6.63 11.9 11.14 0.74 8.57 5.06 10.92 11.8 11.15 8.8 9.58 7.6 1.95 12.1 4.31 11.59 10.8 6.41 13.24 2.47 2.73 11.21 7.2 9.97 2.77 14.99 15.77 0.13 7.5 4.52 1.61 4.87 2.77 3.68 13.62 
5.4 1.08 15.81 3.96 10.67 4.53 5.13 11.62 14.61 12.67 9.33 3.09 6.87 1.55 15.81 14.61 0.37 11.32 10.04 1.36 7.56 13.61 4.01 12.23 0.9 4.1 7.07 1.77 0.72 6.26 5.19 8.25 15.98 1.04 10.39 10.06 0.32 8.98 10.1 4.13 11.45 5.79 10.52 8.58 7.25 10.86 13.83 9.94 
9.27 13.03 2.43 4.45 2.6 15.22 4.39 3.67 14.21 6.34 12.53 7.2 11.35 12.88 7.84 11.49 1.15 14.22 11.81 5.58 14.09 12.15 0.87 9.44 12.92 14.81 12.18 15.78 15.91 12.13 2.67 14.86 14.02 10.89 4.75 11.86 3.94 4.39 5.78 11.67 13.23 4.35 5.04 6.21 5.26 3.14 6.89 9.72 
1 1 1 1 1 1 1 1 1 1 1 1 1 1 1 1 1 1 1 1 1 1 1 1 1 1 1 1 1 1 1 1 1 1 1 1 1 1 1 1 1 1 1 1 1 1 1 1 
1 1 1 1 1 1 1 1 1 1 1 1 1 1 1 1 1 1 1 1 1 1 1 1 1 1 1 1 1 1 1 1 1 1 1 1 1 1 1 1 1 1 1 1 1 1 1 1 
1 1 1 1 1 1 1 1 1 1 1 1 1 1 1 1 1 1 1 1 1 1 1 1 1 1 1 1 1 1 1 1 1 1 1 1 1 1 1 1 1 1 1 1 1 1 1 1 
1 1 1 1 1 1 1 1 1 1 1 1 1 1 1 1 1 1 1 1 1 1 1 1 1 1 1 1 1 1 1 1 1 1 1 1 1 1 1 1 1 1 1 1 1 1 1 1 
1 1 1 1 1 1 1 1 1 1 1 1 1 1 1 1 1 1 1 1 1 1 1 1 1 1 1 1 1 1 1 1 1 1 1 1 1 1 1 1 1 1 1 1 1 1 1 1 
1 1 1 1 1 1 1 1 1 1 1 1 1 1 1 1 1 1 1 1 1 1 1 1 1 1 1 1 1 1 1 1 1 1 1 1 1 1 1 1 1 1 1 1 1 1 1 1 
0.01 0.01 0.01 0.01 0.01 0.01 0.01 0.01 0.01 0.01 0.01 0.01 0.01 0.01 0.01 0.01 0.01 0.01 0.01 0.01 0.01 0.01 0.01 0.01 0.01 0.01 0.01 0.01 0.01 0.01 0.01 0.01 0.01 0.01 0.01 0.01 0.01 0.01 0.01 0.01 0.01 0.01 0.01 0.01 0.01 0.01 0.01 0.01 
0.02 0.02 0.02 0.02 0.02 0.02 0.02 0.02 0.02 0.02 0.02 0.02 0.02 0.02 0.02 0.02 0.02 0.02 0.02 0.02 0.02 0.02 0.02 0.02 0.02 0.02 0.02 0.02 0.02 0.02 0.02 0.02 0.02 0.02 0.02 0.02 0.02 0.02 0.02 0.02 0.02 0.02 0.02 0.02 0.02 0.02 0.02 0.02 
0.03 0.03 0.03 0.03 0.03 0.03 0.03 0.03 0.03 0.03 0.03 0.03 0.03 0.03 0.03 0.03 0.03 0.03 0.03 0.03 0.03 0.03 0.03 0.03 0.03 0.03 0.03 0.03 0.03 0.03 0.03 0.03 0.03 0.03 0.03 0.03 0.03 0.03 0.03 0.03 0.03 0.03 0.03 0.03 0.03 0.03 0.03 0.03 
0.333333 0.333333 0.333333 0.333333 0.333333 0.333333 0.333333 0.333333 0.333333 0.333333 0.333333 0.333333 0.333333 0.333333 0.333333 0.333333 0.333333 0.333333 0.333333 0.333333 0.333333 0.333333 0.333333 0.333333 0.333333 0.333333 0.333333 0.333333 0.333333 0.333333 0.333333 0.333333 0.333333 0.333333 0.333333 0.333333 0.333333 0.333333 0.333333 0.333333 0.333333 0.333333 0.333333 0.333333 0.333333 0.333333 0.333333 0.333333 
0.666667 0.666667 0.666667 0.666667 0.666667 0.666667 0.666667 0.666667 0.666667 0.666667 0.666667 0.666667 0.666667 0.666667 0.666667 0.666667 0.666667 0.666667 0.666667 0.666667 0.666667 0.666667 0.666667 0.666667 0.666667 0.666667 0.666667 0.666667 0.666667 0.666667 0.666667 0.666667 0.666667 0.666667 0.666667 0.666667 0.666667 0.666667 0.666667 0.666667 0.666667 0.666667 0.666667 0.666667 0.666667 0.666667 0.666667 0.666667 
1 1 1 1 1 1 1 1 1 1 1 1 1 1 1 1 1 1 1 1 1 1 1 1 1 1 1 1 1 1 1 1 1 1 1 1 1 1 1 1 1 1 1 1 1 1 1 1 
