12 32 3 10
14 6 3 10 3 11 13 14 16 10 15 2 13 9 14 12 5 6 13 14 8 19 13 2 19 12 12 9 6 6 6 14 
5.94 4.52 3.49 12.07 8.73 5.72 1.95 0.46 10.2 10.1 6.23 12 5.47 11.38 3.63 9 11.85 11.99 11.29 5.39 7.41 2.16 6.22 2.41 1.72 14.31 6.41 7.14 8.33 5.81 9.47 3.82 
6.39 15.11 11.24 11.49 5.62 12.71 0.39 8.9 15.81 10.47 0.07 7.36 7.95 9.78 1.11 3.68 0.77 5.78 0.62 10.3 7.76 2.27 3.96 7.71 6.87 7.06 7.37 10.51 12.24 0.14 10.47 1.36 
15.39 10.14 8.49 1.09 7.01 12.04 3.34 15.23 0.41 0.01 10 9.31 3.36 9.23 8.62 14 3.39 15.07 5.42 14.61 2.8 4.26 3.8 1.49 1.12 4.19 9.75 5.05 8.48 3.85 7.06 7.68 
8 8 8 8 8 8 8 8 8 8 8 8 8 8 8 8 8 8 8 8 8 8 8 8 8 8 8 8 8 8 8 8 
14.72 13.41 4.62 7.93 15.15 1.99 6.7 1.21 4.65 6.18 5.36 6.78 8.99 1.86 10.1 6.67 1.95 13.39 13.58 12.92 7.16 0.58 7.19 11.5 14.12 4.79 10.78 13.22 3.06 7.22 5.49 8.67 
1.94 6.03 1.98 8.6 9.26 9.03 12.14 6.97 0.15 3.12 9.71 2.06 1.41 12.3 3.13 7.96 13.91 0.21 2.17 3.69 15.33 15.95 9.08 11.82 8.08 14.24 5.69 10.8 9.7 7.38 4.84 6.68 
5.23 4.22 5.96 13.69 8.1 13.14 8.29 7.99 1.8 4.74 10.35 0.14 4.84 10.72 15.82 13.65 9.65 7.76 9.45 6.57 13.02 7.34 10.56 2.04 4.75 10.91 9.55 1.8 10.4 10.41 5.39 5.34 
14.12 4.44 0.46 6.06 2.6 13.06 1.53 2.12 8.16 2.8 13.79 13.49 1.61 7.09 1.27 3.56 7.8 12.66 2.55 5.94 8.77 6.25 10.64 2.01 12.86 8.82 9.68 2 4.01 1.55 0.66 15.15 
1.76 0.1 2.42 5.49 14.4 12.09 9.55 7.15 15.64 13 14.11 14.5 0.21 2.86 11.87 15.28 8.63 12.84 5.19 3.37 6.95 0.49 3.98 13.06 13.1 15.33 11.53 3.2 0.72 14.01 14.14 12.01 
3.23 2.52 7.72 9.04 15.8 6.72 7.32 8.65 4.53 3.29 14.48 11.1 1.2 15.08 14.73 15.47 0.74 2.8 0.37 11.69 2.89 4.22 12.5 15.5 15.51 5.02 9.26 14.57 8.37 13.08 9.61 7.83 
1.12 3.03 10.42 7.65 7.61 9.33 14.39 8.99 0.6 14.49 9.83 10.3 11.91 2.85 0.62 2.03 14.84 9.27 2.83 0.73 10.47 8.81 7.32 14.78 13.28 10.36 0.02 7.88 15.56 3.88 13.07 5.03 
9.93 2.49 3.67 14.39 10.74 14.06 11.57 4.23 5.52 13.56 13.96 2.59 8.31 10.52 12.82 11.5 9.32 2.77 0.8 13.28 3.39 13.2 9.07 15.1 15.21 6.88 2.74 2.38 6.8 12.22 12.43 4.44 
1 1 1 1 1 1 1 1 1 1 1 1 1 1 1 1 1 1 1 1 1 1 1 1 1 1 1 1 1 1 1 1 
1 1 1 1 1 1 1 1 1 1 1 1 1 1 1 1 1 1 1 1 1 1 1 1 1 1 1 1 1 1 1 1 
1 1 1 1 1 1 1 1 1 1 1 1 1 1 1 1 1 1 1 1 1 1 1 1 1 1 1 1 1 1 1 1 
1 1 1 1 1 1 1 1 1 1 1 1 1 1 1 1 1 1 1 1 1 1 1 1 1 1 1 1 1 1 1 1 
1 1 1 1 1 1 1 1 1 1 1 1 1 1 1 1 1 1 1 1 1 1 1 1 1 1 1 1 1 1 1 1 
1 1 1 1 1 1 1 1 1 1 1 1 1 1 1 1 1 1 1 1 1 1 1 1 1 1 1 1 1 1 1 1 
1 1 1 1 1 1 1 1 1 1 1 1 1 1 1 1 1 1 1 1 1 1 1 1 1 1 1 1 1 1 1 1 
1 1 1 1 1 1 1 1 1 1 1 1 1 1 1 1 1 1 1 1 1 1 1 1 1 1 1 1 1 1 1 1 
1 1 1 1 1 1 1 1 1 1 1 1 1 1 1 1 1 1 1 1 1 1 1 1 1 1 1 1 1 1 1 1 
1 1 1 1 1 1 1 1 1 1 1 1 1 1 1 1 1 1 1 1 1 1 1 1 1 1 1 1 1 1 1 1 
1 1 1 1 1 1 1 1 1 1 1 1 1 1 1 1 1 1 1 1 1 1 1 1 1 1 1 1 1 1 1 1 
1 1 1 1 1 1 1 1 1 1 1 1 1 1 1 1 1 1 1 1 1 1 1 1 1 1 1 1 1 1 1 1 
0.01 0.01 0.01 0.01 0.01 0.01 0.01 0.01 0.01 0.01 0.01 0.01 0.01 0.01 0.01 0.01 0.01 0.01 0.01 0.01 0.01 0.01 0.01 0.01 0.01 0.01 0.01 0.01 0.01 0.01 0.01 0.01 
0.02 0.02 0.02 0.02 0.02 0.02 0.02 0.02 0.02 0.02 0.02 0.02 0.02 0.02 0.02 0.02 0.02 0.02 0.02 0.02 0.02 0.02 0.02 0.02 0.02 0.02 0.02 0.02 0.02 0.02 0.02 0.02 
0.03 0.03 0.03 0.03 0.03 0.03 0.03 0.03 0.03 0.03 0.03 0.03 0.03 0.03 0.03 0.03 0.03 0.03 0.03 0.03 0.03 0.03 0.03 0.03 0.03 0.03 0.03 0.03 0.03 0.03 0.03 0.03 
0.04 0.04 0.04 0.04 0.04 0.04 0.04 0.04 0.04 0.04 0.04 0.04 0.04 0.04 0.04 0.04 0.04 0.04 0.04 0.04 0.04 0.04 0.04 0.04 0.04 0.04 0.04 0.04 0.04 0.04 0.04 0.04 
0.125 0.125 0.125 0.125 0.125 0.125 0.125 0.125 0.125 0.125 0.125 0.125 0.125 0.125 0.125 0.125 0.125 0.125 0.125 0.125 0.125 0.125 0.125 0.125 0.125 0.125 0.125 0.125 0.125 0.125 0.125 0.125 
0.25 0.25 0.25 0.25 0.25 0.25 0.25 0.25 0.25 0.25 0.25 0.25 0.25 0.25 0.25 0.25 0.25 0.25 0.25 0.25 0.25 0.25 0.25 0.25 0.25 0.25 0.25 0.25 0.25 0.25 0.25 0.25 
0.375 0.375 0.375 0.375 0.375 0.375 0.375 0.375 0.375 0.375 0.375 0.375 0.375 0.375 0.375 0.375 0.375 0.375 0.375 0.375 0.375 0.375 0.375 0.375 0.375 0.375 0.375 0.375 0.375 0.375 0.375 0.375 
0.5 0.5 0.5 0.5 0.5 0.5 0.5 0.5 0.5 0.5 0.5 0.5 0.5 0.5 0.5 0.5 0.5 0.5 0.5 0.5 0.5 0.5 0.5 0.5 0.5 0.5 0.5 0.5 0.5 0.5 0.5 0.5 
0.625 0.625 0.625 0.625 0.625 0.625 0.625 0.625 0.625 0.625 0.625 0.625 0.625 0.625 0.625 0.625 0.625 0.625 0.625 0.625 0.625 0.625 0.625 0.625 0.625 0.625 0.625 0.625 0.625 0.625 0.625 0.625 
0.75 0.75 0.75 0.75 0.75 0.75 0.75 0.75 0.75 0.75 0.75 0.75 0.75 0.75 0.75 0.75 0.75 0.75 0.75 0.75 0.75 0.75 0.75 0.75 0.75 0.75 0.75 0.75 0.75 0.75 0.75 0.75 
0.875 0.875 0.875 0.875 0.875 0.875 0.875 0.875 0.875 0.875 0.875 0.875 0.875 0.875 0.875 0.875 0.875 0.875 0.875 0.875 0.875 0.875 0.875 0.875 0.875 0.875 0.875 0.875 0.875 0.875 0.875 0.875 
1 1 1 1 1 1 1 1 1 1 1 1 1 1 1 1 1 1 1 1 1 1 1 1 1 1 1 1 1 1 1 1 
