12 40 3 10
2 18 16 9 8 17 2 8 16 8 14 1 11 14 15 15 8 12 18 6 2 2 8 7 5 4 11 19 8 13 4 5 16 7 3 14 17 3 3 16 
9.91 13.69 1.12 0.34 1.67 11.75 12.2 4.63 10.89 7.99 10.97 3.53 10.99 4.04 11.11 4.22 10.11 10.07 13.41 9.03 14.02 15.92 7.8 7.21 4.9 1.51 6.36 9.25 10.32 3.94 13.73 1.28 11.74 3.86 7.44 15.13 6.66 3.04 10.64 3.27 
14.13 9.12 1.37 5.5 15.52 2.36 7.27 0.85 6.77 1.68 5.53 9.75 1.34 6.19 3.48 1.8 8.57 13.84 8.73 9.07 5.07 9.97 6.28 4.39 8.94 5.78 10.62 5.88 6.82 10.42 11.53 4.3 1.8 8.1 1.51 14.77 7.39 0.99 14.29 9.04 
0.31 12.07 6.56 12.3 5.5 5.7 8.84 9.77 8.6 2.74 13.87 8.12 0.01 14.31 11.56 6 4.24 1.23 0.29 10.87 13.95 14.63 3.15 5.89 12.27 5.55 12.72 6.19 14.13 7.86 14.2 4.54 2.32 3.08 6.01 3.45 3.84 0.08 11.19 7.51 
8 8 8 8 8 8 8 8 8 8 8 8 8 8 8 8 8 8 8 8 8 8 8 8 8 8 8 8 8 8 8 8 8 8 8 8 8 8 8 8 
0.14 4.2 5.25 6.28 3.51 0.2 8.84 11.88 4.47 0.23 4.38 7.72 6.51 14.67 1.23 9.72 14.48 15.72 14.59 3.82 2.71 8.78 9.92 11.68 5.12 13.06 0.55 5.53 7.4 5.11 8.67 0.24 8.43 6.04 14.63 15.5 2.22 0.91 6.71 9.6 
10.4 10.73 2.54 10.38 8.75 5.59 5.69 9.64 8.11 2.4 8.21 10.59 9.25 11.4 12.46 13.58 13.03 10.18 6.73 7.98 3.96 4.56 7.93 1.16 15.71 9.79 2.98 12.17 8.62 12.64 8.15 14.3 1.22 10.13 2.07 9.46 2.2 7.16 0.45 7.84 
9.14 12.87 1.76 8.16 2.76 15.66 9.67 10.2 4.02 10.25 1.58 12.19 7.99 14.46 15.28 5.23 3.35 9.98 3.62 6.27 1.71 2.9 1.27 13.7 8.63 1.43 15.57 3.19 12.65 4.34 12.07 12.05 6.93 15.39 7.73 6.39 11.3 12.31 0.29 15.41 
5.36 0.94 3.96 9.03 2.54 2.38 9.5 1.74 5.57 2.66 7.07 1.75 13.04 12.74 7.95 5.72 13.24 11.12 11.5 1.29 14.23 13.09 7.96 10.89 9.31 6.89 10.5 8.85 3.5 13 12.64 11.06 12.48 15.01 2.7 1.44 0.99 8.22 15.77 5.1 
2.68 6.82 4.73 10.14 2.86 6.07 10.75 11.49 7.14 3.77 7.09 12.95 14.97 10.93 7.38 6.04 0.15 5.81 8.85 2.77 15.17 1.66 10.82 9.94 12.95 5.76 5.95 14 13.03 4.53 9.05 6.62 10.41 1.82 2.74 4.11 10.2 9.62 8.89 13.61 
10.85 11.6 7.76 8.11 3.62 10.92 12.73 6.96 9.96 10.19 5.84 8.26 12.72 4.79 13.84 9.51 15.02 0.62 1.92 13.87 10.39 1.7 13 1.84 8.11 11.14 2.25 2.36 0.05 14.53 3.34 2.75 5.57 9.37 7.95 0.25 5.33 3.07 11.97 3.03 
3.55 8.26 9.08 10.56 1.48 8.81 15.18 6.79 10.98 3.18 8.14 5.81 3.09 10.61 12.28 15.42 5.43 15.6 5.69 9.34 10.88 4.62 4.81 5.26 1.22 7.94 0.44 3.5 10.7 9.67 5.94 9.03 13.52 9.14 7.08 3.38 11.32 12.99 7.59 9.79 
14.31 9.92 11.69 15.49 8.58 12.48 8.52 3.28 13.51 11.87 1.02 15.87 10.14 8.11 9.2 10.33 0.24 7.23 13.52 12.41 13.18 14.64 11.29 7.28 14.65 0.67 2.8 3.21 12.96 4.29 5.58 12.65 15.74 13.88 1.69 7.95 0.2 12.08 15.4 6.43 
1 1 1 1 1 1 1 1 1 1 1 1 1 1 1 1 1 1 1 1 1 1 1 1 1 1 1 1 1 1 1 1 1 1 1 1 1 1 1 1 
1 1 1 1 1 1 1 1 1 1 1 1 1 1 1 1 1 1 1 1 1 1 1 1 1 1 1 1 1 1 1 1 1 1 1 1 1 1 1 1 
1 1 1 1 1 1 1 1 1 1 1 1 1 1 1 1 1 1 1 1 1 1 1 1 1 1 1 1 1 1 1 1 1 1 1 1 1 1 1 1 
1 1 1 1 1 1 1 1 1 1 1 1 1 1 1 1 1 1 1 1 1 1 1 1 1 1 1 1 1 1 1 1 1 1 1 1 1 1 1 1 
1 1 1 1 1 1 1 1 1 1 1 1 1 1 1 1 1 1 1 1 1 1 1 1 1 1 1 1 1 1 1 1 1 1 1 1 1 1 1 1 
1 1 1 1 1 1 1 1 1 1 1 1 1 1 1 1 1 1 1 1 1 1 1 1 1 1 1 1 1 1 1 1 1 1 1 1 1 1 1 1 
1 1 1 1 1 1 1 1 1 1 1 1 1 1 1 1 1 1 1 1 1 1 1 1 1 1 1 1 1 1 1 1 1 1 1 1 1 1 1 1 
1 1 1 1 1 1 1 1 1 1 1 1 1 1 1 1 1 1 1 1 1 1 1 1 1 1 1 1 1 1 1 1 1 1 1 1 1 1 1 1 
1 1 1 1 1 1 1 1 1 1 1 1 1 1 1 1 1 1 1 1 1 1 1 1 1 1 1 1 1 1 1 1 1 1 1 1 1 1 1 1 
1 1 1 1 1 1 1 1 1 1 1 1 1 1 1 1 1 1 1 1 1 1 1 1 1 1 1 1 1 1 1 1 1 1 1 1 1 1 1 1 
1 1 1 1 1 1 1 1 1 1 1 1 1 1 1 1 1 1 1 1 1 1 1 1 1 1 1 1 1 1 1 1 1 1 1 1 1 1 1 1 
1 1 1 1 1 1 1 1 1 1 1 1 1 1 1 1 1 1 1 1 1 1 1 1 1 1 1 1 1 1 1 1 1 1 1 1 1 1 1 1 
0.01 0.01 0.01 0.01 0.01 0.01 0.01 0.01 0.01 0.01 0.01 0.01 0.01 0.01 0.01 0.01 0.01 0.01 0.01 0.01 0.01 0.01 0.01 0.01 0.01 0.01 0.01 0.01 0.01 0.01 0.01 0.01 0.01 0.01 0.01 0.01 0.01 0.01 0.01 0.01 
0.02 0.02 0.02 0.02 0.02 0.02 0.02 0.02 0.02 0.02 0.02 0.02 0.02 0.02 0.02 0.02 0.02 0.02 0.02 0.02 0.02 0.02 0.02 0.02 0.02 0.02 0.02 0.02 0.02 0.02 0.02 0.02 0.02 0.02 0.02 0.02 0.02 0.02 0.02 0.02 
0.03 0.03 0.03 0.03 0.03 0.03 0.03 0.03 0.03 0.03 0.03 0.03 0.03 0.03 0.03 0.03 0.03 0.03 0.03 0.03 0.03 0.03 0.03 0.03 0.03 0.03 0.03 0.03 0.03 0.03 0.03 0.03 0.03 0.03 0.03 0.03 0.03 0.03 0.03 0.03 
0.04 0.04 0.04 0.04 0.04 0.04 0.04 0.04 0.04 0.04 0.04 0.04 0.04 0.04 0.04 0.04 0.04 0.04 0.04 0.04 0.04 0.04 0.04 0.04 0.04 0.04 0.04 0.04 0.04 0.04 0.04 0.04 0.04 0.04 0.04 0.04 0.04 0.04 0.04 0.04 
0.125 0.125 0.125 0.125 0.125 0.125 0.125 0.125 0.125 0.125 0.125 0.125 0.125 0.125 0.125 0.125 0.125 0.125 0.125 0.125 0.125 0.125 0.125 0.125 0.125 0.125 0.125 0.125 0.125 0.125 0.125 0.125 0.125 0.125 0.125 0.125 0.125 0.125 0.125 0.125 
0.25 0.25 0.25 0.25 0.25 0.25 0.25 0.25 0.25 0.25 0.25 0.25 0.25 0.25 0.25 0.25 0.25 0.25 0.25 0.25 0.25 0.25 0.25 0.25 0.25 0.25 0.25 0.25 0.25 0.25 0.25 0.25 0.25 0.25 0.25 0.25 0.25 0.25 0.25 0.25 
0.375 0.375 0.375 0.375 0.375 0.375 0.375 0.375 0.375 0.375 0.375 0.375 0.375 0.375 0.375 0.375 0.375 0.375 0.375 0.375 0.375 0.375 0.375 0.375 0.375 0.375 0.375 0.375 0.375 0.375 0.375 0.375 0.375 0.375 0.375 0.375 0.375 0.375 0.375 0.375 
0.5 0.5 0.5 0.5 0.5 0.5 0.5 0.5 0.5 0.5 0.5 0.5 0.5 0.5 0.5 0.5 0.5 0.5 0.5 0.5 0.5 0.5 0.5 0.5 0.5 0.5 0.5 0.5 0.5 0.5 0.5 0.5 0.5 0.5 0.5 0.5 0.5 0.5 0.5 0.5 
0.625 0.625 0.625 0.625 0.625 0.625 0.625 0.625 0.625 0.625 0.625 0.625 0.625 0.625 0.625 0.625 0.625 0.625 0.625 0.625 0.625 0.625 0.625 0.625 0.625 0.625 0.625 0.625 0.625 0.625 0.625 0.625 0.625 0.625 0.625 0.625 0.625 0.625 0.625 0.625 
0.75 0.75 0.75 0.75 0.75 0.75 0.75 0.75 0.75 0.75 0.75 0.75 0.75 0.75 0.75 0.75 0.75 0.75 0.75 0.75 0.75 0.75 0.75 0.75 0.75 0.75 0.75 0.75 0.75 0.75 0.75 0.75 0.75 0.75 0.75 0.75 0.75 0.75 0.75 0.75 
0.875 0.875 0.875 0.875 0.875 0.875 0.875 0.875 0.875 0.875 0.875 0.875 0.875 0.875 0.875 0.875 0.875 0.875 0.875 0.875 0.875 0.875 0.875 0.875 0.875 0.875 0.875 0.875 0.875 0.875 0.875 0.875 0.875 0.875 0.875 0.875 0.875 0.875 0.875 0.875 
1 1 1 1 1 1 1 1 1 1 1 1 1 1 1 1 1 1 1 1 1 1 1 1 1 1 1 1 1 1 1 1 1 1 1 1 1 1 1 1 
