6 40 2 10
16 15 14 18 9 18 16 6 12 10 18 3 11 15 4 10 20 17 13 11 4 12 4 14 14 2 5 9 10 6 7 19 5 20 4 1 20 15 3 10 
0.81 12.67 10.24 9.13 7.21 0.16 7.32 5.7 13.39 12.66 14.71 0.88 6.94 4.42 5.77 2.9 2.78 1.33 3.04 5.04 13.04 11.15 1.83 10.41 4.09 2.02 6.61 5.81 2.9 10.48 4.11 10.7 9.71 0.32 11.1 4.63 6.58 13.53 1.86 14.77 
8.61 10.43 13.58 3.1 14.64 5.6 1.01 10.89 9.12 14.97 14.19 7.03 14.44 8.28 15.4 8.23 14.85 2.64 10.48 5.92 3.28 5.88 3.96 5.64 13.52 9.78 5.89 8.54 2.98 12.73 9.05 7.84 10.48 14.12 13.41 3.65 1.32 5.24 0.81 12.53 
8 8 8 8 8 8 8 8 8 8 8 8 8 8 8 8 8 8 8 8 8 8 8 8 8 8 8 8 8 8 8 8 8 8 8 8 8 8 8 8 
9.76 13.88 14.2 10.59 5.1 11.75 8.01 11.56 4.63 12.61 8.43 5.65 11.62 7.32 7.45 11.18 14.9 10.3 11.58 11.69 10.7 0.02 1.25 5.12 6.89 0.04 3.15 3.97 1.61 8.94 12.33 9.28 15.34 8.64 12.46 2.7 6.84 4.69 7.43 13.3 
9.91 15.66 0.2 3.23 0.15 9.34 15.72 8.12 3.36 7.07 4.49 2.54 11.53 9.3 2.09 5.16 8.99 0.85 5.22 15.38 8.96 4.77 7.4 8.26 10.19 5.56 12.81 2.15 8.54 9.99 1.58 12.05 0.98 2.37 8.82 2.39 12.77 15.17 4.97 1.5 
11.45 10.27 8.12 4.88 7.42 12.69 13.77 4 9.28 9.04 15.26 6.61 15.11 11.32 3.08 4.07 9.79 3.48 3.33 12.92 11.54 10.19 5.74 4.38 6.69 0.54 8.52 7.73 2.1 8.5 8.32 11.32 7.57 0.35 12.15 15.84 14.65 5.05 10.97 13.59 
1 1 1 1 1 1 1 1 1 1 1 1 1 1 1 1 1 1 1 1 1 1 1 1 1 1 1 1 1 1 1 1 1 1 1 1 1 1 1 1 
1 1 1 1 1 1 1 1 1 1 1 1 1 1 1 1 1 1 1 1 1 1 1 1 1 1 1 1 1 1 1 1 1 1 1 1 1 1 1 1 
1 1 1 1 1 1 1 1 1 1 1 1 1 1 1 1 1 1 1 1 1 1 1 1 1 1 1 1 1 1 1 1 1 1 1 1 1 1 1 1 
1 1 1 1 1 1 1 1 1 1 1 1 1 1 1 1 1 1 1 1 1 1 1 1 1 1 1 1 1 1 1 1 1 1 1 1 1 1 1 1 
1 1 1 1 1 1 1 1 1 1 1 1 1 1 1 1 1 1 1 1 1 1 1 1 1 1 1 1 1 1 1 1 1 1 1 1 1 1 1 1 
1 1 1 1 1 1 1 1 1 1 1 1 1 1 1 1 1 1 1 1 1 1 1 1 1 1 1 1 1 1 1 1 1 1 1 1 1 1 1 1 
0.01 0.01 0.01 0.01 0.01 0.01 0.01 0.01 0.01 0.01 0.01 0.01 0.01 0.01 0.01 0.01 0.01 0.01 0.01 0.01 0.01 0.01 0.01 0.01 0.01 0.01 0.01 0.01 0.01 0.01 0.01 0.01 0.01 0.01 0.01 0.01 0.01 0.01 0.01 0.01 
0.02 0.02 0.02 0.02 0.02 0.02 0.02 0.02 0.02 0.02 0.02 0.02 0.02 0.02 0.02 0.02 0.02 0.02 0.02 0.02 0.02 0.02 0.02 0.02 0.02 0.02 0.02 0.02 0.02 0.02 0.02 0.02 0.02 0.02 0.02 0.02 0.02 0.02 0.02 0.02 
0.03 0.03 0.03 0.03 0.03 0.03 0.03 0.03 0.03 0.03 0.03 0.03 0.03 0.03 0.03 0.03 0.03 0.03 0.03 0.03 0.03 0.03 0.03 0.03 0.03 0.03 0.03 0.03 0.03 0.03 0.03 0.03 0.03 0.03 0.03 0.03 0.03 0.03 0.03 0.03 
0.333333 0.333333 0.333333 0.333333 0.333333 0.333333 0.333333 0.333333 0.333333 0.333333 0.333333 0.333333 0.333333 0.333333 0.333333 0.333333 0.333333 0.333333 0.333333 0.333333 0.333333 0.333333 0.333333 0.333333 0.333333 0.333333 0.333333 0.333333 0.333333 0.333333 0.333333 0.333333 0.333333 0.333333 0.333333 0.333333 0.333333 0.333333 0.333333 0.333333 
0.666667 0.666667 0.666667 0.666667 0.666667 0.666667 0.666667 0.666667 0.666667 0.666667 0.666667 0.666667 0.666667 0.666667 0.666667 0.666667 0.666667 0.666667 0.666667 0.666667 0.666667 0.666667 0.666667 0.666667 0.666667 0.666667 0.666667 0.666667 0.666667 0.666667 0.666667 0.666667 0.666667 0.666667 0.666667 0.666667 0.666667 0.666667 0.666667 0.666667 
1 1 1 1 1 1 1 1 1 1 1 1 1 1 1 1 1 1 1 1 1 1 1 1 1 1 1 1 1 1 1 1 1 1 1 1 1 1 1 1 
