12 24 3 10
16 20 3 20 15 1 1 20 7 7 10 12 10 5 16 16 7 11 13 16 4 4 2 18 
3.35 11.51 15.15 8.82 15.97 8.7 15.59 14.34 2.58 0.99 8.56 3.57 13.96 9.46 12.87 6.68 14.1 13.29 15.7 3.62 5.6 4.67 11 11.73 
3.31 1.34 8.2 7.42 3.37 4.22 0.62 5.66 8.34 4.39 9.31 5.7 10.49 10.77 0.08 9.19 6.54 13.89 7.26 2.71 13.76 2.07 12.25 12.91 
15.2 10.53 9.78 5.47 1.39 14.76 13.36 14.31 1.14 7.84 12.77 11.75 7.27 4.73 1.22 6.21 6.55 15.06 5.67 15.15 5.22 10.92 10.56 10.42 
8 8 8 8 8 8 8 8 8 8 8 8 8 8 8 8 8 8 8 8 8 8 8 8 
12.52 14.14 3.2 2.26 12.82 1.19 6.24 6.48 10.56 9.31 2.39 1.03 11.89 9.78 14.59 7.13 5.39 15.93 1.62 9.95 2.6 11.93 14.54 13.52 
12.54 11.46 3.19 6.18 6.8 13.79 11.6 10.11 8.06 0.4 1.4 12.35 11.07 10.15 1.51 15.44 9 10.13 1.74 0.75 3.77 12.6 13.89 7.91 
11.48 2.79 5.64 4.92 0.23 15.02 5 13.28 5.94 7.3 4.99 4.26 10.68 7.01 13.72 0.27 7.08 13.51 13.58 4.48 1.32 10.21 6.3 0.55 
9.88 0.84 11.16 14.59 13.07 10.97 8.07 8.67 13.91 12.02 11.21 0.86 5.11 6.57 6.25 0.42 7.69 10.22 10.85 0 5.91 5.55 12.99 2.7 
15.31 8.5 1.23 3.25 15 4.07 8.97 6.38 7.89 2.76 11.7 10.6 0.73 1.99 10.75 3.32 15.1 13.82 7.64 12.29 9.89 5.91 15.46 8.64 
6.36 6.07 8.06 4.33 8.38 12.48 12.43 11.68 0.85 15.18 5.91 2.82 10.66 0.07 14.93 9.51 15.9 15.12 5.19 3.11 0.65 0.54 8.67 10.29 
6.87 2.88 5.88 1.61 5.88 4.28 5.71 10.01 3.76 1.63 12.93 14.16 14.32 9.79 7.49 7.3 9.91 15.96 13.89 11.45 1.38 0.37 6.99 11.48 
4.43 0.14 0.39 5 0.44 2.57 3.69 2.94 15.91 0.93 7.34 6.48 2.02 3.03 10.02 10.78 13.66 2.69 7.23 3.86 11.31 14.83 1.99 8.49 
1 1 1 1 1 1 1 1 1 1 1 1 1 1 1 1 1 1 1 1 1 1 1 1 
1 1 1 1 1 1 1 1 1 1 1 1 1 1 1 1 1 1 1 1 1 1 1 1 
1 1 1 1 1 1 1 1 1 1 1 1 1 1 1 1 1 1 1 1 1 1 1 1 
1 1 1 1 1 1 1 1 1 1 1 1 1 1 1 1 1 1 1 1 1 1 1 1 
1 1 1 1 1 1 1 1 1 1 1 1 1 1 1 1 1 1 1 1 1 1 1 1 
1 1 1 1 1 1 1 1 1 1 1 1 1 1 1 1 1 1 1 1 1 1 1 1 
1 1 1 1 1 1 1 1 1 1 1 1 1 1 1 1 1 1 1 1 1 1 1 1 
1 1 1 1 1 1 1 1 1 1 1 1 1 1 1 1 1 1 1 1 1 1 1 1 
1 1 1 1 1 1 1 1 1 1 1 1 1 1 1 1 1 1 1 1 1 1 1 1 
1 1 1 1 1 1 1 1 1 1 1 1 1 1 1 1 1 1 1 1 1 1 1 1 
1 1 1 1 1 1 1 1 1 1 1 1 1 1 1 1 1 1 1 1 1 1 1 1 
1 1 1 1 1 1 1 1 1 1 1 1 1 1 1 1 1 1 1 1 1 1 1 1 
0.01 0.01 0.01 0.01 0.01 0.01 0.01 0.01 0.01 0.01 0.01 0.01 0.01 0.01 0.01 0.01 0.01 0.01 0.01 0.01 0.01 0.01 0.01 0.01 
0.02 0.02 0.02 0.02 0.02 0.02 0.02 0.02 0.02 0.02 0.02 0.02 0.02 0.02 0.02 0.02 0.02 0.02 0.02 0.02 0.02 0.02 0.02 0.02 
0.03 0.03 0.03 0.03 0.03 0.03 0.03 0.03 0.03 0.03 0.03 0.03 0.03 0.03 0.03 0.03 0.03 0.03 0.03 0.03 0.03 0.03 0.03 0.03 
0.04 0.04 0.04 0.04 0.04 0.04 0.04 0.04 0.04 0.04 0.04 0.04 0.04 0.04 0.04 0.04 0.04 0.04 0.04 0.04 0.04 0.04 0.04 0.04 
0.125 0.125 0.125 0.125 0.125 0.125 0.125 0.125 0.125 0.125 0.125 0.125 0.125 0.125 0.125 0.125 0.125 0.125 0.125 0.125 0.125 0.125 0.125 0.125 
0.25 0.25 0.25 0.25 0.25 0.25 0.25 0.25 0.25 0.25 0.25 0.25 0.25 0.25 0.25 0.25 0.25 0.25 0.25 0.25 0.25 0.25 0.25 0.25 
0.375 0.375 0.375 0.375 0.375 0.375 0.375 0.375 0.375 0.375 0.375 0.375 0.375 0.375 0.375 0.375 0.375 0.375 0.375 0.375 0.375 0.375 0.375 0.375 
0.5 0.5 0.5 0.5 0.5 0.5 0.5 0.5 0.5 0.5 0.5 0.5 0.5 0.5 0.5 0.5 0.5 0.5 0.5 0.5 0.5 0.5 0.5 0.5 
0.625 0.625 0.625 0.625 0.625 0.625 0.625 0.625 0.625 0.625 0.625 0.625 0.625 0.625 0.625 0.625 0.625 0.625 0.625 0.625 0.625 0.625 0.625 0.625 
0.75 0.75 0.75 0.75 0.75 0.75 0.75 0.75 0.75 0.75 0.75 0.75 0.75 0.75 0.75 0.75 0.75 0.75 0.75 0.75 0.75 0.75 0.75 0.75 
0.875 0.875 0.875 0.875 0.875 0.875 0.875 0.875 0.875 0.875 0.875 0.875 0.875 0.875 0.875 0.875 0.875 0.875 0.875 0.875 0.875 0.875 0.875 0.875 
1 1 1 1 1 1 1 1 1 1 1 1 1 1 1 1 1 1 1 1 1 1 1 1 
