6 32 4 10
9 2 8 11 15 18 5 16 8 17 1 10 2 13 18 16 6 7 19 5 12 12 11 6 1 6 13 1 2 18 6 3 
7.37 4.11 8.36 6.11 0.13 0.29 5.26 14.3 11.63 5.09 5.54 2.15 9.11 9.61 14.96 5.19 7.93 12.31 8.04 0.4 8.57 5.58 3.84 3.89 14.99 8.56 9.52 7.54 13.23 11.82 7.27 11.92 
4.03 6.26 6.8 6.95 3.06 14.85 1.01 4.59 4.05 13.87 13.76 4.77 11.24 11.46 0.81 6.44 4.03 13.89 11.3 5.34 5.6 9.38 1.88 9.98 14.12 3.34 10.72 9.43 11.72 1.44 11.88 7.48 
12.9 11.14 10.93 0.87 5.27 5.42 15.43 3.59 8.77 1.32 13.89 7.26 1.5 6.29 5.17 0.98 3.16 12.13 10.98 10.24 14.81 1.03 7.78 5.15 11.19 12.74 5.95 7.25 14.94 11.24 3.48 2.87 
9.69 1.45 4.34 8.51 14.37 4.47 8.09 14.79 3.92 15.34 13.57 8.32 6.67 8.47 6.35 13.05 4.4 0.53 8.08 9.41 7.44 15.73 8.89 2.13 12.53 2.42 5.96 1.2 11.71 3.27 10.51 14.96 
8 8 8 8 8 8 8 8 8 8 8 8 8 8 8 8 8 8 8 8 8 8 8 8 8 8 8 8 8 8 8 8 
12.8 9.42 5.2 3.06 13.74 6.64 9.93 14.26 7.15 14.73 14.01 5.23 13.51 0.09 8.94 0.27 15.77 1.32 12.5 3.57 2.54 12.33 3.71 9.45 2.93 5.65 9.04 0.35 1.41 11.7 10.87 13.32 
1 1 1 1 1 1 1 1 1 1 1 1 1 1 1 1 1 1 1 1 1 1 1 1 1 1 1 1 1 1 1 1 
1 1 1 1 1 1 1 1 1 1 1 1 1 1 1 1 1 1 1 1 1 1 1 1 1 1 1 1 1 1 1 1 
1 1 1 1 1 1 1 1 1 1 1 1 1 1 1 1 1 1 1 1 1 1 1 1 1 1 1 1 1 1 1 1 
1 1 1 1 1 1 1 1 1 1 1 1 1 1 1 1 1 1 1 1 1 1 1 1 1 1 1 1 1 1 1 1 
1 1 1 1 1 1 1 1 1 1 1 1 1 1 1 1 1 1 1 1 1 1 1 1 1 1 1 1 1 1 1 1 
1 1 1 1 1 1 1 1 1 1 1 1 1 1 1 1 1 1 1 1 1 1 1 1 1 1 1 1 1 1 1 1 
0.01 0.01 0.01 0.01 0.01 0.01 0.01 0.01 0.01 0.01 0.01 0.01 0.01 0.01 0.01 0.01 0.01 0.01 0.01 0.01 0.01 0.01 0.01 0.01 0.01 0.01 0.01 0.01 0.01 0.01 0.01 0.01 
0.02 0.02 0.02 0.02 0.02 0.02 0.02 0.02 0.02 0.02 0.02 0.02 0.02 0.02 0.02 0.02 0.02 0.02 0.02 0.02 0.02 0.02 0.02 0.02 0.02 0.02 0.02 0.02 0.02 0.02 0.02 0.02 
0.03 0.03 0.03 0.03 0.03 0.03 0.03 0.03 0.03 0.03 0.03 0.03 0.03 0.03 0.03 0.03 0.03 0.03 0.03 0.03 0.03 0.03 0.03 0.03 0.03 0.03 0.03 0.03 0.03 0.03 0.03 0.03 
0.04 0.04 0.04 0.04 0.04 0.04 0.04 0.04 0.04 0.04 0.04 0.04 0.04 0.04 0.04 0.04 0.04 0.04 0.04 0.04 0.04 0.04 0.04 0.04 0.04 0.04 0.04 0.04 0.04 0.04 0.04 0.04 
0.05 0.05 0.05 0.05 0.05 0.05 0.05 0.05 0.05 0.05 0.05 0.05 0.05 0.05 0.05 0.05 0.05 0.05 0.05 0.05 0.05 0.05 0.05 0.05 0.05 0.05 0.05 0.05 0.05 0.05 0.05 0.05 
1 1 1 1 1 1 1 1 1 1 1 1 1 1 1 1 1 1 1 1 1 1 1 1 1 1 1 1 1 1 1 1 
