6 32 4 10
7 18 1 2 12 16 3 10 8 16 9 18 6 10 7 11 15 1 12 1 10 2 18 4 7 18 9 4 5 18 17 1 
14.67 5.65 13.57 12.63 1.01 3.89 9.4 3.63 7.69 2.35 5.96 0.26 2.3 10.65 15.7 3.01 15.64 13.3 15.2 8.03 13.72 4.54 8.13 3.89 9.3 9.54 14.26 4.56 14.47 15.75 8.69 2.21 
4.55 7.92 7.18 7.26 11.64 0.92 8.7 4.07 5.91 3.04 7.08 9.39 15.77 1.59 9.44 12.35 10.97 2.15 4.59 3.69 6.1 15.77 12.73 10.76 8.69 15.43 9.3 12.83 9.75 1.93 0.81 14.48 
11.24 5.58 15.85 0.41 15.74 9.83 3.15 2.47 4.62 11.9 14.63 7.48 4.6 6.56 3.87 2.85 6.61 14.74 11.94 7.39 9.66 11.42 14.01 14.74 8.18 11.86 8.99 10.21 13.33 10.34 8.65 14.06 
1.66 6.69 8.84 13.57 14.88 3.22 11.88 1.68 0.02 1.59 3.1 11.3 1.36 2.42 7.89 8.56 14.75 11.04 12.9 4.46 2.75 6.49 15.97 7.27 12.9 10.09 11.21 11.7 5.3 13.48 8.78 9.04 
8 8 8 8 8 8 8 8 8 8 8 8 8 8 8 8 8 8 8 8 8 8 8 8 8 8 8 8 8 8 8 8 
9.05 12 5.85 5.64 15.46 15.73 15.38 2.39 4.16 2.1 15.26 14.4 11.99 4.38 4.68 8 4.49 8.13 14.66 6.07 15.94 11.48 8.69 4.88 0.96 11.59 8.02 6.03 4.6 8.66 12.34 7.33 
1 1 1 1 1 1 1 1 1 1 1 1 1 1 1 1 1 1 1 1 1 1 1 1 1 1 1 1 1 1 1 1 
1 1 1 1 1 1 1 1 1 1 1 1 1 1 1 1 1 1 1 1 1 1 1 1 1 1 1 1 1 1 1 1 
1 1 1 1 1 1 1 1 1 1 1 1 1 1 1 1 1 1 1 1 1 1 1 1 1 1 1 1 1 1 1 1 
1 1 1 1 1 1 1 1 1 1 1 1 1 1 1 1 1 1 1 1 1 1 1 1 1 1 1 1 1 1 1 1 
1 1 1 1 1 1 1 1 1 1 1 1 1 1 1 1 1 1 1 1 1 1 1 1 1 1 1 1 1 1 1 1 
1 1 1 1 1 1 1 1 1 1 1 1 1 1 1 1 1 1 1 1 1 1 1 1 1 1 1 1 1 1 1 1 
0.01 0.01 0.01 0.01 0.01 0.01 0.01 0.01 0.01 0.01 0.01 0.01 0.01 0.01 0.01 0.01 0.01 0.01 0.01 0.01 0.01 0.01 0.01 0.01 0.01 0.01 0.01 0.01 0.01 0.01 0.01 0.01 
0.02 0.02 0.02 0.02 0.02 0.02 0.02 0.02 0.02 0.02 0.02 0.02 0.02 0.02 0.02 0.02 0.02 0.02 0.02 0.02 0.02 0.02 0.02 0.02 0.02 0.02 0.02 0.02 0.02 0.02 0.02 0.02 
0.03 0.03 0.03 0.03 0.03 0.03 0.03 0.03 0.03 0.03 0.03 0.03 0.03 0.03 0.03 0.03 0.03 0.03 0.03 0.03 0.03 0.03 0.03 0.03 0.03 0.03 0.03 0.03 0.03 0.03 0.03 0.03 
0.04 0.04 0.04 0.04 0.04 0.04 0.04 0.04 0.04 0.04 0.04 0.04 0.04 0.04 0.04 0.04 0.04 0.04 0.04 0.04 0.04 0.04 0.04 0.04 0.04 0.04 0.04 0.04 0.04 0.04 0.04 0.04 
0.05 0.05 0.05 0.05 0.05 0.05 0.05 0.05 0.05 0.05 0.05 0.05 0.05 0.05 0.05 0.05 0.05 0.05 0.05 0.05 0.05 0.05 0.05 0.05 0.05 0.05 0.05 0.05 0.05 0.05 0.05 0.05 
1 1 1 1 1 1 1 1 1 1 1 1 1 1 1 1 1 1 1 1 1 1 1 1 1 1 1 1 1 1 1 1 
