6 16 4 10
9 20 6 8 11 14 3 10 3 8 8 10 17 16 1 13 
5.91 5.83 12.61 6.38 11.59 8.82 6.37 3.65 12.6 2.92 14.39 1 15.48 5.27 10.25 12.45 
14.33 8.94 6.23 4.82 12.23 9.55 7.67 8.79 7.6 10.82 10.93 4.57 10.13 2.3 3.98 12.21 
14.47 0.67 13.52 6.43 5.66 2.8 12.63 1.84 13.61 4.99 2.33 6.89 8.83 13.35 14.93 8.8 
9.18 7.66 12.92 10.56 7.28 10.89 13.63 13.39 13.87 1.99 7.28 15.45 2.07 14.03 9.83 1.86 
8 8 8 8 8 8 8 8 8 8 8 8 8 8 8 8 
6.87 0.87 14.42 2.27 9.59 5.21 11.55 1.84 6.13 9.03 1.68 3.51 12.58 0.55 2.74 7.08 
1 1 1 1 1 1 1 1 1 1 1 1 1 1 1 1 
1 1 1 1 1 1 1 1 1 1 1 1 1 1 1 1 
1 1 1 1 1 1 1 1 1 1 1 1 1 1 1 1 
1 1 1 1 1 1 1 1 1 1 1 1 1 1 1 1 
1 1 1 1 1 1 1 1 1 1 1 1 1 1 1 1 
1 1 1 1 1 1 1 1 1 1 1 1 1 1 1 1 
0.01 0.01 0.01 0.01 0.01 0.01 0.01 0.01 0.01 0.01 0.01 0.01 0.01 0.01 0.01 0.01 
0.02 0.02 0.02 0.02 0.02 0.02 0.02 0.02 0.02 0.02 0.02 0.02 0.02 0.02 0.02 0.02 
0.03 0.03 0.03 0.03 0.03 0.03 0.03 0.03 0.03 0.03 0.03 0.03 0.03 0.03 0.03 0.03 
0.04 0.04 0.04 0.04 0.04 0.04 0.04 0.04 0.04 0.04 0.04 0.04 0.04 0.04 0.04 0.04 
0.05 0.05 0.05 0.05 0.05 0.05 0.05 0.05 0.05 0.05 0.05 0.05 0.05 0.05 0.05 0.05 
1 1 1 1 1 1 1 1 1 1 1 1 1 1 1 1 
