12 32 6 10
13 3 12 12 5 2 4 1 5 7 19 10 10 14 17 3 17 11 19 8 2 14 9 20 2 20 3 15 13 13 6 7 
15.42 4.06 5.08 8.78 10.57 0.8 1.37 7.49 13.98 10.74 14.72 14.2 14.97 13.26 3.42 0.52 1.65 8.06 15.59 14.96 9.59 1.96 9.18 2.42 12.24 4.16 1.89 5.89 2.54 0.92 14.61 0.66 
5.77 4.94 13.01 14.51 9.98 5.5 12.11 11.71 8.41 12.61 0.49 0.03 5.32 2.38 3.51 13.57 3.55 6.86 2.79 9.44 4.93 14.31 10.44 13.35 5.29 0.24 0.93 5.68 3.92 2.56 4.3 10.6 
10.77 12.46 1.27 11.82 4.06 12.07 3.9 8.23 7.97 4.42 9.16 9.69 5.11 3.1 1.61 0.22 14.68 14 15.24 6.11 10.96 0.47 4.5 9.67 9.71 4.41 12.53 5.42 3.9 9.59 14.84 10.86 
12.17 7.14 6.31 13.07 3.3 3.66 8.44 3.91 8.82 8.21 5.86 13.27 10.29 7.76 12.67 4.98 5.58 4.08 12.96 3.67 10.54 13.24 11.3 3.19 6.51 7.44 5.81 8.39 15.91 13.72 8.13 7.76 
6.43 4.66 9.48 14.99 0.04 9.16 4.95 0.09 9.41 15.08 12.78 11.89 13.5 2.71 0.55 13.9 3.66 4.53 15.04 13.76 7.2 7.83 2.35 11.24 8.45 1.31 3.86 0.19 2.52 7.85 13.69 15.05 
3.38 3.18 15.13 12.32 11.75 10.34 9.61 12.91 2.45 5.29 9.32 6.49 3.15 9.83 14.79 11.79 12.15 2.69 9.85 5.54 3.19 3.14 15.14 7.26 3.7 13.41 13.82 6.36 2.44 15.29 5.04 12.68 
8 8 8 8 8 8 8 8 8 8 8 8 8 8 8 8 8 8 8 8 8 8 8 8 8 8 8 8 8 8 8 8 
6.63 1.72 12.52 1.57 11.34 3.43 11.13 1.78 6.47 0.85 4.34 3.77 5.79 9.1 15.27 1.17 2.78 5.54 14.42 1.5 6.09 4.22 11.86 4.45 5.39 8.09 7.51 8.99 1.98 13.87 7.47 0.19 
3.75 0.47 13.16 6.16 6.64 5.92 4.23 4.03 12.57 14.52 0.42 3.62 15.37 5.74 1.4 5.5 11.64 0.97 10.71 11.42 3.37 3.1 5 9.4 13.85 10.67 7.36 12.96 4.72 10.9 2.47 1.04 
6.29 12.28 3.31 9.44 7.68 10.97 9.95 5.41 11.82 12.36 7.42 6.71 2.63 7.5 4.54 10.56 10.36 9.65 12.94 2.91 6.22 2.73 11.8 4.12 13.61 10.23 1.63 15.57 1.89 14.04 7.03 9.38 
9.9 8.36 15.12 5.3 8.3 13.63 8.19 0.06 5.45 2.71 0.7 7.28 11.72 8.41 13.22 1.78 5.04 7.61 8.81 3.52 15.06 5.98 8.82 12.98 9.94 7.6 7.08 9.73 7.27 3.8 14.66 12.07 
12.16 3.14 12.66 12.87 0.99 12.47 0.95 10.91 7.32 5.98 9.19 15.17 6.71 0.89 4.96 13.13 13.07 9.59 10.24 12.04 0.57 3.59 5.85 2.38 8.79 13.63 1.56 8.88 2.04 8.51 1.38 6.53 
1 1 1 1 1 1 1 1 1 1 1 1 1 1 1 1 1 1 1 1 1 1 1 1 1 1 1 1 1 1 1 1 
1 1 1 1 1 1 1 1 1 1 1 1 1 1 1 1 1 1 1 1 1 1 1 1 1 1 1 1 1 1 1 1 
1 1 1 1 1 1 1 1 1 1 1 1 1 1 1 1 1 1 1 1 1 1 1 1 1 1 1 1 1 1 1 1 
1 1 1 1 1 1 1 1 1 1 1 1 1 1 1 1 1 1 1 1 1 1 1 1 1 1 1 1 1 1 1 1 
1 1 1 1 1 1 1 1 1 1 1 1 1 1 1 1 1 1 1 1 1 1 1 1 1 1 1 1 1 1 1 1 
1 1 1 1 1 1 1 1 1 1 1 1 1 1 1 1 1 1 1 1 1 1 1 1 1 1 1 1 1 1 1 1 
1 1 1 1 1 1 1 1 1 1 1 1 1 1 1 1 1 1 1 1 1 1 1 1 1 1 1 1 1 1 1 1 
1 1 1 1 1 1 1 1 1 1 1 1 1 1 1 1 1 1 1 1 1 1 1 1 1 1 1 1 1 1 1 1 
1 1 1 1 1 1 1 1 1 1 1 1 1 1 1 1 1 1 1 1 1 1 1 1 1 1 1 1 1 1 1 1 
1 1 1 1 1 1 1 1 1 1 1 1 1 1 1 1 1 1 1 1 1 1 1 1 1 1 1 1 1 1 1 1 
1 1 1 1 1 1 1 1 1 1 1 1 1 1 1 1 1 1 1 1 1 1 1 1 1 1 1 1 1 1 1 1 
1 1 1 1 1 1 1 1 1 1 1 1 1 1 1 1 1 1 1 1 1 1 1 1 1 1 1 1 1 1 1 1 
0.01 0.01 0.01 0.01 0.01 0.01 0.01 0.01 0.01 0.01 0.01 0.01 0.01 0.01 0.01 0.01 0.01 0.01 0.01 0.01 0.01 0.01 0.01 0.01 0.01 0.01 0.01 0.01 0.01 0.01 0.01 0.01 
0.02 0.02 0.02 0.02 0.02 0.02 0.02 0.02 0.02 0.02 0.02 0.02 0.02 0.02 0.02 0.02 0.02 0.02 0.02 0.02 0.02 0.02 0.02 0.02 0.02 0.02 0.02 0.02 0.02 0.02 0.02 0.02 
0.03 0.03 0.03 0.03 0.03 0.03 0.03 0.03 0.03 0.03 0.03 0.03 0.03 0.03 0.03 0.03 0.03 0.03 0.03 0.03 0.03 0.03 0.03 0.03 0.03 0.03 0.03 0.03 0.03 0.03 0.03 0.03 
0.04 0.04 0.04 0.04 0.04 0.04 0.04 0.04 0.04 0.04 0.04 0.04 0.04 0.04 0.04 0.04 0.04 0.04 0.04 0.04 0.04 0.04 0.04 0.04 0.04 0.04 0.04 0.04 0.04 0.04 0.04 0.04 
0.05 0.05 0.05 0.05 0.05 0.05 0.05 0.05 0.05 0.05 0.05 0.05 0.05 0.05 0.05 0.05 0.05 0.05 0.05 0.05 0.05 0.05 0.05 0.05 0.05 0.05 0.05 0.05 0.05 0.05 0.05 0.05 
0.06 0.06 0.06 0.06 0.06 0.06 0.06 0.06 0.06 0.06 0.06 0.06 0.06 0.06 0.06 0.06 0.06 0.06 0.06 0.06 0.06 0.06 0.06 0.06 0.06 0.06 0.06 0.06 0.06 0.06 0.06 0.06 
0.07 0.07 0.07 0.07 0.07 0.07 0.07 0.07 0.07 0.07 0.07 0.07 0.07 0.07 0.07 0.07 0.07 0.07 0.07 0.07 0.07 0.07 0.07 0.07 0.07 0.07 0.07 0.07 0.07 0.07 0.07 0.07 
0.2 0.2 0.2 0.2 0.2 0.2 0.2 0.2 0.2 0.2 0.2 0.2 0.2 0.2 0.2 0.2 0.2 0.2 0.2 0.2 0.2 0.2 0.2 0.2 0.2 0.2 0.2 0.2 0.2 0.2 0.2 0.2 
0.4 0.4 0.4 0.4 0.4 0.4 0.4 0.4 0.4 0.4 0.4 0.4 0.4 0.4 0.4 0.4 0.4 0.4 0.4 0.4 0.4 0.4 0.4 0.4 0.4 0.4 0.4 0.4 0.4 0.4 0.4 0.4 
0.6 0.6 0.6 0.6 0.6 0.6 0.6 0.6 0.6 0.6 0.6 0.6 0.6 0.6 0.6 0.6 0.6 0.6 0.6 0.6 0.6 0.6 0.6 0.6 0.6 0.6 0.6 0.6 0.6 0.6 0.6 0.6 
0.8 0.8 0.8 0.8 0.8 0.8 0.8 0.8 0.8 0.8 0.8 0.8 0.8 0.8 0.8 0.8 0.8 0.8 0.8 0.8 0.8 0.8 0.8 0.8 0.8 0.8 0.8 0.8 0.8 0.8 0.8 0.8 
1 1 1 1 1 1 1 1 1 1 1 1 1 1 1 1 1 1 1 1 1 1 1 1 1 1 1 1 1 1 1 1 
