3 24 1 10
19 19 3 18 1 18 3 7 4 2 15 7 11 1 11 2 10 20 1 16 8 11 20 20 
13.12 14.22 9.17 1.32 3.14 3.53 14.73 13.62 6.79 14.15 9.91 7.7 3.25 3.64 5.25 12.28 5.52 0.97 6.32 2.71 0.36 4.85 10.57 0.59 
8 8 8 8 8 8 8 8 8 8 8 8 8 8 8 8 8 8 8 8 8 8 8 8 
2.72 15.97 9.65 10.17 9.91 6.81 11.17 6.83 4.67 8.38 4.67 11.84 12.09 13.23 6.21 7.1 2.44 7.83 14.48 4.61 0.21 0.44 14.18 1.65 
1 1 1 1 1 1 1 1 1 1 1 1 1 1 1 1 1 1 1 1 1 1 1 1 
1 1 1 1 1 1 1 1 1 1 1 1 1 1 1 1 1 1 1 1 1 1 1 1 
1 1 1 1 1 1 1 1 1 1 1 1 1 1 1 1 1 1 1 1 1 1 1 1 
0.01 0.01 0.01 0.01 0.01 0.01 0.01 0.01 0.01 0.01 0.01 0.01 0.01 0.01 0.01 0.01 0.01 0.01 0.01 0.01 0.01 0.01 0.01 0.01 
0.02 0.02 0.02 0.02 0.02 0.02 0.02 0.02 0.02 0.02 0.02 0.02 0.02 0.02 0.02 0.02 0.02 0.02 0.02 0.02 0.02 0.02 0.02 0.02 
1 1 1 1 1 1 1 1 1 1 1 1 1 1 1 1 1 1 1 1 1 1 1 1 
