12 16 3 10
14 20 7 16 13 13 17 4 15 6 19 7 8 19 20 11 
8.11 7.88 10.83 12.76 6.52 6.3 3.78 12.48 8.01 12.73 2.93 6.75 13.04 2.7 9.8 8.51 
6.77 11.54 6.52 8.56 4.61 0.49 3.07 14.09 7.36 10.45 8.15 6.73 1.53 8.74 6.34 1.73 
11.03 11.93 13.39 3.32 14.57 14.68 14.42 2.45 11.49 6.74 2.14 11.78 5.64 1.29 2.93 0.14 
8 8 8 8 8 8 8 8 8 8 8 8 8 8 8 8 
8.68 5.63 5.44 11.7 1.32 15.34 13.11 9.18 14.36 7.51 5.07 5.28 12.82 1.77 4.37 6.37 
5.97 1.03 4.94 8.2 4.81 4.44 15.83 7.44 11.2 8.69 3.65 11.25 12.94 7.7 2.67 13.43 
4.53 15.21 7.92 6.3 6.23 14.05 7.33 3.06 6.18 0.79 9.03 7.3 12.36 9.98 3.35 6.05 
4.08 14.82 8.62 8.11 8.14 0.73 10.56 7.56 10.53 10.89 13.86 12.85 3.35 4.6 3.56 4.82 
1.36 14.84 12.55 14.13 5.16 7.35 11.18 10.43 14.5 5.55 0.63 4.42 10.52 3.69 1.82 12.4 
1.8 15.15 14.37 12.72 8.3 1.07 3.98 6.34 2.66 6.34 10.17 5.17 1.08 11.76 10.56 8.56 
4.08 13.47 7.14 9.6 3 5.56 12.43 14.07 5.95 1.95 9.78 5.34 11.12 12.52 14.86 13.18 
3.71 11.85 14.7 15.49 13.53 8.03 15.22 1.76 11.47 14.5 15.85 6.18 12.26 6.98 1.84 2.22 
1 1 1 1 1 1 1 1 1 1 1 1 1 1 1 1 
1 1 1 1 1 1 1 1 1 1 1 1 1 1 1 1 
1 1 1 1 1 1 1 1 1 1 1 1 1 1 1 1 
1 1 1 1 1 1 1 1 1 1 1 1 1 1 1 1 
1 1 1 1 1 1 1 1 1 1 1 1 1 1 1 1 
1 1 1 1 1 1 1 1 1 1 1 1 1 1 1 1 
1 1 1 1 1 1 1 1 1 1 1 1 1 1 1 1 
1 1 1 1 1 1 1 1 1 1 1 1 1 1 1 1 
1 1 1 1 1 1 1 1 1 1 1 1 1 1 1 1 
1 1 1 1 1 1 1 1 1 1 1 1 1 1 1 1 
1 1 1 1 1 1 1 1 1 1 1 1 1 1 1 1 
1 1 1 1 1 1 1 1 1 1 1 1 1 1 1 1 
0.01 0.01 0.01 0.01 0.01 0.01 0.01 0.01 0.01 0.01 0.01 0.01 0.01 0.01 0.01 0.01 
0.02 0.02 0.02 0.02 0.02 0.02 0.02 0.02 0.02 0.02 0.02 0.02 0.02 0.02 0.02 0.02 
0.03 0.03 0.03 0.03 0.03 0.03 0.03 0.03 0.03 0.03 0.03 0.03 0.03 0.03 0.03 0.03 
0.04 0.04 0.04 0.04 0.04 0.04 0.04 0.04 0.04 0.04 0.04 0.04 0.04 0.04 0.04 0.04 
0.125 0.125 0.125 0.125 0.125 0.125 0.125 0.125 0.125 0.125 0.125 0.125 0.125 0.125 0.125 0.125 
0.25 0.25 0.25 0.25 0.25 0.25 0.25 0.25 0.25 0.25 0.25 0.25 0.25 0.25 0.25 0.25 
0.375 0.375 0.375 0.375 0.375 0.375 0.375 0.375 0.375 0.375 0.375 0.375 0.375 0.375 0.375 0.375 
0.5 0.5 0.5 0.5 0.5 0.5 0.5 0.5 0.5 0.5 0.5 0.5 0.5 0.5 0.5 0.5 
0.625 0.625 0.625 0.625 0.625 0.625 0.625 0.625 0.625 0.625 0.625 0.625 0.625 0.625 0.625 0.625 
0.75 0.75 0.75 0.75 0.75 0.75 0.75 0.75 0.75 0.75 0.75 0.75 0.75 0.75 0.75 0.75 
0.875 0.875 0.875 0.875 0.875 0.875 0.875 0.875 0.875 0.875 0.875 0.875 0.875 0.875 0.875 0.875 
1 1 1 1 1 1 1 1 1 1 1 1 1 1 1 1 
