12 16 3 10
14 12 6 4 3 14 14 8 3 8 3 12 13 12 4 17 
0.16 3.89 15.57 12.97 2.25 6.77 12.36 7.43 12.57 0.57 10.71 4.02 0.35 8.57 2.09 5.44 
8.38 10.93 4.99 14.48 2.13 9.96 10.48 0.05 2.87 8.91 3.04 8.7 3.02 9.48 4.65 11.23 
8 0.53 7.21 5.59 10.02 8.41 4.17 3.87 15.15 0.96 6.28 8.67 5.62 6.95 7.13 0.73 
8 8 8 8 8 8 8 8 8 8 8 8 8 8 8 8 
5.36 12.88 10.19 6.48 10.37 6.87 0.42 8.97 12.23 0.02 4.43 5.03 5.59 11.96 4.16 13.77 
3.76 2.96 3.9 2.94 2.09 15.61 12.47 7.89 4.93 15.01 15.55 3.58 11.02 11.18 1.23 7.64 
0.67 11.39 5.34 8.3 15.58 4.46 3.47 14.9 15.37 10.74 3.99 9.78 5.69 15.15 15.6 5.09 
12.09 5.16 15.03 1.22 11.55 7.64 15.52 10.4 11.74 3.04 9.96 0.06 4.89 11.3 1.01 2.9 
4.09 4.68 3.23 5.82 11.9 8.18 9.28 14.32 5.68 15.05 6.83 5.48 5.55 10.66 11.69 5.2 
7.7 9.25 1.46 8.8 5.82 12.76 4.32 7.56 13.87 11.27 2.46 13.9 11.62 3.07 2.66 12.27 
10.15 1.73 8.66 11.14 10.53 8.97 8.46 12.52 12.82 3.14 10.36 7.31 9.19 1.67 7.46 14.41 
6.52 13.29 14.79 9.6 4.17 2.6 4.93 3.33 14.24 13.43 3.44 8.38 1.77 12.26 13.06 15.6 
1 1 1 1 1 1 1 1 1 1 1 1 1 1 1 1 
1 1 1 1 1 1 1 1 1 1 1 1 1 1 1 1 
1 1 1 1 1 1 1 1 1 1 1 1 1 1 1 1 
1 1 1 1 1 1 1 1 1 1 1 1 1 1 1 1 
1 1 1 1 1 1 1 1 1 1 1 1 1 1 1 1 
1 1 1 1 1 1 1 1 1 1 1 1 1 1 1 1 
1 1 1 1 1 1 1 1 1 1 1 1 1 1 1 1 
1 1 1 1 1 1 1 1 1 1 1 1 1 1 1 1 
1 1 1 1 1 1 1 1 1 1 1 1 1 1 1 1 
1 1 1 1 1 1 1 1 1 1 1 1 1 1 1 1 
1 1 1 1 1 1 1 1 1 1 1 1 1 1 1 1 
1 1 1 1 1 1 1 1 1 1 1 1 1 1 1 1 
0.01 0.01 0.01 0.01 0.01 0.01 0.01 0.01 0.01 0.01 0.01 0.01 0.01 0.01 0.01 0.01 
0.02 0.02 0.02 0.02 0.02 0.02 0.02 0.02 0.02 0.02 0.02 0.02 0.02 0.02 0.02 0.02 
0.03 0.03 0.03 0.03 0.03 0.03 0.03 0.03 0.03 0.03 0.03 0.03 0.03 0.03 0.03 0.03 
0.04 0.04 0.04 0.04 0.04 0.04 0.04 0.04 0.04 0.04 0.04 0.04 0.04 0.04 0.04 0.04 
0.125 0.125 0.125 0.125 0.125 0.125 0.125 0.125 0.125 0.125 0.125 0.125 0.125 0.125 0.125 0.125 
0.25 0.25 0.25 0.25 0.25 0.25 0.25 0.25 0.25 0.25 0.25 0.25 0.25 0.25 0.25 0.25 
0.375 0.375 0.375 0.375 0.375 0.375 0.375 0.375 0.375 0.375 0.375 0.375 0.375 0.375 0.375 0.375 
0.5 0.5 0.5 0.5 0.5 0.5 0.5 0.5 0.5 0.5 0.5 0.5 0.5 0.5 0.5 0.5 
0.625 0.625 0.625 0.625 0.625 0.625 0.625 0.625 0.625 0.625 0.625 0.625 0.625 0.625 0.625 0.625 
0.75 0.75 0.75 0.75 0.75 0.75 0.75 0.75 0.75 0.75 0.75 0.75 0.75 0.75 0.75 0.75 
0.875 0.875 0.875 0.875 0.875 0.875 0.875 0.875 0.875 0.875 0.875 0.875 0.875 0.875 0.875 0.875 
1 1 1 1 1 1 1 1 1 1 1 1 1 1 1 1 
