6 32 2 10
6 6 15 1 1 14 17 18 14 6 10 6 2 9 1 8 19 3 8 13 11 4 10 4 16 11 5 4 5 20 12 8 
13.75 5.62 7.26 2.3 12.97 11.35 4.96 12.92 13.42 13.35 1.52 15.05 13.24 14 6.91 8.12 7.29 15.62 9.6 13.21 14.83 7.65 12.35 10.22 0.4 9.15 13.68 3 3.18 11.5 0.08 1.97 
1.94 13.36 11.46 10.1 8.37 11.28 1.48 6.01 14.67 14.17 11.37 4.46 5.6 6.84 8.5 7.82 5.42 2.49 7.41 11.33 14.12 14.19 10.32 10.13 1.68 15.1 11.78 14.87 13.96 7.45 10.84 4.16 
8 8 8 8 8 8 8 8 8 8 8 8 8 8 8 8 8 8 8 8 8 8 8 8 8 8 8 8 8 8 8 8 
2.77 6.38 14.22 12.67 3.17 1.68 12.95 15.53 13.07 0.46 6.59 3.46 15.94 8.16 7.86 10.43 13.71 1.27 1.87 14.38 13.13 2.82 0.79 6.3 15.3 1.59 8.61 0.49 4.51 1.37 14.38 11.09 
3.04 8.89 2.2 9.3 15.12 10 9.79 1.91 10.73 12.66 0.19 7.45 15.55 15.53 15.66 6.1 0.07 15.52 15.84 13.15 10.1 4.04 6.07 7.01 8.54 12.18 1.92 12.16 5.57 8.69 2.92 11.25 
15.36 6.96 6.68 13.92 14.47 11.7 9.85 9.06 12.24 11.55 7.11 3.02 8.61 4.28 3.76 2.86 1.76 15.77 12.05 2.17 1.33 13.47 7.59 3.98 2.45 0.64 12.92 9.76 10.96 5.65 14.17 10.98 
1 1 1 1 1 1 1 1 1 1 1 1 1 1 1 1 1 1 1 1 1 1 1 1 1 1 1 1 1 1 1 1 
1 1 1 1 1 1 1 1 1 1 1 1 1 1 1 1 1 1 1 1 1 1 1 1 1 1 1 1 1 1 1 1 
1 1 1 1 1 1 1 1 1 1 1 1 1 1 1 1 1 1 1 1 1 1 1 1 1 1 1 1 1 1 1 1 
1 1 1 1 1 1 1 1 1 1 1 1 1 1 1 1 1 1 1 1 1 1 1 1 1 1 1 1 1 1 1 1 
1 1 1 1 1 1 1 1 1 1 1 1 1 1 1 1 1 1 1 1 1 1 1 1 1 1 1 1 1 1 1 1 
1 1 1 1 1 1 1 1 1 1 1 1 1 1 1 1 1 1 1 1 1 1 1 1 1 1 1 1 1 1 1 1 
0.01 0.01 0.01 0.01 0.01 0.01 0.01 0.01 0.01 0.01 0.01 0.01 0.01 0.01 0.01 0.01 0.01 0.01 0.01 0.01 0.01 0.01 0.01 0.01 0.01 0.01 0.01 0.01 0.01 0.01 0.01 0.01 
0.02 0.02 0.02 0.02 0.02 0.02 0.02 0.02 0.02 0.02 0.02 0.02 0.02 0.02 0.02 0.02 0.02 0.02 0.02 0.02 0.02 0.02 0.02 0.02 0.02 0.02 0.02 0.02 0.02 0.02 0.02 0.02 
0.03 0.03 0.03 0.03 0.03 0.03 0.03 0.03 0.03 0.03 0.03 0.03 0.03 0.03 0.03 0.03 0.03 0.03 0.03 0.03 0.03 0.03 0.03 0.03 0.03 0.03 0.03 0.03 0.03 0.03 0.03 0.03 
0.333333 0.333333 0.333333 0.333333 0.333333 0.333333 0.333333 0.333333 0.333333 0.333333 0.333333 0.333333 0.333333 0.333333 0.333333 0.333333 0.333333 0.333333 0.333333 0.333333 0.333333 0.333333 0.333333 0.333333 0.333333 0.333333 0.333333 0.333333 0.333333 0.333333 0.333333 0.333333 
0.666667 0.666667 0.666667 0.666667 0.666667 0.666667 0.666667 0.666667 0.666667 0.666667 0.666667 0.666667 0.666667 0.666667 0.666667 0.666667 0.666667 0.666667 0.666667 0.666667 0.666667 0.666667 0.666667 0.666667 0.666667 0.666667 0.666667 0.666667 0.666667 0.666667 0.666667 0.666667 
1 1 1 1 1 1 1 1 1 1 1 1 1 1 1 1 1 1 1 1 1 1 1 1 1 1 1 1 1 1 1 1 
