3 40 1 10
18 6 1 20 17 20 8 7 18 19 1 1 1 4 8 5 13 3 14 8 6 6 13 12 9 19 4 16 3 15 5 13 18 8 6 19 12 20 3 18 
15.75 0.63 14.32 9.3 2.69 5.01 3.48 12.33 14.09 0.66 4.71 8.36 1.61 3.83 9.57 7.62 2.37 8.33 1.17 0.3 10.15 3.65 15.55 3.71 3.02 8.54 13.68 15.05 10.08 0.97 13.82 9.76 5.3 14.85 5.58 2.76 9.13 11.95 3.57 15.35 
8 8 8 8 8 8 8 8 8 8 8 8 8 8 8 8 8 8 8 8 8 8 8 8 8 8 8 8 8 8 8 8 8 8 8 8 8 8 8 8 
4.87 12.59 1.99 4.36 13.51 9.13 7.57 9.14 2.3 0.77 14.57 4.69 3.48 13.35 0.71 1.37 7.86 5.64 10.43 8.86 8.72 13.8 10.67 5.33 6.72 5.67 13.31 14.97 9.82 0.61 3.24 9.44 14.23 14.58 1.26 3.1 5.81 2.68 9.8 3.74 
1 1 1 1 1 1 1 1 1 1 1 1 1 1 1 1 1 1 1 1 1 1 1 1 1 1 1 1 1 1 1 1 1 1 1 1 1 1 1 1 
1 1 1 1 1 1 1 1 1 1 1 1 1 1 1 1 1 1 1 1 1 1 1 1 1 1 1 1 1 1 1 1 1 1 1 1 1 1 1 1 
1 1 1 1 1 1 1 1 1 1 1 1 1 1 1 1 1 1 1 1 1 1 1 1 1 1 1 1 1 1 1 1 1 1 1 1 1 1 1 1 
0.01 0.01 0.01 0.01 0.01 0.01 0.01 0.01 0.01 0.01 0.01 0.01 0.01 0.01 0.01 0.01 0.01 0.01 0.01 0.01 0.01 0.01 0.01 0.01 0.01 0.01 0.01 0.01 0.01 0.01 0.01 0.01 0.01 0.01 0.01 0.01 0.01 0.01 0.01 0.01 
0.02 0.02 0.02 0.02 0.02 0.02 0.02 0.02 0.02 0.02 0.02 0.02 0.02 0.02 0.02 0.02 0.02 0.02 0.02 0.02 0.02 0.02 0.02 0.02 0.02 0.02 0.02 0.02 0.02 0.02 0.02 0.02 0.02 0.02 0.02 0.02 0.02 0.02 0.02 0.02 
1 1 1 1 1 1 1 1 1 1 1 1 1 1 1 1 1 1 1 1 1 1 1 1 1 1 1 1 1 1 1 1 1 1 1 1 1 1 1 1 
