3 16 1 10
11 16 16 17 7 6 5 18 8 15 19 1 20 3 14 7 
14.45 12.94 13.53 6.38 6.05 6.8 1.48 6.62 10.45 12.59 8.93 11.42 5.79 0.37 3.6 5.05 
8 8 8 8 8 8 8 8 8 8 8 8 8 8 8 8 
6.5 9 7.5 11.97 4.31 9.75 4.67 3.25 7.32 10.46 13.77 10.6 9.38 13.94 4.54 12.98 
1 1 1 1 1 1 1 1 1 1 1 1 1 1 1 1 
1 1 1 1 1 1 1 1 1 1 1 1 1 1 1 1 
1 1 1 1 1 1 1 1 1 1 1 1 1 1 1 1 
0.01 0.01 0.01 0.01 0.01 0.01 0.01 0.01 0.01 0.01 0.01 0.01 0.01 0.01 0.01 0.01 
0.02 0.02 0.02 0.02 0.02 0.02 0.02 0.02 0.02 0.02 0.02 0.02 0.02 0.02 0.02 0.02 
1 1 1 1 1 1 1 1 1 1 1 1 1 1 1 1 
