12 48 6 10
11 2 19 9 11 1 13 13 4 9 19 15 12 14 19 17 6 8 20 19 2 13 2 1 19 13 20 16 20 14 12 20 14 7 16 2 9 1 19 4 11 19 6 19 6 10 10 3 
2.37 8.42 12.54 6.66 15.85 2.58 5.3 0.99 11.36 9.71 4.32 10.93 10.19 11.48 7.93 7.93 15.88 15.04 2.44 13 6.81 5.33 0.02 3.55 11.84 0.36 13.04 4.08 10.68 4.69 10.6 0.86 10.23 0.33 15.04 2.67 14.47 4.29 4.55 5.17 10.51 1.55 9.37 12.66 1.25 7.06 6.56 13.51 
15.18 11.6 8.53 6.73 15.31 11.81 6.8 5.23 0.83 8.31 2.89 13.66 11.69 13.53 7.63 3.24 1.3 2.62 9.54 13.63 1.66 2.67 9.05 8.32 1.95 12.04 14 14.4 1.58 2.41 9.43 14.6 6.91 6.6 15.88 5.76 3.27 6.54 15.79 8.09 3.23 8.51 13.74 2.68 5.34 4.78 11.41 2.8 
3.04 3.95 15.82 0.54 5.48 11.11 11.14 8.4 5.64 5.25 10.41 7.98 3.71 8.77 4.56 4.37 3.11 10.38 1.78 6.58 15.53 8.88 9.21 10.25 3.23 0.4 11.15 12.59 15.56 1.41 9.31 0.18 0.77 5.8 14.77 8.74 11.81 3.95 4.51 14.32 2.53 9.83 14.87 0.34 6.85 4.44 13.04 4.06 
1.38 3.3 15.95 14.25 3.25 11.03 1.8 3.93 9.91 3.9 15.71 4.94 8.51 10.71 6.33 3.67 13.75 14.96 3.68 0.3 9.73 13.27 2.5 7.87 14.8 6.27 2.14 12.52 11.73 2.93 4.1 8.52 7.41 2.88 7.8 10.81 13.96 3.16 5.74 11.58 9.01 13.66 0.06 8.57 3.47 5.48 2.25 0.26 
13.12 14.82 7.24 6.9 4.5 13.87 5.74 11.99 8.81 9.71 10.25 10.11 4.32 5.9 9.06 4.2 13.33 3.14 3.09 12.37 1.42 12.51 10.32 12.97 12.29 8.13 15.59 2.64 13.6 9.34 16 12.13 10.33 10.98 2.71 4.91 0.25 7.26 6.73 0.11 7.96 3.76 10.11 10.52 9.97 12.24 11.84 0.33 
3.11 5.99 10.05 0.15 13.19 6.5 15.24 0.1 12.61 12.26 6.08 11.89 1.47 7 13.58 13.95 14.85 3.36 14.14 13.87 3.16 8.66 8.58 13.16 15.67 9.14 10.32 11.75 5.51 13.64 10.49 10.73 1.41 4.35 14.58 4.16 9.11 12.12 12.17 9.24 13.38 0.9 5.58 7.89 4.45 2.09 9.28 6.19 
8 8 8 8 8 8 8 8 8 8 8 8 8 8 8 8 8 8 8 8 8 8 8 8 8 8 8 8 8 8 8 8 8 8 8 8 8 8 8 8 8 8 8 8 8 8 8 8 
13.58 4.79 10.89 14.9 0.95 10.23 7.48 10.53 4.12 14.5 3.4 3.53 11.95 14.72 14.3 10.32 7.56 5.61 10.28 13.59 4.12 4.3 15.35 8.65 15.02 12.95 12.08 1.6 11.26 0.21 6.64 14.92 6.96 0.3 12.05 10.61 2.5 8.18 9.03 8.7 3.59 9.12 12.03 0.66 4.45 7.62 10.77 1.68 
9.45 6.52 1.19 13.44 0.79 15.54 4.63 3.57 1.04 9.8 6.88 4.16 3 4.22 8.16 10.81 12.69 6.67 6.29 0.58 5.28 10.32 5.09 5.68 4.85 15.8 0.82 12.96 5.41 5.51 13.26 1.49 8.13 8.66 13.54 3.75 14.09 9.22 1.05 9.5 15.31 14.14 15.76 12.28 13.42 3.59 5.18 8.05 
4.17 4.46 6.85 5.46 0.7 4.03 11.04 10.51 2.62 10.08 2.35 4.03 6.98 10.04 0.97 8.77 12.65 5.87 2.15 0.04 4.52 5.48 10.87 11.54 5.59 15.46 13.35 14.56 10.23 5.16 12.51 6.66 3.51 15.14 11.13 6.92 14.61 3.03 12.33 11.04 1.45 9.96 10.25 14.14 11.91 8.46 8.75 7.9 
14.11 5.83 8.59 11.65 3.96 11.82 7.48 10.99 12.1 4.3 0.06 3.86 2.82 4.14 0.42 15.4 14.2 3.76 2.36 11.8 14.66 5.14 6.58 8.48 14.28 14.33 14.32 10.49 8.72 14.99 12.67 3.22 15.19 14.02 0.2 5.98 3.89 6.59 11.71 0.97 0.87 9.92 0.38 2.58 13.46 11.91 15.81 0.54 
15.34 6.89 5.75 12.87 4.52 13.42 8.63 14.84 7.63 2.1 2.61 2.04 7.34 7.13 14.17 14.56 6.79 12.47 2.8 1.88 8.79 5.77 3.06 3.9 8.14 4.6 9.96 0.33 13.49 2.44 13.33 7.57 0.61 6.15 9.68 13 2.53 15.31 15.6 5.21 11.02 8.29 4.58 4.87 1.88 6.7 0.73 12.75 
1 1 1 1 1 1 1 1 1 1 1 1 1 1 1 1 1 1 1 1 1 1 1 1 1 1 1 1 1 1 1 1 1 1 1 1 1 1 1 1 1 1 1 1 1 1 1 1 
1 1 1 1 1 1 1 1 1 1 1 1 1 1 1 1 1 1 1 1 1 1 1 1 1 1 1 1 1 1 1 1 1 1 1 1 1 1 1 1 1 1 1 1 1 1 1 1 
1 1 1 1 1 1 1 1 1 1 1 1 1 1 1 1 1 1 1 1 1 1 1 1 1 1 1 1 1 1 1 1 1 1 1 1 1 1 1 1 1 1 1 1 1 1 1 1 
1 1 1 1 1 1 1 1 1 1 1 1 1 1 1 1 1 1 1 1 1 1 1 1 1 1 1 1 1 1 1 1 1 1 1 1 1 1 1 1 1 1 1 1 1 1 1 1 
1 1 1 1 1 1 1 1 1 1 1 1 1 1 1 1 1 1 1 1 1 1 1 1 1 1 1 1 1 1 1 1 1 1 1 1 1 1 1 1 1 1 1 1 1 1 1 1 
1 1 1 1 1 1 1 1 1 1 1 1 1 1 1 1 1 1 1 1 1 1 1 1 1 1 1 1 1 1 1 1 1 1 1 1 1 1 1 1 1 1 1 1 1 1 1 1 
1 1 1 1 1 1 1 1 1 1 1 1 1 1 1 1 1 1 1 1 1 1 1 1 1 1 1 1 1 1 1 1 1 1 1 1 1 1 1 1 1 1 1 1 1 1 1 1 
1 1 1 1 1 1 1 1 1 1 1 1 1 1 1 1 1 1 1 1 1 1 1 1 1 1 1 1 1 1 1 1 1 1 1 1 1 1 1 1 1 1 1 1 1 1 1 1 
1 1 1 1 1 1 1 1 1 1 1 1 1 1 1 1 1 1 1 1 1 1 1 1 1 1 1 1 1 1 1 1 1 1 1 1 1 1 1 1 1 1 1 1 1 1 1 1 
1 1 1 1 1 1 1 1 1 1 1 1 1 1 1 1 1 1 1 1 1 1 1 1 1 1 1 1 1 1 1 1 1 1 1 1 1 1 1 1 1 1 1 1 1 1 1 1 
1 1 1 1 1 1 1 1 1 1 1 1 1 1 1 1 1 1 1 1 1 1 1 1 1 1 1 1 1 1 1 1 1 1 1 1 1 1 1 1 1 1 1 1 1 1 1 1 
1 1 1 1 1 1 1 1 1 1 1 1 1 1 1 1 1 1 1 1 1 1 1 1 1 1 1 1 1 1 1 1 1 1 1 1 1 1 1 1 1 1 1 1 1 1 1 1 
0.01 0.01 0.01 0.01 0.01 0.01 0.01 0.01 0.01 0.01 0.01 0.01 0.01 0.01 0.01 0.01 0.01 0.01 0.01 0.01 0.01 0.01 0.01 0.01 0.01 0.01 0.01 0.01 0.01 0.01 0.01 0.01 0.01 0.01 0.01 0.01 0.01 0.01 0.01 0.01 0.01 0.01 0.01 0.01 0.01 0.01 0.01 0.01 
0.02 0.02 0.02 0.02 0.02 0.02 0.02 0.02 0.02 0.02 0.02 0.02 0.02 0.02 0.02 0.02 0.02 0.02 0.02 0.02 0.02 0.02 0.02 0.02 0.02 0.02 0.02 0.02 0.02 0.02 0.02 0.02 0.02 0.02 0.02 0.02 0.02 0.02 0.02 0.02 0.02 0.02 0.02 0.02 0.02 0.02 0.02 0.02 
0.03 0.03 0.03 0.03 0.03 0.03 0.03 0.03 0.03 0.03 0.03 0.03 0.03 0.03 0.03 0.03 0.03 0.03 0.03 0.03 0.03 0.03 0.03 0.03 0.03 0.03 0.03 0.03 0.03 0.03 0.03 0.03 0.03 0.03 0.03 0.03 0.03 0.03 0.03 0.03 0.03 0.03 0.03 0.03 0.03 0.03 0.03 0.03 
0.04 0.04 0.04 0.04 0.04 0.04 0.04 0.04 0.04 0.04 0.04 0.04 0.04 0.04 0.04 0.04 0.04 0.04 0.04 0.04 0.04 0.04 0.04 0.04 0.04 0.04 0.04 0.04 0.04 0.04 0.04 0.04 0.04 0.04 0.04 0.04 0.04 0.04 0.04 0.04 0.04 0.04 0.04 0.04 0.04 0.04 0.04 0.04 
0.05 0.05 0.05 0.05 0.05 0.05 0.05 0.05 0.05 0.05 0.05 0.05 0.05 0.05 0.05 0.05 0.05 0.05 0.05 0.05 0.05 0.05 0.05 0.05 0.05 0.05 0.05 0.05 0.05 0.05 0.05 0.05 0.05 0.05 0.05 0.05 0.05 0.05 0.05 0.05 0.05 0.05 0.05 0.05 0.05 0.05 0.05 0.05 
0.06 0.06 0.06 0.06 0.06 0.06 0.06 0.06 0.06 0.06 0.06 0.06 0.06 0.06 0.06 0.06 0.06 0.06 0.06 0.06 0.06 0.06 0.06 0.06 0.06 0.06 0.06 0.06 0.06 0.06 0.06 0.06 0.06 0.06 0.06 0.06 0.06 0.06 0.06 0.06 0.06 0.06 0.06 0.06 0.06 0.06 0.06 0.06 
0.07 0.07 0.07 0.07 0.07 0.07 0.07 0.07 0.07 0.07 0.07 0.07 0.07 0.07 0.07 0.07 0.07 0.07 0.07 0.07 0.07 0.07 0.07 0.07 0.07 0.07 0.07 0.07 0.07 0.07 0.07 0.07 0.07 0.07 0.07 0.07 0.07 0.07 0.07 0.07 0.07 0.07 0.07 0.07 0.07 0.07 0.07 0.07 
0.2 0.2 0.2 0.2 0.2 0.2 0.2 0.2 0.2 0.2 0.2 0.2 0.2 0.2 0.2 0.2 0.2 0.2 0.2 0.2 0.2 0.2 0.2 0.2 0.2 0.2 0.2 0.2 0.2 0.2 0.2 0.2 0.2 0.2 0.2 0.2 0.2 0.2 0.2 0.2 0.2 0.2 0.2 0.2 0.2 0.2 0.2 0.2 
0.4 0.4 0.4 0.4 0.4 0.4 0.4 0.4 0.4 0.4 0.4 0.4 0.4 0.4 0.4 0.4 0.4 0.4 0.4 0.4 0.4 0.4 0.4 0.4 0.4 0.4 0.4 0.4 0.4 0.4 0.4 0.4 0.4 0.4 0.4 0.4 0.4 0.4 0.4 0.4 0.4 0.4 0.4 0.4 0.4 0.4 0.4 0.4 
0.6 0.6 0.6 0.6 0.6 0.6 0.6 0.6 0.6 0.6 0.6 0.6 0.6 0.6 0.6 0.6 0.6 0.6 0.6 0.6 0.6 0.6 0.6 0.6 0.6 0.6 0.6 0.6 0.6 0.6 0.6 0.6 0.6 0.6 0.6 0.6 0.6 0.6 0.6 0.6 0.6 0.6 0.6 0.6 0.6 0.6 0.6 0.6 
0.8 0.8 0.8 0.8 0.8 0.8 0.8 0.8 0.8 0.8 0.8 0.8 0.8 0.8 0.8 0.8 0.8 0.8 0.8 0.8 0.8 0.8 0.8 0.8 0.8 0.8 0.8 0.8 0.8 0.8 0.8 0.8 0.8 0.8 0.8 0.8 0.8 0.8 0.8 0.8 0.8 0.8 0.8 0.8 0.8 0.8 0.8 0.8 
1 1 1 1 1 1 1 1 1 1 1 1 1 1 1 1 1 1 1 1 1 1 1 1 1 1 1 1 1 1 1 1 1 1 1 1 1 1 1 1 1 1 1 1 1 1 1 1 
