6 32 2 10
15 3 16 6 9 1 3 13 6 7 3 11 2 18 7 20 6 11 16 11 12 9 17 10 20 6 19 17 19 18 6 8 
2.88 15.49 2.68 9.82 5.8 2.15 13.91 4.7 7.98 10.62 8.08 14.53 10.28 9.7 5.36 7.29 2.91 12.93 3.9 5.16 6.43 4.45 2.53 0.69 11.52 8.2 3.11 13.77 12.9 4.14 15.39 10.09 
6.75 12.18 1.15 3.19 11.98 12.6 0.74 6.41 1.95 7.5 0.79 10.37 1.15 9.88 2.24 1.89 9.48 1.58 15.33 4.9 3.37 13.29 5.53 11.18 6.46 5.43 6.51 5.66 2.98 13.41 12.13 1.19 
8 8 8 8 8 8 8 8 8 8 8 8 8 8 8 8 8 8 8 8 8 8 8 8 8 8 8 8 8 8 8 8 
8.49 0.86 0.62 0.42 14.41 6.16 9.35 7.68 12.39 11.93 15.46 0.61 2.24 10.03 12.87 4.15 9.21 13.22 2.96 15.06 3.52 13.57 1.56 1.45 9.08 14.97 1.84 1.87 5.53 9.49 14.47 4.54 
7.2 5.34 15.36 14.19 13.29 6.7 6.02 12.25 11.56 4.63 1.19 4.35 15.79 6.62 14.14 15.79 9.66 3.27 4.61 10.55 5.16 15.79 1.07 15.02 11.19 9.74 1.2 12.97 3.44 6.68 5.31 5.43 
15.89 9.8 14.86 5.49 15.3 10.03 11.05 14.2 13.01 8.42 3.46 14.49 4.69 3.96 12.22 7.59 12.31 10.43 0.97 3.58 13.32 3.84 13.16 12.77 1.29 7.96 2.6 11.25 6.17 1.91 5.74 15.44 
1 1 1 1 1 1 1 1 1 1 1 1 1 1 1 1 1 1 1 1 1 1 1 1 1 1 1 1 1 1 1 1 
1 1 1 1 1 1 1 1 1 1 1 1 1 1 1 1 1 1 1 1 1 1 1 1 1 1 1 1 1 1 1 1 
1 1 1 1 1 1 1 1 1 1 1 1 1 1 1 1 1 1 1 1 1 1 1 1 1 1 1 1 1 1 1 1 
1 1 1 1 1 1 1 1 1 1 1 1 1 1 1 1 1 1 1 1 1 1 1 1 1 1 1 1 1 1 1 1 
1 1 1 1 1 1 1 1 1 1 1 1 1 1 1 1 1 1 1 1 1 1 1 1 1 1 1 1 1 1 1 1 
1 1 1 1 1 1 1 1 1 1 1 1 1 1 1 1 1 1 1 1 1 1 1 1 1 1 1 1 1 1 1 1 
0.01 0.01 0.01 0.01 0.01 0.01 0.01 0.01 0.01 0.01 0.01 0.01 0.01 0.01 0.01 0.01 0.01 0.01 0.01 0.01 0.01 0.01 0.01 0.01 0.01 0.01 0.01 0.01 0.01 0.01 0.01 0.01 
0.02 0.02 0.02 0.02 0.02 0.02 0.02 0.02 0.02 0.02 0.02 0.02 0.02 0.02 0.02 0.02 0.02 0.02 0.02 0.02 0.02 0.02 0.02 0.02 0.02 0.02 0.02 0.02 0.02 0.02 0.02 0.02 
0.03 0.03 0.03 0.03 0.03 0.03 0.03 0.03 0.03 0.03 0.03 0.03 0.03 0.03 0.03 0.03 0.03 0.03 0.03 0.03 0.03 0.03 0.03 0.03 0.03 0.03 0.03 0.03 0.03 0.03 0.03 0.03 
0.333333 0.333333 0.333333 0.333333 0.333333 0.333333 0.333333 0.333333 0.333333 0.333333 0.333333 0.333333 0.333333 0.333333 0.333333 0.333333 0.333333 0.333333 0.333333 0.333333 0.333333 0.333333 0.333333 0.333333 0.333333 0.333333 0.333333 0.333333 0.333333 0.333333 0.333333 0.333333 
0.666667 0.666667 0.666667 0.666667 0.666667 0.666667 0.666667 0.666667 0.666667 0.666667 0.666667 0.666667 0.666667 0.666667 0.666667 0.666667 0.666667 0.666667 0.666667 0.666667 0.666667 0.666667 0.666667 0.666667 0.666667 0.666667 0.666667 0.666667 0.666667 0.666667 0.666667 0.666667 
1 1 1 1 1 1 1 1 1 1 1 1 1 1 1 1 1 1 1 1 1 1 1 1 1 1 1 1 1 1 1 1 
