3 40 1 10
11 17 6 19 15 2 16 17 15 1 13 11 18 18 12 10 6 8 5 14 3 2 13 19 16 13 13 15 3 6 15 14 15 16 8 6 11 10 2 4 
9.58 3.2 0.3 12.31 5.57 8.53 12.94 10.67 10.06 2.62 6 9.28 14.62 11.5 10.03 4.81 14.87 15.08 7.83 1.63 10.47 1.5 10.28 9.89 0.83 13.48 2.24 13.81 1.99 9.66 3.33 10.28 15.8 3.92 10.75 1.87 11.54 4.25 14.74 9.89 
8 8 8 8 8 8 8 8 8 8 8 8 8 8 8 8 8 8 8 8 8 8 8 8 8 8 8 8 8 8 8 8 8 8 8 8 8 8 8 8 
2.91 15.73 12.05 15.39 8.37 14.86 6.07 15.62 11.94 15.64 12.78 11.42 9.53 4.81 10.98 2.28 13.62 1.07 5.78 11.15 13.37 6.27 7.64 6.37 14.63 7.3 11.48 1.9 9.84 0.69 15.67 6.66 8.18 13.04 3.44 12 8.44 5.15 5.98 13.89 
1 1 1 1 1 1 1 1 1 1 1 1 1 1 1 1 1 1 1 1 1 1 1 1 1 1 1 1 1 1 1 1 1 1 1 1 1 1 1 1 
1 1 1 1 1 1 1 1 1 1 1 1 1 1 1 1 1 1 1 1 1 1 1 1 1 1 1 1 1 1 1 1 1 1 1 1 1 1 1 1 
1 1 1 1 1 1 1 1 1 1 1 1 1 1 1 1 1 1 1 1 1 1 1 1 1 1 1 1 1 1 1 1 1 1 1 1 1 1 1 1 
0.01 0.01 0.01 0.01 0.01 0.01 0.01 0.01 0.01 0.01 0.01 0.01 0.01 0.01 0.01 0.01 0.01 0.01 0.01 0.01 0.01 0.01 0.01 0.01 0.01 0.01 0.01 0.01 0.01 0.01 0.01 0.01 0.01 0.01 0.01 0.01 0.01 0.01 0.01 0.01 
0.02 0.02 0.02 0.02 0.02 0.02 0.02 0.02 0.02 0.02 0.02 0.02 0.02 0.02 0.02 0.02 0.02 0.02 0.02 0.02 0.02 0.02 0.02 0.02 0.02 0.02 0.02 0.02 0.02 0.02 0.02 0.02 0.02 0.02 0.02 0.02 0.02 0.02 0.02 0.02 
1 1 1 1 1 1 1 1 1 1 1 1 1 1 1 1 1 1 1 1 1 1 1 1 1 1 1 1 1 1 1 1 1 1 1 1 1 1 1 1 
