12 40 6 10
17 8 8 3 11 2 7 18 15 13 15 6 16 20 20 16 15 16 6 2 6 2 4 17 5 8 14 15 18 19 7 17 15 19 14 16 19 6 1 6 
7.23 0.12 13.84 9.22 3.79 8.03 10.43 7.73 1.64 7.7 13.05 4.24 6.09 6.62 9.95 4.22 7.05 0.75 9.12 8.54 14 11.64 6.48 5.11 14.28 13.06 13.23 4.65 2.13 13.76 14.63 1.55 14.99 12.74 3.51 3.8 0.58 15.46 6.42 13.08 
8.98 10.31 15.06 4.84 14.39 1.59 1.14 9.24 11.39 3.83 5.82 4.11 8.91 7.7 5.08 12.48 0.03 4.4 6.07 12.62 8.09 15.02 4.64 6.01 11.7 11.53 10.6 14.73 10.7 13.57 5.46 12.43 10.98 4.89 10.22 5.5 12.56 4.06 3.07 6.21 
4.31 10.45 1.53 10.21 9.76 10.12 6.13 1.92 5.57 15.03 14.58 6.01 13.38 1.78 0.45 7.52 7.51 8.53 3.75 5.75 1.6 15.17 1.58 6.52 4.17 9.15 8.96 15.77 5.39 6.77 3.31 10.99 10.17 0.12 6.13 13.31 8.83 2.16 15.89 12.46 
2.4 12.06 13.82 6.3 1.07 8.46 1.36 6.4 11.96 1.36 9.01 10.43 4.28 1.4 12.03 6.9 3.7 12.47 10.89 13.44 4.75 6.77 15 5.13 2.75 7.8 1.5 8.14 6.75 8.26 13.93 13.17 4.87 5.04 6.85 7.99 13.21 2.88 3.61 1.45 
5.25 10.96 3.7 10.51 12.8 13.75 3.16 6.35 0.62 10.75 2.76 5.44 12.45 0.87 3.42 0.74 7.54 6.24 0.4 2.86 15.63 4.91 10.75 7 15.45 1.48 9.92 9.14 0.81 9.11 10.38 3.69 14.66 2.59 5.64 7.73 14.74 4.94 4.27 14.34 
6.02 14.33 7.98 15.92 12.5 8.04 15.46 7.64 8.11 11.68 8.1 13.23 9.9 6.28 13.43 15.23 7.53 2.56 4.04 12.71 2.86 7.25 15.04 12.96 15.51 15.83 3.21 11.6 5.94 12.2 9.43 15.83 13.94 12.98 13.42 7.07 11.4 15.14 13.04 2.57 
8 8 8 8 8 8 8 8 8 8 8 8 8 8 8 8 8 8 8 8 8 8 8 8 8 8 8 8 8 8 8 8 8 8 8 8 8 8 8 8 
14.89 3.85 15.25 13.57 14.7 10.51 7.79 1.71 9.75 15.53 1.83 1.82 9.43 14.66 12.35 2.49 14.97 3.64 1.87 12.95 9.79 9.01 6.64 2.96 13.08 12.64 6.21 3.71 0.31 0.11 11.22 4.98 13.55 9.11 4 6.58 13.38 5.94 1.94 14.73 
13.72 12.85 9.64 1.71 2.06 6.95 5.22 8.42 0.04 0.48 1.85 8.66 13.99 8.67 7.17 11.97 3.55 11.48 6.61 0.88 0.45 15.25 9.97 3.5 11.5 11.82 12.74 12.93 0.73 8.62 3.94 14.71 2.53 11.81 4.51 2.5 9.86 3.81 0.38 12.87 
13.43 7.72 3.91 6.46 8.58 6.85 1.91 12.92 7.05 8.04 14.05 5.36 13.79 3.14 1.46 14.94 6.24 9.04 14.85 13.25 7.81 8.17 5.83 3.14 7.82 11.19 1.02 4.08 3.76 15.87 1.88 10.14 3.72 1.19 13.33 2.8 12.81 9.59 0.64 15.96 
4.61 10.88 6.09 2.61 2.24 15.02 13.23 13.52 8.87 5.34 3.83 3.73 5 15.96 0.27 2.53 7.72 15.71 7.92 9.77 7.56 10.5 8.24 14.56 3.53 1.5 5.41 7.92 0.28 3.73 13.92 0.04 9.48 13.33 11.17 8.82 7.72 7.52 0.55 13.85 
11.2 14.33 13.72 10.74 2.63 14.83 7.49 15.65 11.35 13.14 12.6 12.59 1.9 7.29 1.72 0.7 5.42 5.43 4.02 4.03 6.4 3.41 1.89 10.61 0.35 7.35 7.16 6.14 10.54 8.17 13.66 9.22 9.56 14.23 15.91 11.25 0.63 14.36 0.66 14.82 
1 1 1 1 1 1 1 1 1 1 1 1 1 1 1 1 1 1 1 1 1 1 1 1 1 1 1 1 1 1 1 1 1 1 1 1 1 1 1 1 
1 1 1 1 1 1 1 1 1 1 1 1 1 1 1 1 1 1 1 1 1 1 1 1 1 1 1 1 1 1 1 1 1 1 1 1 1 1 1 1 
1 1 1 1 1 1 1 1 1 1 1 1 1 1 1 1 1 1 1 1 1 1 1 1 1 1 1 1 1 1 1 1 1 1 1 1 1 1 1 1 
1 1 1 1 1 1 1 1 1 1 1 1 1 1 1 1 1 1 1 1 1 1 1 1 1 1 1 1 1 1 1 1 1 1 1 1 1 1 1 1 
1 1 1 1 1 1 1 1 1 1 1 1 1 1 1 1 1 1 1 1 1 1 1 1 1 1 1 1 1 1 1 1 1 1 1 1 1 1 1 1 
1 1 1 1 1 1 1 1 1 1 1 1 1 1 1 1 1 1 1 1 1 1 1 1 1 1 1 1 1 1 1 1 1 1 1 1 1 1 1 1 
1 1 1 1 1 1 1 1 1 1 1 1 1 1 1 1 1 1 1 1 1 1 1 1 1 1 1 1 1 1 1 1 1 1 1 1 1 1 1 1 
1 1 1 1 1 1 1 1 1 1 1 1 1 1 1 1 1 1 1 1 1 1 1 1 1 1 1 1 1 1 1 1 1 1 1 1 1 1 1 1 
1 1 1 1 1 1 1 1 1 1 1 1 1 1 1 1 1 1 1 1 1 1 1 1 1 1 1 1 1 1 1 1 1 1 1 1 1 1 1 1 
1 1 1 1 1 1 1 1 1 1 1 1 1 1 1 1 1 1 1 1 1 1 1 1 1 1 1 1 1 1 1 1 1 1 1 1 1 1 1 1 
1 1 1 1 1 1 1 1 1 1 1 1 1 1 1 1 1 1 1 1 1 1 1 1 1 1 1 1 1 1 1 1 1 1 1 1 1 1 1 1 
1 1 1 1 1 1 1 1 1 1 1 1 1 1 1 1 1 1 1 1 1 1 1 1 1 1 1 1 1 1 1 1 1 1 1 1 1 1 1 1 
0.01 0.01 0.01 0.01 0.01 0.01 0.01 0.01 0.01 0.01 0.01 0.01 0.01 0.01 0.01 0.01 0.01 0.01 0.01 0.01 0.01 0.01 0.01 0.01 0.01 0.01 0.01 0.01 0.01 0.01 0.01 0.01 0.01 0.01 0.01 0.01 0.01 0.01 0.01 0.01 
0.02 0.02 0.02 0.02 0.02 0.02 0.02 0.02 0.02 0.02 0.02 0.02 0.02 0.02 0.02 0.02 0.02 0.02 0.02 0.02 0.02 0.02 0.02 0.02 0.02 0.02 0.02 0.02 0.02 0.02 0.02 0.02 0.02 0.02 0.02 0.02 0.02 0.02 0.02 0.02 
0.03 0.03 0.03 0.03 0.03 0.03 0.03 0.03 0.03 0.03 0.03 0.03 0.03 0.03 0.03 0.03 0.03 0.03 0.03 0.03 0.03 0.03 0.03 0.03 0.03 0.03 0.03 0.03 0.03 0.03 0.03 0.03 0.03 0.03 0.03 0.03 0.03 0.03 0.03 0.03 
0.04 0.04 0.04 0.04 0.04 0.04 0.04 0.04 0.04 0.04 0.04 0.04 0.04 0.04 0.04 0.04 0.04 0.04 0.04 0.04 0.04 0.04 0.04 0.04 0.04 0.04 0.04 0.04 0.04 0.04 0.04 0.04 0.04 0.04 0.04 0.04 0.04 0.04 0.04 0.04 
0.05 0.05 0.05 0.05 0.05 0.05 0.05 0.05 0.05 0.05 0.05 0.05 0.05 0.05 0.05 0.05 0.05 0.05 0.05 0.05 0.05 0.05 0.05 0.05 0.05 0.05 0.05 0.05 0.05 0.05 0.05 0.05 0.05 0.05 0.05 0.05 0.05 0.05 0.05 0.05 
0.06 0.06 0.06 0.06 0.06 0.06 0.06 0.06 0.06 0.06 0.06 0.06 0.06 0.06 0.06 0.06 0.06 0.06 0.06 0.06 0.06 0.06 0.06 0.06 0.06 0.06 0.06 0.06 0.06 0.06 0.06 0.06 0.06 0.06 0.06 0.06 0.06 0.06 0.06 0.06 
0.07 0.07 0.07 0.07 0.07 0.07 0.07 0.07 0.07 0.07 0.07 0.07 0.07 0.07 0.07 0.07 0.07 0.07 0.07 0.07 0.07 0.07 0.07 0.07 0.07 0.07 0.07 0.07 0.07 0.07 0.07 0.07 0.07 0.07 0.07 0.07 0.07 0.07 0.07 0.07 
0.2 0.2 0.2 0.2 0.2 0.2 0.2 0.2 0.2 0.2 0.2 0.2 0.2 0.2 0.2 0.2 0.2 0.2 0.2 0.2 0.2 0.2 0.2 0.2 0.2 0.2 0.2 0.2 0.2 0.2 0.2 0.2 0.2 0.2 0.2 0.2 0.2 0.2 0.2 0.2 
0.4 0.4 0.4 0.4 0.4 0.4 0.4 0.4 0.4 0.4 0.4 0.4 0.4 0.4 0.4 0.4 0.4 0.4 0.4 0.4 0.4 0.4 0.4 0.4 0.4 0.4 0.4 0.4 0.4 0.4 0.4 0.4 0.4 0.4 0.4 0.4 0.4 0.4 0.4 0.4 
0.6 0.6 0.6 0.6 0.6 0.6 0.6 0.6 0.6 0.6 0.6 0.6 0.6 0.6 0.6 0.6 0.6 0.6 0.6 0.6 0.6 0.6 0.6 0.6 0.6 0.6 0.6 0.6 0.6 0.6 0.6 0.6 0.6 0.6 0.6 0.6 0.6 0.6 0.6 0.6 
0.8 0.8 0.8 0.8 0.8 0.8 0.8 0.8 0.8 0.8 0.8 0.8 0.8 0.8 0.8 0.8 0.8 0.8 0.8 0.8 0.8 0.8 0.8 0.8 0.8 0.8 0.8 0.8 0.8 0.8 0.8 0.8 0.8 0.8 0.8 0.8 0.8 0.8 0.8 0.8 
1 1 1 1 1 1 1 1 1 1 1 1 1 1 1 1 1 1 1 1 1 1 1 1 1 1 1 1 1 1 1 1 1 1 1 1 1 1 1 1 
