6 16 2 10
6 12 15 7 3 12 20 8 6 4 18 17 9 8 16 6 
4.67 10.79 11.23 9.43 4.23 3.71 10.01 3.34 5.22 5.17 0.27 5.52 15.12 11.72 1.59 7.84 
0.38 5.64 15 11.93 13.59 10.09 1.29 7.53 3.96 8.14 8.19 3.96 1.42 10.37 6.61 14.81 
8 8 8 8 8 8 8 8 8 8 8 8 8 8 8 8 
15.5 7.25 11.66 3.81 9.29 12.26 1.99 11.83 8.83 14.76 14.85 7.55 14.41 15.22 10.63 13.62 
10.79 2.49 11.34 12.84 0.22 15.05 0.77 5.77 10.84 3.69 8.55 2.04 13.31 14.36 4.42 15.6 
9.25 8 7.39 10.32 11.6 3.82 1.05 6.05 7.24 1.58 12.91 1.38 0.01 12.32 5.41 12.57 
1 1 1 1 1 1 1 1 1 1 1 1 1 1 1 1 
1 1 1 1 1 1 1 1 1 1 1 1 1 1 1 1 
1 1 1 1 1 1 1 1 1 1 1 1 1 1 1 1 
1 1 1 1 1 1 1 1 1 1 1 1 1 1 1 1 
1 1 1 1 1 1 1 1 1 1 1 1 1 1 1 1 
1 1 1 1 1 1 1 1 1 1 1 1 1 1 1 1 
0.01 0.01 0.01 0.01 0.01 0.01 0.01 0.01 0.01 0.01 0.01 0.01 0.01 0.01 0.01 0.01 
0.02 0.02 0.02 0.02 0.02 0.02 0.02 0.02 0.02 0.02 0.02 0.02 0.02 0.02 0.02 0.02 
0.03 0.03 0.03 0.03 0.03 0.03 0.03 0.03 0.03 0.03 0.03 0.03 0.03 0.03 0.03 0.03 
0.333333 0.333333 0.333333 0.333333 0.333333 0.333333 0.333333 0.333333 0.333333 0.333333 0.333333 0.333333 0.333333 0.333333 0.333333 0.333333 
0.666667 0.666667 0.666667 0.666667 0.666667 0.666667 0.666667 0.666667 0.666667 0.666667 0.666667 0.666667 0.666667 0.666667 0.666667 0.666667 
1 1 1 1 1 1 1 1 1 1 1 1 1 1 1 1 
