3 16 1 10
5 6 15 6 14 18 10 17 6 3 14 20 20 8 9 11 
1.12 7.87 0.92 2.07 1.33 13.76 15.36 3.49 8.65 13.19 13.4 15.97 2.72 15.86 4.17 2.52 
8 8 8 8 8 8 8 8 8 8 8 8 8 8 8 8 
11.07 7.53 14.33 11.32 5.45 5.44 1.03 11.15 13.83 11.97 4.65 13.07 11.86 13.56 2.53 1.31 
1 1 1 1 1 1 1 1 1 1 1 1 1 1 1 1 
1 1 1 1 1 1 1 1 1 1 1 1 1 1 1 1 
1 1 1 1 1 1 1 1 1 1 1 1 1 1 1 1 
0.01 0.01 0.01 0.01 0.01 0.01 0.01 0.01 0.01 0.01 0.01 0.01 0.01 0.01 0.01 0.01 
0.02 0.02 0.02 0.02 0.02 0.02 0.02 0.02 0.02 0.02 0.02 0.02 0.02 0.02 0.02 0.02 
1 1 1 1 1 1 1 1 1 1 1 1 1 1 1 1 
