12 24 9 10
20 3 14 19 4 17 16 5 14 12 1 9 1 18 3 11 17 13 14 18 9 5 2 13 
2.32 14.18 2.14 2.53 4.7 13.66 8.53 1.05 10.56 15.63 2.4 11.07 3.36 12.36 5.35 0.24 14.32 5.97 3.81 4.35 9.29 14.33 4.19 15.64 
8.83 8.23 1.58 0.67 6.04 15.63 4.78 3.62 13.52 15.64 9.46 0.49 14.4 13.45 12.33 0.28 0.54 10 3.67 6.79 15.36 7.29 12.4 1.28 
5.07 1.16 6.27 10.48 5.91 9.8 3.9 0.05 7.64 4.26 0.36 2.17 0.66 4.26 3.93 1.43 3.78 3.5 13.7 7.57 5.87 13.2 11.51 13.94 
9.72 5.41 11.63 0.37 4.67 5.18 13.03 3.82 5.67 0.64 13.34 12.67 6.66 15.81 7.75 10.34 5.71 10.23 10.41 11.36 10.19 2.98 15.55 6.67 
8.14 7.45 11.91 3.91 2.43 8.95 4.58 6.04 14.96 2.3 1.6 11.16 6.15 5.75 6.85 8.67 12.32 4.03 5.91 3.15 13.56 13.52 1.21 2.68 
7.52 2.01 12.5 0.78 1.96 8.71 8.96 3.87 15.39 4.38 0.87 5.67 8.21 3.57 7.16 12.65 4.42 5.03 2.21 12.12 10.4 1.94 2.46 2.95 
4.61 6.97 12.54 9.58 8.71 1.86 1.86 5.41 7.65 7 1.99 3.96 9.41 0.29 9.6 13.81 14.2 11.8 8.03 7.09 6.43 10.26 11.42 13.16 
12.89 3.2 2.21 6.52 13.97 0.7 10.08 9.13 2.94 15.89 3.95 13.46 1.31 8.57 9.29 15.96 8.21 3.45 15.05 5.29 4.79 13.93 8.82 8.09 
15.65 15.58 10.83 7.2 8.9 5.8 8.32 0.63 10.09 1.29 0.14 6.56 11.08 9.28 6.25 9.66 3.15 13.44 14.8 14.87 2.41 13.44 15.46 9.38 
8 8 8 8 8 8 8 8 8 8 8 8 8 8 8 8 8 8 8 8 8 8 8 8 
10.22 11.1 1.76 3.15 9.9 10.95 11.69 15 13.5 1.5 14.46 11.24 14.47 15.87 12.17 13.45 13.03 14.66 4.32 4.42 3.01 0.03 7.22 9.68 
9.03 2.59 4.24 5.78 0.82 14.94 2.77 14.84 4.04 5.16 11.19 4.33 12.49 6.94 10.06 11.74 2.84 0.65 15.08 10.47 13.02 8.26 12.14 13.07 
1 1 1 1 1 1 1 1 1 1 1 1 1 1 1 1 1 1 1 1 1 1 1 1 
1 1 1 1 1 1 1 1 1 1 1 1 1 1 1 1 1 1 1 1 1 1 1 1 
1 1 1 1 1 1 1 1 1 1 1 1 1 1 1 1 1 1 1 1 1 1 1 1 
1 1 1 1 1 1 1 1 1 1 1 1 1 1 1 1 1 1 1 1 1 1 1 1 
1 1 1 1 1 1 1 1 1 1 1 1 1 1 1 1 1 1 1 1 1 1 1 1 
1 1 1 1 1 1 1 1 1 1 1 1 1 1 1 1 1 1 1 1 1 1 1 1 
1 1 1 1 1 1 1 1 1 1 1 1 1 1 1 1 1 1 1 1 1 1 1 1 
1 1 1 1 1 1 1 1 1 1 1 1 1 1 1 1 1 1 1 1 1 1 1 1 
1 1 1 1 1 1 1 1 1 1 1 1 1 1 1 1 1 1 1 1 1 1 1 1 
1 1 1 1 1 1 1 1 1 1 1 1 1 1 1 1 1 1 1 1 1 1 1 1 
1 1 1 1 1 1 1 1 1 1 1 1 1 1 1 1 1 1 1 1 1 1 1 1 
1 1 1 1 1 1 1 1 1 1 1 1 1 1 1 1 1 1 1 1 1 1 1 1 
0.01 0.01 0.01 0.01 0.01 0.01 0.01 0.01 0.01 0.01 0.01 0.01 0.01 0.01 0.01 0.01 0.01 0.01 0.01 0.01 0.01 0.01 0.01 0.01 
0.02 0.02 0.02 0.02 0.02 0.02 0.02 0.02 0.02 0.02 0.02 0.02 0.02 0.02 0.02 0.02 0.02 0.02 0.02 0.02 0.02 0.02 0.02 0.02 
0.03 0.03 0.03 0.03 0.03 0.03 0.03 0.03 0.03 0.03 0.03 0.03 0.03 0.03 0.03 0.03 0.03 0.03 0.03 0.03 0.03 0.03 0.03 0.03 
0.04 0.04 0.04 0.04 0.04 0.04 0.04 0.04 0.04 0.04 0.04 0.04 0.04 0.04 0.04 0.04 0.04 0.04 0.04 0.04 0.04 0.04 0.04 0.04 
0.05 0.05 0.05 0.05 0.05 0.05 0.05 0.05 0.05 0.05 0.05 0.05 0.05 0.05 0.05 0.05 0.05 0.05 0.05 0.05 0.05 0.05 0.05 0.05 
0.06 0.06 0.06 0.06 0.06 0.06 0.06 0.06 0.06 0.06 0.06 0.06 0.06 0.06 0.06 0.06 0.06 0.06 0.06 0.06 0.06 0.06 0.06 0.06 
0.07 0.07 0.07 0.07 0.07 0.07 0.07 0.07 0.07 0.07 0.07 0.07 0.07 0.07 0.07 0.07 0.07 0.07 0.07 0.07 0.07 0.07 0.07 0.07 
0.08 0.08 0.08 0.08 0.08 0.08 0.08 0.08 0.08 0.08 0.08 0.08 0.08 0.08 0.08 0.08 0.08 0.08 0.08 0.08 0.08 0.08 0.08 0.08 
0.09 0.09 0.09 0.09 0.09 0.09 0.09 0.09 0.09 0.09 0.09 0.09 0.09 0.09 0.09 0.09 0.09 0.09 0.09 0.09 0.09 0.09 0.09 0.09 
0.1 0.1 0.1 0.1 0.1 0.1 0.1 0.1 0.1 0.1 0.1 0.1 0.1 0.1 0.1 0.1 0.1 0.1 0.1 0.1 0.1 0.1 0.1 0.1 
0.5 0.5 0.5 0.5 0.5 0.5 0.5 0.5 0.5 0.5 0.5 0.5 0.5 0.5 0.5 0.5 0.5 0.5 0.5 0.5 0.5 0.5 0.5 0.5 
1 1 1 1 1 1 1 1 1 1 1 1 1 1 1 1 1 1 1 1 1 1 1 1 
