6 32 2 10
2 15 18 6 2 6 19 20 18 4 9 10 8 11 10 9 19 8 5 6 7 2 19 8 7 8 6 3 6 4 7 4 
15.79 2.86 7.35 1.19 10.65 11.52 14.3 5.38 14.96 2.8 5.56 9.1 1.92 6.42 7.62 8.97 7.21 9.33 14.68 8.08 14.73 4.65 12.95 13.3 13.71 4.86 7.4 4.39 13.4 6.43 12.24 15.28 
9.22 6.6 10.07 1.83 8.71 14.55 14.73 0.85 0.2 11.48 14.7 9.94 14.96 12.18 12.93 0.28 7.48 3.41 7.58 1.17 9.67 3.35 7.27 14.85 1.14 10.63 5.11 2.34 13.14 11.42 10.37 12.05 
8 8 8 8 8 8 8 8 8 8 8 8 8 8 8 8 8 8 8 8 8 8 8 8 8 8 8 8 8 8 8 8 
14.16 7.8 11.91 1.86 1.31 9.84 14.27 0.69 1.99 8.76 12.47 1.96 6.05 5.9 7.49 10.56 0 12.55 8.79 4.84 2.57 11.7 2.2 9.53 14.37 9.79 9.52 12.97 5.83 3.81 5.54 2.14 
4.58 12.27 9.2 14.98 2.22 1.68 13.49 9.64 4.83 9.13 15.48 0.21 2.26 14.7 10.24 1.97 3.3 8.54 9.61 11.35 6.3 12.53 14.99 15.55 8.28 13.31 0.6 8.73 15.92 15.13 10.7 4.28 
4.93 7.41 10.84 14.77 15.55 12.52 4.61 14.55 3.3 1.95 6.84 5.19 11.66 5.84 13.25 15.61 5.87 10.57 2.56 0.6 7.42 8.37 2.66 10.95 4.13 6.91 12.46 15.46 4.44 6.8 7.69 2.5 
1 1 1 1 1 1 1 1 1 1 1 1 1 1 1 1 1 1 1 1 1 1 1 1 1 1 1 1 1 1 1 1 
1 1 1 1 1 1 1 1 1 1 1 1 1 1 1 1 1 1 1 1 1 1 1 1 1 1 1 1 1 1 1 1 
1 1 1 1 1 1 1 1 1 1 1 1 1 1 1 1 1 1 1 1 1 1 1 1 1 1 1 1 1 1 1 1 
1 1 1 1 1 1 1 1 1 1 1 1 1 1 1 1 1 1 1 1 1 1 1 1 1 1 1 1 1 1 1 1 
1 1 1 1 1 1 1 1 1 1 1 1 1 1 1 1 1 1 1 1 1 1 1 1 1 1 1 1 1 1 1 1 
1 1 1 1 1 1 1 1 1 1 1 1 1 1 1 1 1 1 1 1 1 1 1 1 1 1 1 1 1 1 1 1 
0.01 0.01 0.01 0.01 0.01 0.01 0.01 0.01 0.01 0.01 0.01 0.01 0.01 0.01 0.01 0.01 0.01 0.01 0.01 0.01 0.01 0.01 0.01 0.01 0.01 0.01 0.01 0.01 0.01 0.01 0.01 0.01 
0.02 0.02 0.02 0.02 0.02 0.02 0.02 0.02 0.02 0.02 0.02 0.02 0.02 0.02 0.02 0.02 0.02 0.02 0.02 0.02 0.02 0.02 0.02 0.02 0.02 0.02 0.02 0.02 0.02 0.02 0.02 0.02 
0.03 0.03 0.03 0.03 0.03 0.03 0.03 0.03 0.03 0.03 0.03 0.03 0.03 0.03 0.03 0.03 0.03 0.03 0.03 0.03 0.03 0.03 0.03 0.03 0.03 0.03 0.03 0.03 0.03 0.03 0.03 0.03 
0.333333 0.333333 0.333333 0.333333 0.333333 0.333333 0.333333 0.333333 0.333333 0.333333 0.333333 0.333333 0.333333 0.333333 0.333333 0.333333 0.333333 0.333333 0.333333 0.333333 0.333333 0.333333 0.333333 0.333333 0.333333 0.333333 0.333333 0.333333 0.333333 0.333333 0.333333 0.333333 
0.666667 0.666667 0.666667 0.666667 0.666667 0.666667 0.666667 0.666667 0.666667 0.666667 0.666667 0.666667 0.666667 0.666667 0.666667 0.666667 0.666667 0.666667 0.666667 0.666667 0.666667 0.666667 0.666667 0.666667 0.666667 0.666667 0.666667 0.666667 0.666667 0.666667 0.666667 0.666667 
1 1 1 1 1 1 1 1 1 1 1 1 1 1 1 1 1 1 1 1 1 1 1 1 1 1 1 1 1 1 1 1 
