12 32 6 10
10 20 11 12 2 14 15 19 13 15 8 8 12 17 9 1 11 15 9 2 17 2 5 13 17 13 12 18 2 2 13 15 
13.51 2.94 4.82 13.06 8.88 11.41 0.45 11.4 10.02 3.82 13.76 13.53 10.63 3.72 5.87 0.6 3.65 15.82 9.02 15.59 5.48 2.96 1.16 0.54 8.75 13.19 9.69 8.61 4.77 5.3 8.18 13.68 
0.87 6.01 4.59 9.27 2.39 14.46 1.04 2.48 7.96 8.61 13.39 11.8 2.23 2.96 7.98 10.54 8.72 13.68 9.67 6.63 2.42 4.98 8.63 4.54 1.92 11.69 14.49 7.12 3.32 9.31 4 10.11 
4.01 12.45 13.4 11.44 5.19 10.26 14.65 0.92 1.25 15.1 5.6 2.19 7.74 7.45 14.93 15.75 1.13 3.07 8.84 4.49 12.99 15.78 11.01 2.73 11.86 7.67 5.29 7.95 14.7 9.32 6.82 12.14 
9.58 4.72 3.71 14.43 14.15 1.96 8.81 3.43 2.08 7.75 4.34 4.13 2.43 0.84 15.15 7.76 14.62 7.57 15.95 5.34 15.48 12.31 8.18 0.31 2.88 10.11 11.64 15.61 4.6 10.86 8.12 6.53 
15.86 13.4 11.1 0.92 0.13 7.15 10.15 0.49 0.81 13.39 15.2 9.1 12.86 3.3 0.98 5.35 9.17 3.19 15.91 9.47 8.71 11.19 10.63 1.59 15.73 14.6 14.81 0.11 3.64 6.74 0.4 4.35 
15.84 13.22 12.93 0.67 14.16 6.35 14.43 3.28 1.9 6.1 8.52 13.31 11.93 2.39 7.25 12.66 3.1 1.53 0.97 5.11 10.23 1.73 6.58 13.87 8.51 2.3 5.96 0.56 3.36 7.7 7.92 8.38 
8 8 8 8 8 8 8 8 8 8 8 8 8 8 8 8 8 8 8 8 8 8 8 8 8 8 8 8 8 8 8 8 
15.63 1.16 10.55 0.95 11.72 4.87 0.17 7.94 15.88 0.35 3.83 6 4.63 2.77 13.03 14.19 3.97 0.13 10.45 5.59 3.22 5.14 1.88 10.27 12.73 4.94 10.46 2.67 2.45 0.04 14.33 6.11 
15.8 4.8 0.54 6.74 15.86 2.09 6.48 2.3 13.99 15.35 1.76 13.4 10.56 12.59 15.05 15.13 7.59 6.18 7.6 0.95 11.99 2.99 13.15 7.22 2.14 6.89 7.1 0.71 0.04 6.94 15.02 8.29 
1.55 3.21 3.97 1.79 10.23 8.48 5.31 3.48 6.13 11.47 5.23 7.28 6.11 7.86 3.63 5.39 10.25 9.25 2 5.48 5.14 7.79 9.07 4.83 11.98 9.88 6.94 2.59 8.95 7.24 8.76 3.16 
10.82 0.31 7.28 5.94 10.26 14.31 9.66 7.32 15.2 13.58 6.03 7.13 14.76 3.22 15.4 8.62 9.92 0.45 8.13 11.06 13.12 3.92 2.69 4.89 15.21 7.42 13.46 10.35 10.84 15.14 10.06 5.93 
10.75 3.69 8.63 13.36 1.14 10.56 14.94 4.56 8.72 4.16 9.49 13.63 9.55 6.83 11.78 13.25 11.6 14.67 3.23 10.28 10.08 3.48 12.21 4.58 13.63 4.21 2.04 10.48 8.84 11.96 7 4.99 
1 1 1 1 1 1 1 1 1 1 1 1 1 1 1 1 1 1 1 1 1 1 1 1 1 1 1 1 1 1 1 1 
1 1 1 1 1 1 1 1 1 1 1 1 1 1 1 1 1 1 1 1 1 1 1 1 1 1 1 1 1 1 1 1 
1 1 1 1 1 1 1 1 1 1 1 1 1 1 1 1 1 1 1 1 1 1 1 1 1 1 1 1 1 1 1 1 
1 1 1 1 1 1 1 1 1 1 1 1 1 1 1 1 1 1 1 1 1 1 1 1 1 1 1 1 1 1 1 1 
1 1 1 1 1 1 1 1 1 1 1 1 1 1 1 1 1 1 1 1 1 1 1 1 1 1 1 1 1 1 1 1 
1 1 1 1 1 1 1 1 1 1 1 1 1 1 1 1 1 1 1 1 1 1 1 1 1 1 1 1 1 1 1 1 
1 1 1 1 1 1 1 1 1 1 1 1 1 1 1 1 1 1 1 1 1 1 1 1 1 1 1 1 1 1 1 1 
1 1 1 1 1 1 1 1 1 1 1 1 1 1 1 1 1 1 1 1 1 1 1 1 1 1 1 1 1 1 1 1 
1 1 1 1 1 1 1 1 1 1 1 1 1 1 1 1 1 1 1 1 1 1 1 1 1 1 1 1 1 1 1 1 
1 1 1 1 1 1 1 1 1 1 1 1 1 1 1 1 1 1 1 1 1 1 1 1 1 1 1 1 1 1 1 1 
1 1 1 1 1 1 1 1 1 1 1 1 1 1 1 1 1 1 1 1 1 1 1 1 1 1 1 1 1 1 1 1 
1 1 1 1 1 1 1 1 1 1 1 1 1 1 1 1 1 1 1 1 1 1 1 1 1 1 1 1 1 1 1 1 
0.01 0.01 0.01 0.01 0.01 0.01 0.01 0.01 0.01 0.01 0.01 0.01 0.01 0.01 0.01 0.01 0.01 0.01 0.01 0.01 0.01 0.01 0.01 0.01 0.01 0.01 0.01 0.01 0.01 0.01 0.01 0.01 
0.02 0.02 0.02 0.02 0.02 0.02 0.02 0.02 0.02 0.02 0.02 0.02 0.02 0.02 0.02 0.02 0.02 0.02 0.02 0.02 0.02 0.02 0.02 0.02 0.02 0.02 0.02 0.02 0.02 0.02 0.02 0.02 
0.03 0.03 0.03 0.03 0.03 0.03 0.03 0.03 0.03 0.03 0.03 0.03 0.03 0.03 0.03 0.03 0.03 0.03 0.03 0.03 0.03 0.03 0.03 0.03 0.03 0.03 0.03 0.03 0.03 0.03 0.03 0.03 
0.04 0.04 0.04 0.04 0.04 0.04 0.04 0.04 0.04 0.04 0.04 0.04 0.04 0.04 0.04 0.04 0.04 0.04 0.04 0.04 0.04 0.04 0.04 0.04 0.04 0.04 0.04 0.04 0.04 0.04 0.04 0.04 
0.05 0.05 0.05 0.05 0.05 0.05 0.05 0.05 0.05 0.05 0.05 0.05 0.05 0.05 0.05 0.05 0.05 0.05 0.05 0.05 0.05 0.05 0.05 0.05 0.05 0.05 0.05 0.05 0.05 0.05 0.05 0.05 
0.06 0.06 0.06 0.06 0.06 0.06 0.06 0.06 0.06 0.06 0.06 0.06 0.06 0.06 0.06 0.06 0.06 0.06 0.06 0.06 0.06 0.06 0.06 0.06 0.06 0.06 0.06 0.06 0.06 0.06 0.06 0.06 
0.07 0.07 0.07 0.07 0.07 0.07 0.07 0.07 0.07 0.07 0.07 0.07 0.07 0.07 0.07 0.07 0.07 0.07 0.07 0.07 0.07 0.07 0.07 0.07 0.07 0.07 0.07 0.07 0.07 0.07 0.07 0.07 
0.2 0.2 0.2 0.2 0.2 0.2 0.2 0.2 0.2 0.2 0.2 0.2 0.2 0.2 0.2 0.2 0.2 0.2 0.2 0.2 0.2 0.2 0.2 0.2 0.2 0.2 0.2 0.2 0.2 0.2 0.2 0.2 
0.4 0.4 0.4 0.4 0.4 0.4 0.4 0.4 0.4 0.4 0.4 0.4 0.4 0.4 0.4 0.4 0.4 0.4 0.4 0.4 0.4 0.4 0.4 0.4 0.4 0.4 0.4 0.4 0.4 0.4 0.4 0.4 
0.6 0.6 0.6 0.6 0.6 0.6 0.6 0.6 0.6 0.6 0.6 0.6 0.6 0.6 0.6 0.6 0.6 0.6 0.6 0.6 0.6 0.6 0.6 0.6 0.6 0.6 0.6 0.6 0.6 0.6 0.6 0.6 
0.8 0.8 0.8 0.8 0.8 0.8 0.8 0.8 0.8 0.8 0.8 0.8 0.8 0.8 0.8 0.8 0.8 0.8 0.8 0.8 0.8 0.8 0.8 0.8 0.8 0.8 0.8 0.8 0.8 0.8 0.8 0.8 
1 1 1 1 1 1 1 1 1 1 1 1 1 1 1 1 1 1 1 1 1 1 1 1 1 1 1 1 1 1 1 1 
