6 48 2 10
20 14 7 5 4 2 13 5 4 11 4 19 18 6 16 15 19 19 5 3 18 10 8 10 11 1 4 1 4 3 4 4 10 2 12 10 2 9 6 18 9 19 17 8 16 19 7 19 
13.7 6.94 14.44 11.86 6.1 12.32 3.27 8.05 3.05 14.78 7.41 4.46 6.72 9.95 12.06 2.58 2.63 10.52 10.37 14.64 1.52 11.97 3.37 9.74 5.73 2.44 13.13 14.47 0.83 11.54 0.75 5.92 11.88 5.97 4.06 6.27 3.23 15.48 7.01 2.79 12.18 6.31 1.21 5.33 11.34 15.11 12.6 10.97 
11.97 10.32 10.28 6.14 10.44 4.76 2.7 4.42 14.44 8.03 13.11 12.61 1.88 3.85 5.88 12.55 1.76 6.04 2.46 13.94 15.38 13.37 14.52 8.42 3.25 11.9 7.96 3.92 3.58 3 6.76 13.1 14.01 4.55 13.03 11.17 15.89 7.92 13.52 7.9 8.27 8.79 4.98 5.66 13.7 14.74 4.48 4.47 
8 8 8 8 8 8 8 8 8 8 8 8 8 8 8 8 8 8 8 8 8 8 8 8 8 8 8 8 8 8 8 8 8 8 8 8 8 8 8 8 8 8 8 8 8 8 8 8 
2.29 1.72 13.66 7.27 4.29 2.63 12.32 12.47 1.55 8.38 5.38 2.38 10.61 7.56 11.62 11.43 7.23 15.67 12.08 15.98 9.11 9 14.64 15.22 4.9 3.66 13.82 2.85 11.79 6.6 6.27 9.07 10.41 6.86 3.3 4.68 15.21 11.53 14.43 3.46 7.38 6.85 9.34 3.86 14.69 4.49 0.15 5.38 
13.15 15.55 15.65 3 14.8 14.3 4.84 13.44 8.84 1.68 4.69 14.85 15.62 8.57 14.26 5.32 5.89 9.02 6.49 1.57 1.71 7.51 8.19 3.68 11.99 5.5 12.5 13.5 3.58 11.64 11.63 13.8 9.26 13.14 1.39 13.9 8.58 4.15 5.22 3.88 12.42 14.21 10.24 7.37 2.12 2.74 7.11 9.21 
4.88 9.88 10.8 13.35 5.59 5.2 14.97 2.08 7.85 1.41 5.3 5.85 14.82 12.09 10.79 14.16 4.49 10.5 8.99 13.57 5.04 13.25 0.46 9.9 2.06 10.59 11.47 13.02 13.23 5.78 4.7 11.52 10.48 2.11 5.09 15.52 4.56 7.12 8.7 9 14.31 7.32 1.98 4.71 15.63 6.75 3.45 2.72 
1 1 1 1 1 1 1 1 1 1 1 1 1 1 1 1 1 1 1 1 1 1 1 1 1 1 1 1 1 1 1 1 1 1 1 1 1 1 1 1 1 1 1 1 1 1 1 1 
1 1 1 1 1 1 1 1 1 1 1 1 1 1 1 1 1 1 1 1 1 1 1 1 1 1 1 1 1 1 1 1 1 1 1 1 1 1 1 1 1 1 1 1 1 1 1 1 
1 1 1 1 1 1 1 1 1 1 1 1 1 1 1 1 1 1 1 1 1 1 1 1 1 1 1 1 1 1 1 1 1 1 1 1 1 1 1 1 1 1 1 1 1 1 1 1 
1 1 1 1 1 1 1 1 1 1 1 1 1 1 1 1 1 1 1 1 1 1 1 1 1 1 1 1 1 1 1 1 1 1 1 1 1 1 1 1 1 1 1 1 1 1 1 1 
1 1 1 1 1 1 1 1 1 1 1 1 1 1 1 1 1 1 1 1 1 1 1 1 1 1 1 1 1 1 1 1 1 1 1 1 1 1 1 1 1 1 1 1 1 1 1 1 
1 1 1 1 1 1 1 1 1 1 1 1 1 1 1 1 1 1 1 1 1 1 1 1 1 1 1 1 1 1 1 1 1 1 1 1 1 1 1 1 1 1 1 1 1 1 1 1 
0.01 0.01 0.01 0.01 0.01 0.01 0.01 0.01 0.01 0.01 0.01 0.01 0.01 0.01 0.01 0.01 0.01 0.01 0.01 0.01 0.01 0.01 0.01 0.01 0.01 0.01 0.01 0.01 0.01 0.01 0.01 0.01 0.01 0.01 0.01 0.01 0.01 0.01 0.01 0.01 0.01 0.01 0.01 0.01 0.01 0.01 0.01 0.01 
0.02 0.02 0.02 0.02 0.02 0.02 0.02 0.02 0.02 0.02 0.02 0.02 0.02 0.02 0.02 0.02 0.02 0.02 0.02 0.02 0.02 0.02 0.02 0.02 0.02 0.02 0.02 0.02 0.02 0.02 0.02 0.02 0.02 0.02 0.02 0.02 0.02 0.02 0.02 0.02 0.02 0.02 0.02 0.02 0.02 0.02 0.02 0.02 
0.03 0.03 0.03 0.03 0.03 0.03 0.03 0.03 0.03 0.03 0.03 0.03 0.03 0.03 0.03 0.03 0.03 0.03 0.03 0.03 0.03 0.03 0.03 0.03 0.03 0.03 0.03 0.03 0.03 0.03 0.03 0.03 0.03 0.03 0.03 0.03 0.03 0.03 0.03 0.03 0.03 0.03 0.03 0.03 0.03 0.03 0.03 0.03 
0.333333 0.333333 0.333333 0.333333 0.333333 0.333333 0.333333 0.333333 0.333333 0.333333 0.333333 0.333333 0.333333 0.333333 0.333333 0.333333 0.333333 0.333333 0.333333 0.333333 0.333333 0.333333 0.333333 0.333333 0.333333 0.333333 0.333333 0.333333 0.333333 0.333333 0.333333 0.333333 0.333333 0.333333 0.333333 0.333333 0.333333 0.333333 0.333333 0.333333 0.333333 0.333333 0.333333 0.333333 0.333333 0.333333 0.333333 0.333333 
0.666667 0.666667 0.666667 0.666667 0.666667 0.666667 0.666667 0.666667 0.666667 0.666667 0.666667 0.666667 0.666667 0.666667 0.666667 0.666667 0.666667 0.666667 0.666667 0.666667 0.666667 0.666667 0.666667 0.666667 0.666667 0.666667 0.666667 0.666667 0.666667 0.666667 0.666667 0.666667 0.666667 0.666667 0.666667 0.666667 0.666667 0.666667 0.666667 0.666667 0.666667 0.666667 0.666667 0.666667 0.666667 0.666667 0.666667 0.666667 
1 1 1 1 1 1 1 1 1 1 1 1 1 1 1 1 1 1 1 1 1 1 1 1 1 1 1 1 1 1 1 1 1 1 1 1 1 1 1 1 1 1 1 1 1 1 1 1 
