12 48 3 10
20 12 4 6 3 12 4 16 14 11 16 7 11 4 5 9 17 7 16 16 20 6 2 12 1 17 1 16 7 17 13 2 14 16 20 2 16 20 10 10 5 5 5 6 16 7 12 18 
15.25 8.01 3.85 0.83 11.25 5.94 1.6 11.76 0.63 5.28 0.84 10.32 6.49 13.57 4.5 10.65 2.16 6.8 11.9 3.28 4.62 6.94 9.75 13.99 4.82 7.79 9.1 10.07 6.07 7.72 6.41 3.44 14.88 3.13 10.33 0.26 8.92 0.66 10.86 13.3 15.32 6.89 4.8 11.73 7.33 10.22 8.62 11.66 
2.23 6.89 2.94 6.77 14.92 7.51 14.58 14.63 14.77 12.95 10.16 7.77 6.94 4.84 5.63 1.17 1.97 5.48 6.78 12.11 12.81 14.57 7.01 9.01 1.91 14.45 1.4 0.46 2.98 13.7 6.57 4.8 6.18 12.76 0.49 0.8 5.88 2.72 3.19 1.67 8.67 7.72 2.85 5.94 1.56 4.34 7.68 0.07 
15.53 6.54 3.83 9.68 7.09 14.81 1.63 6.39 10.08 12.3 4.53 5.51 9.31 13.02 7.89 7.67 1.3 5.37 12.18 4.03 7.86 2.12 2.75 8 4.94 12.3 8.49 6.1 6.69 7.78 0.25 11.79 10.1 2.88 13.44 7.85 12.81 13.95 8.26 13.96 7.1 12.75 8.44 3.85 6.82 4.18 11.35 6.58 
8 8 8 8 8 8 8 8 8 8 8 8 8 8 8 8 8 8 8 8 8 8 8 8 8 8 8 8 8 8 8 8 8 8 8 8 8 8 8 8 8 8 8 8 8 8 8 8 
9.94 4.62 11.98 14.42 15.26 10.35 10.29 6.83 6.83 7.39 8.95 1.65 8.53 6.68 11.73 9.64 7.05 0.27 1.36 8.83 7.06 14.89 3.14 6.89 10.23 11.34 2.45 3.94 2.71 15.57 12.81 7.32 15.29 9.26 4.99 14.37 10.13 0.38 9.42 6.86 8.44 8.51 10.06 15.63 12.84 12.89 8.45 3.54 
9.4 8.96 7.81 2.13 3.68 12.9 5.19 3.31 0.78 2.98 5.81 7.46 9.96 13.49 7.18 11.54 2.12 6.95 12.21 0.18 7.25 15.92 11.03 2.84 5.25 3.52 8.14 6.74 0.41 6.94 14.36 0.16 12.5 5.81 11.27 7.55 10.38 15.95 12.72 11.09 7.85 7.29 3.56 2.08 8.99 6.28 7.9 0.39 
10.58 9 1.44 4.68 0.51 10.1 12.21 2.13 10.28 1.57 14.76 4.41 7.9 10.99 11.3 3.19 11.59 0.5 5.66 2.91 4.17 13 14.96 2.25 6.48 2.53 8.36 13.01 14.29 2.24 14.96 15.96 9.36 12.02 8.64 12.27 12.94 12.62 11.67 15.73 15.3 13.43 3.01 11.45 0.87 15.61 6.13 14.6 
7.82 14.97 13.46 10.2 9.94 12.04 5.17 10.56 3.12 6.03 9.57 7.48 11.39 3.9 13.12 13.85 11.06 2.51 14.29 1.39 9.67 13.72 5.43 4.82 12.39 12.65 3.33 15.08 12.25 10.06 11.18 8.04 9.05 1.58 5.54 8.15 11.99 11.86 11.06 15.74 8.78 4.41 0.19 12.98 15.51 3.5 5.54 5.68 
10.92 11.63 1.92 8.23 2.34 8.4 0.67 9.89 12.02 0.49 10.92 0.64 8.73 8.24 5.28 11.06 13.59 10.87 1.94 10.81 15.7 8.47 7.4 15.59 3.55 10.81 5.27 9.78 0.39 5.85 12.75 12.33 14.23 0.63 6.31 13.46 0.42 3.42 8.97 6.54 13 12.5 0.83 8.28 12.19 3.73 12.31 5.9 
4.28 7.08 12.15 9.75 0.87 8.31 2.65 1.62 6.86 10.96 3.28 6.71 9.13 15.05 12.4 9.98 15.34 14.82 14.48 15.65 8.15 1.58 12.31 13.02 6.92 7.8 8.13 13.89 11.17 4.77 9.56 14.87 6.26 11.83 5.05 6.91 1.75 1.36 0.08 1.27 3.46 0.55 0.38 0.2 2.42 11.7 2.48 10.07 
1.84 14.25 13.55 1.9 6.23 15.6 13.81 3.73 4.53 8.9 10.52 1.03 3.1 15.21 14.35 11.77 9.11 2.59 4.45 1.55 8.78 1.81 8.56 11.15 1 4.75 5.32 9.13 15.45 0.51 2.86 10.81 2.72 1.78 8.6 14.01 11.81 2.09 12.07 7.5 7.66 15.87 7.83 11.25 10.6 5.06 13.45 13.64 
11.23 14.57 14.39 9.89 9.34 9.89 6.63 11.6 15.56 11.2 3.61 7.92 11.42 13.32 7.75 12.2 5.13 4.61 5.47 6.02 8.82 5.52 6.37 6.71 12.11 3.66 14.8 9.97 14.16 7.51 0.58 10.63 5.49 0.03 11.64 2.37 12.64 6.76 7.8 8 8.45 12.05 10.67 12.4 10.71 5.24 3.73 12.4 
1 1 1 1 1 1 1 1 1 1 1 1 1 1 1 1 1 1 1 1 1 1 1 1 1 1 1 1 1 1 1 1 1 1 1 1 1 1 1 1 1 1 1 1 1 1 1 1 
1 1 1 1 1 1 1 1 1 1 1 1 1 1 1 1 1 1 1 1 1 1 1 1 1 1 1 1 1 1 1 1 1 1 1 1 1 1 1 1 1 1 1 1 1 1 1 1 
1 1 1 1 1 1 1 1 1 1 1 1 1 1 1 1 1 1 1 1 1 1 1 1 1 1 1 1 1 1 1 1 1 1 1 1 1 1 1 1 1 1 1 1 1 1 1 1 
1 1 1 1 1 1 1 1 1 1 1 1 1 1 1 1 1 1 1 1 1 1 1 1 1 1 1 1 1 1 1 1 1 1 1 1 1 1 1 1 1 1 1 1 1 1 1 1 
1 1 1 1 1 1 1 1 1 1 1 1 1 1 1 1 1 1 1 1 1 1 1 1 1 1 1 1 1 1 1 1 1 1 1 1 1 1 1 1 1 1 1 1 1 1 1 1 
1 1 1 1 1 1 1 1 1 1 1 1 1 1 1 1 1 1 1 1 1 1 1 1 1 1 1 1 1 1 1 1 1 1 1 1 1 1 1 1 1 1 1 1 1 1 1 1 
1 1 1 1 1 1 1 1 1 1 1 1 1 1 1 1 1 1 1 1 1 1 1 1 1 1 1 1 1 1 1 1 1 1 1 1 1 1 1 1 1 1 1 1 1 1 1 1 
1 1 1 1 1 1 1 1 1 1 1 1 1 1 1 1 1 1 1 1 1 1 1 1 1 1 1 1 1 1 1 1 1 1 1 1 1 1 1 1 1 1 1 1 1 1 1 1 
1 1 1 1 1 1 1 1 1 1 1 1 1 1 1 1 1 1 1 1 1 1 1 1 1 1 1 1 1 1 1 1 1 1 1 1 1 1 1 1 1 1 1 1 1 1 1 1 
1 1 1 1 1 1 1 1 1 1 1 1 1 1 1 1 1 1 1 1 1 1 1 1 1 1 1 1 1 1 1 1 1 1 1 1 1 1 1 1 1 1 1 1 1 1 1 1 
1 1 1 1 1 1 1 1 1 1 1 1 1 1 1 1 1 1 1 1 1 1 1 1 1 1 1 1 1 1 1 1 1 1 1 1 1 1 1 1 1 1 1 1 1 1 1 1 
1 1 1 1 1 1 1 1 1 1 1 1 1 1 1 1 1 1 1 1 1 1 1 1 1 1 1 1 1 1 1 1 1 1 1 1 1 1 1 1 1 1 1 1 1 1 1 1 
0.01 0.01 0.01 0.01 0.01 0.01 0.01 0.01 0.01 0.01 0.01 0.01 0.01 0.01 0.01 0.01 0.01 0.01 0.01 0.01 0.01 0.01 0.01 0.01 0.01 0.01 0.01 0.01 0.01 0.01 0.01 0.01 0.01 0.01 0.01 0.01 0.01 0.01 0.01 0.01 0.01 0.01 0.01 0.01 0.01 0.01 0.01 0.01 
0.02 0.02 0.02 0.02 0.02 0.02 0.02 0.02 0.02 0.02 0.02 0.02 0.02 0.02 0.02 0.02 0.02 0.02 0.02 0.02 0.02 0.02 0.02 0.02 0.02 0.02 0.02 0.02 0.02 0.02 0.02 0.02 0.02 0.02 0.02 0.02 0.02 0.02 0.02 0.02 0.02 0.02 0.02 0.02 0.02 0.02 0.02 0.02 
0.03 0.03 0.03 0.03 0.03 0.03 0.03 0.03 0.03 0.03 0.03 0.03 0.03 0.03 0.03 0.03 0.03 0.03 0.03 0.03 0.03 0.03 0.03 0.03 0.03 0.03 0.03 0.03 0.03 0.03 0.03 0.03 0.03 0.03 0.03 0.03 0.03 0.03 0.03 0.03 0.03 0.03 0.03 0.03 0.03 0.03 0.03 0.03 
0.04 0.04 0.04 0.04 0.04 0.04 0.04 0.04 0.04 0.04 0.04 0.04 0.04 0.04 0.04 0.04 0.04 0.04 0.04 0.04 0.04 0.04 0.04 0.04 0.04 0.04 0.04 0.04 0.04 0.04 0.04 0.04 0.04 0.04 0.04 0.04 0.04 0.04 0.04 0.04 0.04 0.04 0.04 0.04 0.04 0.04 0.04 0.04 
0.125 0.125 0.125 0.125 0.125 0.125 0.125 0.125 0.125 0.125 0.125 0.125 0.125 0.125 0.125 0.125 0.125 0.125 0.125 0.125 0.125 0.125 0.125 0.125 0.125 0.125 0.125 0.125 0.125 0.125 0.125 0.125 0.125 0.125 0.125 0.125 0.125 0.125 0.125 0.125 0.125 0.125 0.125 0.125 0.125 0.125 0.125 0.125 
0.25 0.25 0.25 0.25 0.25 0.25 0.25 0.25 0.25 0.25 0.25 0.25 0.25 0.25 0.25 0.25 0.25 0.25 0.25 0.25 0.25 0.25 0.25 0.25 0.25 0.25 0.25 0.25 0.25 0.25 0.25 0.25 0.25 0.25 0.25 0.25 0.25 0.25 0.25 0.25 0.25 0.25 0.25 0.25 0.25 0.25 0.25 0.25 
0.375 0.375 0.375 0.375 0.375 0.375 0.375 0.375 0.375 0.375 0.375 0.375 0.375 0.375 0.375 0.375 0.375 0.375 0.375 0.375 0.375 0.375 0.375 0.375 0.375 0.375 0.375 0.375 0.375 0.375 0.375 0.375 0.375 0.375 0.375 0.375 0.375 0.375 0.375 0.375 0.375 0.375 0.375 0.375 0.375 0.375 0.375 0.375 
0.5 0.5 0.5 0.5 0.5 0.5 0.5 0.5 0.5 0.5 0.5 0.5 0.5 0.5 0.5 0.5 0.5 0.5 0.5 0.5 0.5 0.5 0.5 0.5 0.5 0.5 0.5 0.5 0.5 0.5 0.5 0.5 0.5 0.5 0.5 0.5 0.5 0.5 0.5 0.5 0.5 0.5 0.5 0.5 0.5 0.5 0.5 0.5 
0.625 0.625 0.625 0.625 0.625 0.625 0.625 0.625 0.625 0.625 0.625 0.625 0.625 0.625 0.625 0.625 0.625 0.625 0.625 0.625 0.625 0.625 0.625 0.625 0.625 0.625 0.625 0.625 0.625 0.625 0.625 0.625 0.625 0.625 0.625 0.625 0.625 0.625 0.625 0.625 0.625 0.625 0.625 0.625 0.625 0.625 0.625 0.625 
0.75 0.75 0.75 0.75 0.75 0.75 0.75 0.75 0.75 0.75 0.75 0.75 0.75 0.75 0.75 0.75 0.75 0.75 0.75 0.75 0.75 0.75 0.75 0.75 0.75 0.75 0.75 0.75 0.75 0.75 0.75 0.75 0.75 0.75 0.75 0.75 0.75 0.75 0.75 0.75 0.75 0.75 0.75 0.75 0.75 0.75 0.75 0.75 
0.875 0.875 0.875 0.875 0.875 0.875 0.875 0.875 0.875 0.875 0.875 0.875 0.875 0.875 0.875 0.875 0.875 0.875 0.875 0.875 0.875 0.875 0.875 0.875 0.875 0.875 0.875 0.875 0.875 0.875 0.875 0.875 0.875 0.875 0.875 0.875 0.875 0.875 0.875 0.875 0.875 0.875 0.875 0.875 0.875 0.875 0.875 0.875 
1 1 1 1 1 1 1 1 1 1 1 1 1 1 1 1 1 1 1 1 1 1 1 1 1 1 1 1 1 1 1 1 1 1 1 1 1 1 1 1 1 1 1 1 1 1 1 1 
