6 32 2 10
1 11 11 11 4 8 16 12 3 11 19 16 12 19 2 20 19 19 7 9 14 12 14 17 11 17 8 7 18 13 15 9 
2.83 5.22 2.66 2.98 4.96 4.14 0.03 9.79 1.78 5.16 10.1 10.89 9.22 13.22 4.68 2.23 3.49 13.03 10.19 9.93 4.5 13.08 11.66 1.75 0.23 9.32 15.16 10.53 3.09 15.61 9.1 1.15 
15.61 3.58 11.4 8.88 1.2 11 7.38 13.56 10.67 7.11 1.27 13.16 1.72 13.94 15.64 14.11 0.61 8.6 2.24 6.1 2.86 14.27 10.6 3.37 14.94 12.86 2.76 12.41 5.77 10.94 11.32 5.14 
8 8 8 8 8 8 8 8 8 8 8 8 8 8 8 8 8 8 8 8 8 8 8 8 8 8 8 8 8 8 8 8 
7.09 3.68 4.21 6.21 6.92 1.87 11.25 9.55 1.99 11.01 1.8 11.96 6.03 1.47 4.36 8.77 14.75 15.66 11.32 9.45 13.85 1.3 10.13 10.92 8.07 0.6 11.26 13.19 3.95 9.91 15.99 13.15 
7.24 10.28 15.72 14.03 13.43 1.88 9.51 11.17 2.18 14.18 1.67 1.73 14.23 9.49 2.04 11.07 2.25 7.55 9.76 13.3 14.87 2.26 2.61 8.77 3.02 9.81 1.31 9.85 14.05 3.56 14.52 3.43 
11.45 4.96 10 3.98 11.45 4.09 8.34 13.06 4.98 2.14 10.01 3.13 3.03 5.92 5.89 0.97 15.57 10.43 13.18 13.55 2.87 11.51 4.84 9.3 15.16 15.53 9.75 8.9 8.86 6.3 5.53 5.5 
1 1 1 1 1 1 1 1 1 1 1 1 1 1 1 1 1 1 1 1 1 1 1 1 1 1 1 1 1 1 1 1 
1 1 1 1 1 1 1 1 1 1 1 1 1 1 1 1 1 1 1 1 1 1 1 1 1 1 1 1 1 1 1 1 
1 1 1 1 1 1 1 1 1 1 1 1 1 1 1 1 1 1 1 1 1 1 1 1 1 1 1 1 1 1 1 1 
1 1 1 1 1 1 1 1 1 1 1 1 1 1 1 1 1 1 1 1 1 1 1 1 1 1 1 1 1 1 1 1 
1 1 1 1 1 1 1 1 1 1 1 1 1 1 1 1 1 1 1 1 1 1 1 1 1 1 1 1 1 1 1 1 
1 1 1 1 1 1 1 1 1 1 1 1 1 1 1 1 1 1 1 1 1 1 1 1 1 1 1 1 1 1 1 1 
0.01 0.01 0.01 0.01 0.01 0.01 0.01 0.01 0.01 0.01 0.01 0.01 0.01 0.01 0.01 0.01 0.01 0.01 0.01 0.01 0.01 0.01 0.01 0.01 0.01 0.01 0.01 0.01 0.01 0.01 0.01 0.01 
0.02 0.02 0.02 0.02 0.02 0.02 0.02 0.02 0.02 0.02 0.02 0.02 0.02 0.02 0.02 0.02 0.02 0.02 0.02 0.02 0.02 0.02 0.02 0.02 0.02 0.02 0.02 0.02 0.02 0.02 0.02 0.02 
0.03 0.03 0.03 0.03 0.03 0.03 0.03 0.03 0.03 0.03 0.03 0.03 0.03 0.03 0.03 0.03 0.03 0.03 0.03 0.03 0.03 0.03 0.03 0.03 0.03 0.03 0.03 0.03 0.03 0.03 0.03 0.03 
0.333333 0.333333 0.333333 0.333333 0.333333 0.333333 0.333333 0.333333 0.333333 0.333333 0.333333 0.333333 0.333333 0.333333 0.333333 0.333333 0.333333 0.333333 0.333333 0.333333 0.333333 0.333333 0.333333 0.333333 0.333333 0.333333 0.333333 0.333333 0.333333 0.333333 0.333333 0.333333 
0.666667 0.666667 0.666667 0.666667 0.666667 0.666667 0.666667 0.666667 0.666667 0.666667 0.666667 0.666667 0.666667 0.666667 0.666667 0.666667 0.666667 0.666667 0.666667 0.666667 0.666667 0.666667 0.666667 0.666667 0.666667 0.666667 0.666667 0.666667 0.666667 0.666667 0.666667 0.666667 
1 1 1 1 1 1 1 1 1 1 1 1 1 1 1 1 1 1 1 1 1 1 1 1 1 1 1 1 1 1 1 1 
