3 32 1 10
2 19 14 17 7 12 8 14 4 18 1 8 14 7 9 13 19 12 1 2 17 9 1 3 4 10 1 11 11 8 8 10 
5.09 11.15 15.59 2.35 9.25 4.96 14.82 7.56 14.22 10.36 5.43 11.8 10.46 4.78 3.12 7.46 5.85 4.18 10.96 1.99 9.1 3.66 1.36 15.47 1.25 13.11 12.34 10.01 11.22 4.35 10.38 12.57 
8 8 8 8 8 8 8 8 8 8 8 8 8 8 8 8 8 8 8 8 8 8 8 8 8 8 8 8 8 8 8 8 
3.53 15.49 12.54 2.27 9.23 1.42 2.35 2.61 2.66 14.34 9.93 4.19 15.65 8.7 9.38 15.55 4.72 15 11.46 8.88 3.25 8.06 10.26 5.43 6.62 0.36 0.49 7.77 8.26 4.03 8.12 0.1 
1 1 1 1 1 1 1 1 1 1 1 1 1 1 1 1 1 1 1 1 1 1 1 1 1 1 1 1 1 1 1 1 
1 1 1 1 1 1 1 1 1 1 1 1 1 1 1 1 1 1 1 1 1 1 1 1 1 1 1 1 1 1 1 1 
1 1 1 1 1 1 1 1 1 1 1 1 1 1 1 1 1 1 1 1 1 1 1 1 1 1 1 1 1 1 1 1 
0.01 0.01 0.01 0.01 0.01 0.01 0.01 0.01 0.01 0.01 0.01 0.01 0.01 0.01 0.01 0.01 0.01 0.01 0.01 0.01 0.01 0.01 0.01 0.01 0.01 0.01 0.01 0.01 0.01 0.01 0.01 0.01 
0.02 0.02 0.02 0.02 0.02 0.02 0.02 0.02 0.02 0.02 0.02 0.02 0.02 0.02 0.02 0.02 0.02 0.02 0.02 0.02 0.02 0.02 0.02 0.02 0.02 0.02 0.02 0.02 0.02 0.02 0.02 0.02 
1 1 1 1 1 1 1 1 1 1 1 1 1 1 1 1 1 1 1 1 1 1 1 1 1 1 1 1 1 1 1 1 
