12 32 9 10
2 3 5 17 2 17 12 19 4 16 3 10 5 12 11 15 5 1 12 15 8 2 5 17 4 13 16 6 9 11 10 13 
11.5 12.15 10.59 9.76 12.3 8.55 1.08 15.16 6.23 2.65 0.8 6.45 14.7 6.14 10.05 9.77 5.26 3.58 13 3.9 13.84 5.15 10.02 1.44 14.45 1.18 0.27 12.86 1.68 9.53 4.73 3.98 
13.88 3.3 14.92 9.68 7.66 15.03 10.76 9.78 14.33 8 4.33 0.61 8.85 4.34 3.88 14.62 10.43 3.9 1.12 5.43 7.35 15.95 0.66 8.05 1.41 1.67 0.82 8.42 14.14 5.41 0.71 4.69 
1.81 7.85 8.77 15.65 6.22 11.67 14.68 2.18 7.61 6.27 14.09 13.51 2.3 7.87 2.32 4.57 13.47 1.95 0.97 13.7 0.04 13.44 3.58 11.04 1.86 1.21 8.52 9.45 10.96 0.02 10.17 15.46 
14.07 5.72 6.51 8.9 4.84 1.33 7.08 0.66 5.93 10.16 11.95 4.79 15.99 4.58 12.62 10.65 13.43 6.31 15.35 9.25 14.78 8.28 14.4 6.16 6.9 0.03 7.56 7.02 14.52 2.14 6.68 11.44 
3.87 2.71 11.49 13.18 10.73 12.51 9.07 10.6 6.18 11.43 7.18 10.22 5.24 12.08 0.65 1.33 11.71 9.35 10.12 11.81 2.03 3.56 3.09 9.7 9.96 1.54 15.13 15.33 4.37 15.07 2.49 5.62 
14 10.53 3.72 11.33 3.99 8.86 12.07 6.58 6.16 0.25 7.37 2.67 13.07 11.51 1.02 10.25 10.08 0.46 1.01 11.57 10.58 12.08 2.03 13.44 5.9 15.57 1.57 6.22 12.85 0.3 7.77 5.23 
0.19 14.12 2.44 3.73 14.01 12.76 2.94 14.85 5.31 4.22 12.37 6.89 14.83 0.59 11.22 1.02 2.71 2.1 15.47 4.86 8.61 12.6 10.11 9.85 8.66 11.47 11.98 10.09 8.05 14.22 5.44 9.88 
5.5 3.46 2.18 0.95 5.3 3.74 10.26 9.19 14.81 0.33 10.19 13.17 9.83 9.14 14.18 12.19 15.61 15.03 8.6 0.88 12.13 2.13 6.66 13.19 5.59 14.94 2.68 9.93 6.33 10.94 14.81 4.54 
9.85 7.83 6.45 0.27 11.66 12.18 2.61 3.46 14.23 6.34 11.26 5.55 4.83 5.74 10.33 0.88 9.78 10.65 9.04 2.48 8.31 6.84 6 6.75 5.4 6.34 7.57 12.21 14.61 11.97 10.56 9.28 
8 8 8 8 8 8 8 8 8 8 8 8 8 8 8 8 8 8 8 8 8 8 8 8 8 8 8 8 8 8 8 8 
1.87 10.83 10.42 10 6.22 9.9 12.53 11.33 10.49 5.1 8.09 2.54 13.5 7.5 2.63 9.06 9.53 9.48 4.96 5.51 0.67 4.01 11.75 15.61 11.46 3.2 1.53 15.57 4.64 14.15 10.26 10.58 
6.83 1.43 3.15 1.75 12.15 7.44 0.93 0.54 7.24 7.06 2.49 14.8 0.7 1.26 4.22 2.86 10.73 15.03 13.94 5.51 8.97 15.81 9.53 6.92 2.54 15.22 15.83 8.76 15.59 7.06 14.74 4.87 
1 1 1 1 1 1 1 1 1 1 1 1 1 1 1 1 1 1 1 1 1 1 1 1 1 1 1 1 1 1 1 1 
1 1 1 1 1 1 1 1 1 1 1 1 1 1 1 1 1 1 1 1 1 1 1 1 1 1 1 1 1 1 1 1 
1 1 1 1 1 1 1 1 1 1 1 1 1 1 1 1 1 1 1 1 1 1 1 1 1 1 1 1 1 1 1 1 
1 1 1 1 1 1 1 1 1 1 1 1 1 1 1 1 1 1 1 1 1 1 1 1 1 1 1 1 1 1 1 1 
1 1 1 1 1 1 1 1 1 1 1 1 1 1 1 1 1 1 1 1 1 1 1 1 1 1 1 1 1 1 1 1 
1 1 1 1 1 1 1 1 1 1 1 1 1 1 1 1 1 1 1 1 1 1 1 1 1 1 1 1 1 1 1 1 
1 1 1 1 1 1 1 1 1 1 1 1 1 1 1 1 1 1 1 1 1 1 1 1 1 1 1 1 1 1 1 1 
1 1 1 1 1 1 1 1 1 1 1 1 1 1 1 1 1 1 1 1 1 1 1 1 1 1 1 1 1 1 1 1 
1 1 1 1 1 1 1 1 1 1 1 1 1 1 1 1 1 1 1 1 1 1 1 1 1 1 1 1 1 1 1 1 
1 1 1 1 1 1 1 1 1 1 1 1 1 1 1 1 1 1 1 1 1 1 1 1 1 1 1 1 1 1 1 1 
1 1 1 1 1 1 1 1 1 1 1 1 1 1 1 1 1 1 1 1 1 1 1 1 1 1 1 1 1 1 1 1 
1 1 1 1 1 1 1 1 1 1 1 1 1 1 1 1 1 1 1 1 1 1 1 1 1 1 1 1 1 1 1 1 
0.01 0.01 0.01 0.01 0.01 0.01 0.01 0.01 0.01 0.01 0.01 0.01 0.01 0.01 0.01 0.01 0.01 0.01 0.01 0.01 0.01 0.01 0.01 0.01 0.01 0.01 0.01 0.01 0.01 0.01 0.01 0.01 
0.02 0.02 0.02 0.02 0.02 0.02 0.02 0.02 0.02 0.02 0.02 0.02 0.02 0.02 0.02 0.02 0.02 0.02 0.02 0.02 0.02 0.02 0.02 0.02 0.02 0.02 0.02 0.02 0.02 0.02 0.02 0.02 
0.03 0.03 0.03 0.03 0.03 0.03 0.03 0.03 0.03 0.03 0.03 0.03 0.03 0.03 0.03 0.03 0.03 0.03 0.03 0.03 0.03 0.03 0.03 0.03 0.03 0.03 0.03 0.03 0.03 0.03 0.03 0.03 
0.04 0.04 0.04 0.04 0.04 0.04 0.04 0.04 0.04 0.04 0.04 0.04 0.04 0.04 0.04 0.04 0.04 0.04 0.04 0.04 0.04 0.04 0.04 0.04 0.04 0.04 0.04 0.04 0.04 0.04 0.04 0.04 
0.05 0.05 0.05 0.05 0.05 0.05 0.05 0.05 0.05 0.05 0.05 0.05 0.05 0.05 0.05 0.05 0.05 0.05 0.05 0.05 0.05 0.05 0.05 0.05 0.05 0.05 0.05 0.05 0.05 0.05 0.05 0.05 
0.06 0.06 0.06 0.06 0.06 0.06 0.06 0.06 0.06 0.06 0.06 0.06 0.06 0.06 0.06 0.06 0.06 0.06 0.06 0.06 0.06 0.06 0.06 0.06 0.06 0.06 0.06 0.06 0.06 0.06 0.06 0.06 
0.07 0.07 0.07 0.07 0.07 0.07 0.07 0.07 0.07 0.07 0.07 0.07 0.07 0.07 0.07 0.07 0.07 0.07 0.07 0.07 0.07 0.07 0.07 0.07 0.07 0.07 0.07 0.07 0.07 0.07 0.07 0.07 
0.08 0.08 0.08 0.08 0.08 0.08 0.08 0.08 0.08 0.08 0.08 0.08 0.08 0.08 0.08 0.08 0.08 0.08 0.08 0.08 0.08 0.08 0.08 0.08 0.08 0.08 0.08 0.08 0.08 0.08 0.08 0.08 
0.09 0.09 0.09 0.09 0.09 0.09 0.09 0.09 0.09 0.09 0.09 0.09 0.09 0.09 0.09 0.09 0.09 0.09 0.09 0.09 0.09 0.09 0.09 0.09 0.09 0.09 0.09 0.09 0.09 0.09 0.09 0.09 
0.1 0.1 0.1 0.1 0.1 0.1 0.1 0.1 0.1 0.1 0.1 0.1 0.1 0.1 0.1 0.1 0.1 0.1 0.1 0.1 0.1 0.1 0.1 0.1 0.1 0.1 0.1 0.1 0.1 0.1 0.1 0.1 
0.5 0.5 0.5 0.5 0.5 0.5 0.5 0.5 0.5 0.5 0.5 0.5 0.5 0.5 0.5 0.5 0.5 0.5 0.5 0.5 0.5 0.5 0.5 0.5 0.5 0.5 0.5 0.5 0.5 0.5 0.5 0.5 
1 1 1 1 1 1 1 1 1 1 1 1 1 1 1 1 1 1 1 1 1 1 1 1 1 1 1 1 1 1 1 1 
