6 48 2 10
3 16 8 1 7 16 3 18 9 6 13 17 12 11 2 2 8 20 19 2 6 12 8 16 19 15 5 14 18 10 5 10 19 8 14 6 18 3 15 20 6 20 10 20 14 13 14 17 
5.81 1.88 8.34 4.62 10.2 6.22 6.51 7.84 6.75 4.39 11.46 7.93 2.18 4.54 8.97 9.37 0.34 6.27 10.55 3.25 5.98 3.47 14.51 4.21 5.71 6.27 6.88 8.2 3.97 13.44 11.71 11.42 11.81 8.82 8.21 9.92 11.25 1.27 8.29 12.47 9.02 9.03 10.52 15.13 15.32 15.51 13.66 3.11 
0.15 9.51 14.65 15.76 10.04 5.08 13.84 10.71 4.09 6.24 7.85 15.06 6.83 7.26 12.79 13.51 13.95 9.8 5.72 14.98 7.59 1.09 3.62 4.23 4.47 4.27 9.73 13.19 0.95 2.82 8.58 3.27 3.3 7.28 3.62 3.66 15.6 7.73 2.93 13.34 1.76 0.49 1.89 1.16 2.59 4.3 14.67 12.6 
8 8 8 8 8 8 8 8 8 8 8 8 8 8 8 8 8 8 8 8 8 8 8 8 8 8 8 8 8 8 8 8 8 8 8 8 8 8 8 8 8 8 8 8 8 8 8 8 
14.12 10.66 15.57 4.89 7.94 13.61 4.73 1.76 1.74 2.09 8.92 1.47 4.35 3.45 5.37 3.23 3.78 7.45 1.5 14.17 10.29 14.37 9.46 8.56 15.51 1.37 6.83 10.4 7.06 10.79 7.42 15.17 1.83 5.48 3.12 12.48 2.77 0.54 6.35 5.67 4.67 15.62 4.69 10.63 1.94 3.34 11.64 11.72 
0.68 12.82 4.17 14.69 13.03 11.47 14.02 0.76 5.76 0.5 12.24 14.9 6.37 10.88 6.32 15.44 1.18 13.39 3.32 5.68 2.41 11.7 3.43 0.95 12.51 12.69 10.44 4.65 6.15 6.63 3.22 8.45 8.93 3.78 14.91 11.19 7.75 7.99 10.95 5.52 5.34 9.54 9.01 15.66 11.56 2.13 5.28 9.01 
8.32 12.74 12.09 12.97 8.46 6.43 4.1 12.4 9.48 14.74 15.13 1.13 2.57 6.79 2.5 5.21 11.72 12.94 1.75 10.73 13.67 7.34 5.21 12.62 2.12 6.3 11.4 10.1 8.06 12.8 0.64 0.6 5.78 7 14.14 3.67 11.13 3.4 14.33 4.5 2.28 9.42 4.12 6.23 11.81 10.57 13.35 5.84 
1 1 1 1 1 1 1 1 1 1 1 1 1 1 1 1 1 1 1 1 1 1 1 1 1 1 1 1 1 1 1 1 1 1 1 1 1 1 1 1 1 1 1 1 1 1 1 1 
1 1 1 1 1 1 1 1 1 1 1 1 1 1 1 1 1 1 1 1 1 1 1 1 1 1 1 1 1 1 1 1 1 1 1 1 1 1 1 1 1 1 1 1 1 1 1 1 
1 1 1 1 1 1 1 1 1 1 1 1 1 1 1 1 1 1 1 1 1 1 1 1 1 1 1 1 1 1 1 1 1 1 1 1 1 1 1 1 1 1 1 1 1 1 1 1 
1 1 1 1 1 1 1 1 1 1 1 1 1 1 1 1 1 1 1 1 1 1 1 1 1 1 1 1 1 1 1 1 1 1 1 1 1 1 1 1 1 1 1 1 1 1 1 1 
1 1 1 1 1 1 1 1 1 1 1 1 1 1 1 1 1 1 1 1 1 1 1 1 1 1 1 1 1 1 1 1 1 1 1 1 1 1 1 1 1 1 1 1 1 1 1 1 
1 1 1 1 1 1 1 1 1 1 1 1 1 1 1 1 1 1 1 1 1 1 1 1 1 1 1 1 1 1 1 1 1 1 1 1 1 1 1 1 1 1 1 1 1 1 1 1 
0.01 0.01 0.01 0.01 0.01 0.01 0.01 0.01 0.01 0.01 0.01 0.01 0.01 0.01 0.01 0.01 0.01 0.01 0.01 0.01 0.01 0.01 0.01 0.01 0.01 0.01 0.01 0.01 0.01 0.01 0.01 0.01 0.01 0.01 0.01 0.01 0.01 0.01 0.01 0.01 0.01 0.01 0.01 0.01 0.01 0.01 0.01 0.01 
0.02 0.02 0.02 0.02 0.02 0.02 0.02 0.02 0.02 0.02 0.02 0.02 0.02 0.02 0.02 0.02 0.02 0.02 0.02 0.02 0.02 0.02 0.02 0.02 0.02 0.02 0.02 0.02 0.02 0.02 0.02 0.02 0.02 0.02 0.02 0.02 0.02 0.02 0.02 0.02 0.02 0.02 0.02 0.02 0.02 0.02 0.02 0.02 
0.03 0.03 0.03 0.03 0.03 0.03 0.03 0.03 0.03 0.03 0.03 0.03 0.03 0.03 0.03 0.03 0.03 0.03 0.03 0.03 0.03 0.03 0.03 0.03 0.03 0.03 0.03 0.03 0.03 0.03 0.03 0.03 0.03 0.03 0.03 0.03 0.03 0.03 0.03 0.03 0.03 0.03 0.03 0.03 0.03 0.03 0.03 0.03 
0.333333 0.333333 0.333333 0.333333 0.333333 0.333333 0.333333 0.333333 0.333333 0.333333 0.333333 0.333333 0.333333 0.333333 0.333333 0.333333 0.333333 0.333333 0.333333 0.333333 0.333333 0.333333 0.333333 0.333333 0.333333 0.333333 0.333333 0.333333 0.333333 0.333333 0.333333 0.333333 0.333333 0.333333 0.333333 0.333333 0.333333 0.333333 0.333333 0.333333 0.333333 0.333333 0.333333 0.333333 0.333333 0.333333 0.333333 0.333333 
0.666667 0.666667 0.666667 0.666667 0.666667 0.666667 0.666667 0.666667 0.666667 0.666667 0.666667 0.666667 0.666667 0.666667 0.666667 0.666667 0.666667 0.666667 0.666667 0.666667 0.666667 0.666667 0.666667 0.666667 0.666667 0.666667 0.666667 0.666667 0.666667 0.666667 0.666667 0.666667 0.666667 0.666667 0.666667 0.666667 0.666667 0.666667 0.666667 0.666667 0.666667 0.666667 0.666667 0.666667 0.666667 0.666667 0.666667 0.666667 
1 1 1 1 1 1 1 1 1 1 1 1 1 1 1 1 1 1 1 1 1 1 1 1 1 1 1 1 1 1 1 1 1 1 1 1 1 1 1 1 1 1 1 1 1 1 1 1 
