12 16 3 10
16 3 15 8 6 4 8 6 10 3 16 15 10 8 16 10 
1.28 15.41 15.58 3.82 3.62 4.38 2.71 13.41 1.6 9.43 11.58 9.14 6.67 10.72 2.64 4.78 
5.09 5.34 1.48 10.07 6.91 6.02 11.79 7.7 12.94 8.67 12.79 3.21 15.45 6.04 5.31 12.87 
8.32 4.96 12.39 1.39 11.29 11.55 6.48 12.89 8.8 14.4 5.25 6.76 1.47 1.69 2.43 9.26 
8 8 8 8 8 8 8 8 8 8 8 8 8 8 8 8 
7.12 2.15 5.79 0.77 13.09 11.96 9.91 11.74 11.23 0.23 13.9 11.44 9.04 12 1.06 1.77 
7.88 7.74 2.94 6.29 0.14 3.83 12.55 14.41 15.78 2.68 8.92 15.02 5.25 2.7 9.17 11.45 
5.73 1.36 12.69 3.5 15.73 1.83 15.39 5.04 13.88 8.71 2.42 7.02 4.35 13.26 10.6 15.88 
13.1 0.27 2.12 2.68 8.87 9.72 4.14 9.02 2.35 8.53 15.77 12.83 0.06 10.36 3.15 9.73 
14.88 2.54 15.14 11.47 11.37 15.26 11.04 4.75 8.89 9.66 14.53 11.4 7.97 14.86 7.39 10.02 
11.14 7.88 2.09 7.06 8.59 12.79 10.74 14.2 15.12 6.46 9.37 6.74 2.59 15.8 5.93 0.21 
14.64 2.61 2.16 8.59 4.06 5.59 8.95 6.22 13.91 11.16 10.17 3.2 13.05 9.06 1.27 11.3 
5.72 7.13 12.28 14.74 8.34 10.52 1.94 5.89 9.18 5.37 14.74 14.66 5.09 8.6 15.86 13.33 
1 1 1 1 1 1 1 1 1 1 1 1 1 1 1 1 
1 1 1 1 1 1 1 1 1 1 1 1 1 1 1 1 
1 1 1 1 1 1 1 1 1 1 1 1 1 1 1 1 
1 1 1 1 1 1 1 1 1 1 1 1 1 1 1 1 
1 1 1 1 1 1 1 1 1 1 1 1 1 1 1 1 
1 1 1 1 1 1 1 1 1 1 1 1 1 1 1 1 
1 1 1 1 1 1 1 1 1 1 1 1 1 1 1 1 
1 1 1 1 1 1 1 1 1 1 1 1 1 1 1 1 
1 1 1 1 1 1 1 1 1 1 1 1 1 1 1 1 
1 1 1 1 1 1 1 1 1 1 1 1 1 1 1 1 
1 1 1 1 1 1 1 1 1 1 1 1 1 1 1 1 
1 1 1 1 1 1 1 1 1 1 1 1 1 1 1 1 
0.01 0.01 0.01 0.01 0.01 0.01 0.01 0.01 0.01 0.01 0.01 0.01 0.01 0.01 0.01 0.01 
0.02 0.02 0.02 0.02 0.02 0.02 0.02 0.02 0.02 0.02 0.02 0.02 0.02 0.02 0.02 0.02 
0.03 0.03 0.03 0.03 0.03 0.03 0.03 0.03 0.03 0.03 0.03 0.03 0.03 0.03 0.03 0.03 
0.04 0.04 0.04 0.04 0.04 0.04 0.04 0.04 0.04 0.04 0.04 0.04 0.04 0.04 0.04 0.04 
0.125 0.125 0.125 0.125 0.125 0.125 0.125 0.125 0.125 0.125 0.125 0.125 0.125 0.125 0.125 0.125 
0.25 0.25 0.25 0.25 0.25 0.25 0.25 0.25 0.25 0.25 0.25 0.25 0.25 0.25 0.25 0.25 
0.375 0.375 0.375 0.375 0.375 0.375 0.375 0.375 0.375 0.375 0.375 0.375 0.375 0.375 0.375 0.375 
0.5 0.5 0.5 0.5 0.5 0.5 0.5 0.5 0.5 0.5 0.5 0.5 0.5 0.5 0.5 0.5 
0.625 0.625 0.625 0.625 0.625 0.625 0.625 0.625 0.625 0.625 0.625 0.625 0.625 0.625 0.625 0.625 
0.75 0.75 0.75 0.75 0.75 0.75 0.75 0.75 0.75 0.75 0.75 0.75 0.75 0.75 0.75 0.75 
0.875 0.875 0.875 0.875 0.875 0.875 0.875 0.875 0.875 0.875 0.875 0.875 0.875 0.875 0.875 0.875 
1 1 1 1 1 1 1 1 1 1 1 1 1 1 1 1 
