6 24 2 10
17 19 3 19 3 18 15 4 5 5 12 17 15 15 5 1 16 10 4 20 4 8 18 6 
0.28 14.22 14.36 15.71 9.32 4.2 12.17 14.62 3.42 3.04 2.78 12.16 3.3 1.43 8.4 2.6 7.66 12.41 13.82 7.38 6.42 4.47 5.27 13.17 
8.77 10.15 12.87 2.92 8.02 13.79 10.63 5.59 15.26 10.61 4.33 3.52 11 2.25 8.71 0.21 7.11 3.03 10.02 4.63 4.07 10.89 11.27 10.79 
8 8 8 8 8 8 8 8 8 8 8 8 8 8 8 8 8 8 8 8 8 8 8 8 
15.35 0.29 14.71 15.73 4.46 15.82 7.05 14.82 15.52 0.24 12.29 9.15 2.98 4.03 10.83 15.25 10.67 12.67 6.91 9.28 6.72 1.57 14.48 13.08 
8.61 14.67 4.45 8.01 7.32 2.94 6.28 7.71 14.88 6.02 0.38 4.58 12.78 11.67 11.94 10.81 15.07 1.5 3.51 6.44 14.72 13.98 9.18 10.24 
1.33 14.88 9.56 2.18 11.94 5.21 8.04 14.8 15.71 7.85 6.65 5.76 3.62 11.32 9.71 8.91 5.12 1.52 6.12 14.67 2.56 0.62 13.2 7.34 
1 1 1 1 1 1 1 1 1 1 1 1 1 1 1 1 1 1 1 1 1 1 1 1 
1 1 1 1 1 1 1 1 1 1 1 1 1 1 1 1 1 1 1 1 1 1 1 1 
1 1 1 1 1 1 1 1 1 1 1 1 1 1 1 1 1 1 1 1 1 1 1 1 
1 1 1 1 1 1 1 1 1 1 1 1 1 1 1 1 1 1 1 1 1 1 1 1 
1 1 1 1 1 1 1 1 1 1 1 1 1 1 1 1 1 1 1 1 1 1 1 1 
1 1 1 1 1 1 1 1 1 1 1 1 1 1 1 1 1 1 1 1 1 1 1 1 
0.01 0.01 0.01 0.01 0.01 0.01 0.01 0.01 0.01 0.01 0.01 0.01 0.01 0.01 0.01 0.01 0.01 0.01 0.01 0.01 0.01 0.01 0.01 0.01 
0.02 0.02 0.02 0.02 0.02 0.02 0.02 0.02 0.02 0.02 0.02 0.02 0.02 0.02 0.02 0.02 0.02 0.02 0.02 0.02 0.02 0.02 0.02 0.02 
0.03 0.03 0.03 0.03 0.03 0.03 0.03 0.03 0.03 0.03 0.03 0.03 0.03 0.03 0.03 0.03 0.03 0.03 0.03 0.03 0.03 0.03 0.03 0.03 
0.333333 0.333333 0.333333 0.333333 0.333333 0.333333 0.333333 0.333333 0.333333 0.333333 0.333333 0.333333 0.333333 0.333333 0.333333 0.333333 0.333333 0.333333 0.333333 0.333333 0.333333 0.333333 0.333333 0.333333 
0.666667 0.666667 0.666667 0.666667 0.666667 0.666667 0.666667 0.666667 0.666667 0.666667 0.666667 0.666667 0.666667 0.666667 0.666667 0.666667 0.666667 0.666667 0.666667 0.666667 0.666667 0.666667 0.666667 0.666667 
1 1 1 1 1 1 1 1 1 1 1 1 1 1 1 1 1 1 1 1 1 1 1 1 
