6 32 2 10
13 17 20 20 15 2 5 11 7 5 18 20 7 6 5 1 7 2 13 20 19 2 18 20 4 7 17 14 6 5 13 18 
2.56 13.25 10.35 2.03 11.67 1.07 9.14 13.66 11.41 4.84 7.59 13.26 1.94 11.58 15.76 13.24 15.05 5.59 8.53 7.72 8.72 5.84 9.66 5.25 5.93 0.36 8.46 9.85 0.8 9.52 15.18 7.8 
10.9 2.32 2.03 6.14 2.81 2.97 14.16 3.98 15.26 7.36 13.55 11.89 3.56 4.94 4.57 14.3 0.73 15.62 0.81 7.57 3.54 14.34 9.52 11.72 0.72 0.61 2.47 7.45 10.71 0.17 3.48 8.03 
8 8 8 8 8 8 8 8 8 8 8 8 8 8 8 8 8 8 8 8 8 8 8 8 8 8 8 8 8 8 8 8 
7.04 10.83 10.53 4.07 15.33 8.58 9.37 10.3 3.2 2.15 4.31 2.91 2.54 0.41 9.98 2.09 10.87 12.29 6.8 15.7 8.98 15.74 7.02 2.42 6.18 15.33 12.2 13.36 0.61 6.73 0.63 5.94 
8.98 14.03 13.72 0.47 4.87 15.39 2.88 0.88 11.59 14.63 6.27 5.79 1.59 9.74 2.62 11.48 5.23 6.5 5.42 6.9 2.15 10.89 4.43 1.17 7.37 13.68 10.48 3.77 3.67 3.54 3.97 3.14 
1.41 9.57 15.99 12.1 12.57 13.79 1.1 0.11 2.9 11.17 1.29 5.52 5.77 11.07 7.08 2.94 15.6 15.18 15.53 14.96 1.17 12.25 7.88 11.97 13.19 4.81 0.32 2.2 13.41 3.16 6.13 1.46 
1 1 1 1 1 1 1 1 1 1 1 1 1 1 1 1 1 1 1 1 1 1 1 1 1 1 1 1 1 1 1 1 
1 1 1 1 1 1 1 1 1 1 1 1 1 1 1 1 1 1 1 1 1 1 1 1 1 1 1 1 1 1 1 1 
1 1 1 1 1 1 1 1 1 1 1 1 1 1 1 1 1 1 1 1 1 1 1 1 1 1 1 1 1 1 1 1 
1 1 1 1 1 1 1 1 1 1 1 1 1 1 1 1 1 1 1 1 1 1 1 1 1 1 1 1 1 1 1 1 
1 1 1 1 1 1 1 1 1 1 1 1 1 1 1 1 1 1 1 1 1 1 1 1 1 1 1 1 1 1 1 1 
1 1 1 1 1 1 1 1 1 1 1 1 1 1 1 1 1 1 1 1 1 1 1 1 1 1 1 1 1 1 1 1 
0.01 0.01 0.01 0.01 0.01 0.01 0.01 0.01 0.01 0.01 0.01 0.01 0.01 0.01 0.01 0.01 0.01 0.01 0.01 0.01 0.01 0.01 0.01 0.01 0.01 0.01 0.01 0.01 0.01 0.01 0.01 0.01 
0.02 0.02 0.02 0.02 0.02 0.02 0.02 0.02 0.02 0.02 0.02 0.02 0.02 0.02 0.02 0.02 0.02 0.02 0.02 0.02 0.02 0.02 0.02 0.02 0.02 0.02 0.02 0.02 0.02 0.02 0.02 0.02 
0.03 0.03 0.03 0.03 0.03 0.03 0.03 0.03 0.03 0.03 0.03 0.03 0.03 0.03 0.03 0.03 0.03 0.03 0.03 0.03 0.03 0.03 0.03 0.03 0.03 0.03 0.03 0.03 0.03 0.03 0.03 0.03 
0.333333 0.333333 0.333333 0.333333 0.333333 0.333333 0.333333 0.333333 0.333333 0.333333 0.333333 0.333333 0.333333 0.333333 0.333333 0.333333 0.333333 0.333333 0.333333 0.333333 0.333333 0.333333 0.333333 0.333333 0.333333 0.333333 0.333333 0.333333 0.333333 0.333333 0.333333 0.333333 
0.666667 0.666667 0.666667 0.666667 0.666667 0.666667 0.666667 0.666667 0.666667 0.666667 0.666667 0.666667 0.666667 0.666667 0.666667 0.666667 0.666667 0.666667 0.666667 0.666667 0.666667 0.666667 0.666667 0.666667 0.666667 0.666667 0.666667 0.666667 0.666667 0.666667 0.666667 0.666667 
1 1 1 1 1 1 1 1 1 1 1 1 1 1 1 1 1 1 1 1 1 1 1 1 1 1 1 1 1 1 1 1 
