6 40 2 10
2 10 7 9 4 19 14 16 12 7 20 18 10 15 17 8 4 15 18 6 2 20 17 9 1 10 9 18 10 20 2 19 6 12 13 19 1 4 20 1 
14.24 10.16 7.65 2.89 13.42 3.02 6.04 14.9 3.6 0.17 10.61 7.35 12.05 12.99 5.85 1.68 9.9 8.91 13.35 11.46 6.22 8.4 8.06 0.92 4.56 15.48 7.76 15.81 4.23 2.72 1.11 10.8 14.85 3.81 4.91 4.3 2.75 6.98 8.23 10.23 
13.31 12.71 4.98 7 7 8.83 9.74 2.91 15.51 9.24 15.54 2.36 13.28 13.48 10.02 3.37 5.08 2.8 14.87 13.37 9.96 7.36 9.3 7.85 1.55 7.71 9.28 7.14 9.89 6.66 4.33 1.15 7.12 3.17 12.87 15.87 15.53 7.9 12.15 10.42 
8 8 8 8 8 8 8 8 8 8 8 8 8 8 8 8 8 8 8 8 8 8 8 8 8 8 8 8 8 8 8 8 8 8 8 8 8 8 8 8 
0.18 11.48 9.06 5.02 7.13 7.59 9.91 12.87 4.08 6.1 12.88 12.19 11.76 3.4 13.29 11.64 7.27 15.95 13.29 1.67 12.22 8.18 0.34 4.78 4.01 10.91 2.71 8.5 11.45 9.2 4.48 3.97 4.16 8.77 7.94 9.66 1.41 8.16 11.35 7.32 
14.68 7.13 3.51 4.07 13.69 13.77 1.65 8.86 7.33 2.07 4.57 0.64 13.75 14.24 1.95 15.44 15.24 1.24 13.34 14.24 0.99 3.36 7.01 12.9 3.6 4.99 5.82 7.24 9.77 8.05 6.79 13.05 9.61 13.72 3.77 10.97 7.41 5.85 15.6 6.61 
14.95 0.99 14.62 11.44 8.84 2.39 6.3 3.11 10.01 12.28 7.26 4.51 3.18 12.34 6 6.85 0.71 6.37 12.61 13.2 0.69 13.32 0.17 12.86 0.69 13.97 13.61 8.09 6.11 14.25 13.14 5.82 4.15 15.19 15.22 2.45 14.28 10.22 9.39 13.64 
1 1 1 1 1 1 1 1 1 1 1 1 1 1 1 1 1 1 1 1 1 1 1 1 1 1 1 1 1 1 1 1 1 1 1 1 1 1 1 1 
1 1 1 1 1 1 1 1 1 1 1 1 1 1 1 1 1 1 1 1 1 1 1 1 1 1 1 1 1 1 1 1 1 1 1 1 1 1 1 1 
1 1 1 1 1 1 1 1 1 1 1 1 1 1 1 1 1 1 1 1 1 1 1 1 1 1 1 1 1 1 1 1 1 1 1 1 1 1 1 1 
1 1 1 1 1 1 1 1 1 1 1 1 1 1 1 1 1 1 1 1 1 1 1 1 1 1 1 1 1 1 1 1 1 1 1 1 1 1 1 1 
1 1 1 1 1 1 1 1 1 1 1 1 1 1 1 1 1 1 1 1 1 1 1 1 1 1 1 1 1 1 1 1 1 1 1 1 1 1 1 1 
1 1 1 1 1 1 1 1 1 1 1 1 1 1 1 1 1 1 1 1 1 1 1 1 1 1 1 1 1 1 1 1 1 1 1 1 1 1 1 1 
0.01 0.01 0.01 0.01 0.01 0.01 0.01 0.01 0.01 0.01 0.01 0.01 0.01 0.01 0.01 0.01 0.01 0.01 0.01 0.01 0.01 0.01 0.01 0.01 0.01 0.01 0.01 0.01 0.01 0.01 0.01 0.01 0.01 0.01 0.01 0.01 0.01 0.01 0.01 0.01 
0.02 0.02 0.02 0.02 0.02 0.02 0.02 0.02 0.02 0.02 0.02 0.02 0.02 0.02 0.02 0.02 0.02 0.02 0.02 0.02 0.02 0.02 0.02 0.02 0.02 0.02 0.02 0.02 0.02 0.02 0.02 0.02 0.02 0.02 0.02 0.02 0.02 0.02 0.02 0.02 
0.03 0.03 0.03 0.03 0.03 0.03 0.03 0.03 0.03 0.03 0.03 0.03 0.03 0.03 0.03 0.03 0.03 0.03 0.03 0.03 0.03 0.03 0.03 0.03 0.03 0.03 0.03 0.03 0.03 0.03 0.03 0.03 0.03 0.03 0.03 0.03 0.03 0.03 0.03 0.03 
0.333333 0.333333 0.333333 0.333333 0.333333 0.333333 0.333333 0.333333 0.333333 0.333333 0.333333 0.333333 0.333333 0.333333 0.333333 0.333333 0.333333 0.333333 0.333333 0.333333 0.333333 0.333333 0.333333 0.333333 0.333333 0.333333 0.333333 0.333333 0.333333 0.333333 0.333333 0.333333 0.333333 0.333333 0.333333 0.333333 0.333333 0.333333 0.333333 0.333333 
0.666667 0.666667 0.666667 0.666667 0.666667 0.666667 0.666667 0.666667 0.666667 0.666667 0.666667 0.666667 0.666667 0.666667 0.666667 0.666667 0.666667 0.666667 0.666667 0.666667 0.666667 0.666667 0.666667 0.666667 0.666667 0.666667 0.666667 0.666667 0.666667 0.666667 0.666667 0.666667 0.666667 0.666667 0.666667 0.666667 0.666667 0.666667 0.666667 0.666667 
1 1 1 1 1 1 1 1 1 1 1 1 1 1 1 1 1 1 1 1 1 1 1 1 1 1 1 1 1 1 1 1 1 1 1 1 1 1 1 1 
