6 32 2 10
11 10 9 20 5 15 4 19 1 5 16 9 15 17 12 6 16 16 12 2 11 6 11 12 7 18 4 9 15 1 4 2 
11.85 3.71 3.62 9.57 9.17 5.38 5.68 9.32 15.15 2.27 13.27 4.99 12.24 10.83 9.39 5.05 9.29 12.65 15.1 12.78 5.27 6.58 8.44 0.53 10.6 7.17 0.64 7.51 8.12 5.42 11.82 11.18 
9.06 3.76 7.2 7.05 15.78 13.73 0.99 9.88 8 7.9 1.79 13.78 7.75 7.19 7.93 7.35 4.06 13.18 13.16 10 3.55 8.47 12.43 5.5 4 5.77 0.95 0.81 11.91 12.08 9.41 6.64 
8 8 8 8 8 8 8 8 8 8 8 8 8 8 8 8 8 8 8 8 8 8 8 8 8 8 8 8 8 8 8 8 
5.48 10.72 14.88 14.04 7.18 9.32 0.7 11.85 15.87 1.6 11.88 10.59 8.13 12.93 3.06 11.22 4.2 8.6 9.46 2.69 9.91 0.81 6.56 9.41 11.7 14.61 7.84 0.96 13.34 3.12 12.15 0.92 
2.83 13.06 15.31 11.44 14.31 10.16 15.49 14 12.07 2.46 8.29 11.87 7.53 13.61 13.23 14.77 14.06 0.09 0.49 12.04 6.88 2.66 6.37 7.45 2.07 0.18 7.03 9.71 12.13 2.83 14 6.56 
13.6 6.6 12.55 5.72 15.43 15.21 10.28 6.51 2.35 14.49 8.59 10.15 2.51 0.45 2.25 2.98 14.8 2.23 13.09 4.47 4.78 6.19 13.48 15.48 10.45 14.58 6.66 10.16 15.78 9.84 13.4 12.08 
1 1 1 1 1 1 1 1 1 1 1 1 1 1 1 1 1 1 1 1 1 1 1 1 1 1 1 1 1 1 1 1 
1 1 1 1 1 1 1 1 1 1 1 1 1 1 1 1 1 1 1 1 1 1 1 1 1 1 1 1 1 1 1 1 
1 1 1 1 1 1 1 1 1 1 1 1 1 1 1 1 1 1 1 1 1 1 1 1 1 1 1 1 1 1 1 1 
1 1 1 1 1 1 1 1 1 1 1 1 1 1 1 1 1 1 1 1 1 1 1 1 1 1 1 1 1 1 1 1 
1 1 1 1 1 1 1 1 1 1 1 1 1 1 1 1 1 1 1 1 1 1 1 1 1 1 1 1 1 1 1 1 
1 1 1 1 1 1 1 1 1 1 1 1 1 1 1 1 1 1 1 1 1 1 1 1 1 1 1 1 1 1 1 1 
0.01 0.01 0.01 0.01 0.01 0.01 0.01 0.01 0.01 0.01 0.01 0.01 0.01 0.01 0.01 0.01 0.01 0.01 0.01 0.01 0.01 0.01 0.01 0.01 0.01 0.01 0.01 0.01 0.01 0.01 0.01 0.01 
0.02 0.02 0.02 0.02 0.02 0.02 0.02 0.02 0.02 0.02 0.02 0.02 0.02 0.02 0.02 0.02 0.02 0.02 0.02 0.02 0.02 0.02 0.02 0.02 0.02 0.02 0.02 0.02 0.02 0.02 0.02 0.02 
0.03 0.03 0.03 0.03 0.03 0.03 0.03 0.03 0.03 0.03 0.03 0.03 0.03 0.03 0.03 0.03 0.03 0.03 0.03 0.03 0.03 0.03 0.03 0.03 0.03 0.03 0.03 0.03 0.03 0.03 0.03 0.03 
0.333333 0.333333 0.333333 0.333333 0.333333 0.333333 0.333333 0.333333 0.333333 0.333333 0.333333 0.333333 0.333333 0.333333 0.333333 0.333333 0.333333 0.333333 0.333333 0.333333 0.333333 0.333333 0.333333 0.333333 0.333333 0.333333 0.333333 0.333333 0.333333 0.333333 0.333333 0.333333 
0.666667 0.666667 0.666667 0.666667 0.666667 0.666667 0.666667 0.666667 0.666667 0.666667 0.666667 0.666667 0.666667 0.666667 0.666667 0.666667 0.666667 0.666667 0.666667 0.666667 0.666667 0.666667 0.666667 0.666667 0.666667 0.666667 0.666667 0.666667 0.666667 0.666667 0.666667 0.666667 
1 1 1 1 1 1 1 1 1 1 1 1 1 1 1 1 1 1 1 1 1 1 1 1 1 1 1 1 1 1 1 1 
