12 24 3 10
4 17 1 3 11 6 6 15 12 4 18 11 18 12 18 16 8 7 2 7 19 3 4 15 
2.96 15.08 12.47 9.11 0.29 1.77 12.59 7.67 8.42 5.72 2.42 3.03 4.3 1.15 9.36 6.26 2.62 3.75 7.91 14 0.33 15.77 11.1 3.66 
15.94 15.64 15.01 7.26 8.64 13.23 10.31 15.52 11.25 10.11 6.77 6.19 12.78 11.76 12.18 14.86 8.98 5.17 3.71 10.77 6.42 1.12 14.11 0.37 
13.52 8.51 1.24 8.32 6.43 0.34 7.1 9.18 12.01 0.54 6.57 9.46 3.69 5.89 1.96 0.26 0.26 3.57 0.14 7.02 7.45 15.53 6.09 1.44 
8 8 8 8 8 8 8 8 8 8 8 8 8 8 8 8 8 8 8 8 8 8 8 8 
14.79 15.12 10.22 2.38 10.12 8.13 3.87 10.16 12.4 5.07 7.64 5.25 15.06 9.71 10.68 6.29 7.23 14.66 11.18 5.71 15.99 8.11 1.53 14.08 
9.22 15.2 1.85 15.62 5.85 13.67 11.26 2.94 1.14 14.17 10.44 1.1 5.97 6.36 10.01 2.31 4.28 10.39 0.47 14.14 8.68 10.69 5.96 5.44 
15.72 2.05 3.73 1.74 11.76 6.62 14.8 12.62 8.82 12.34 5.88 13.41 6.79 3.11 2.47 5.18 5.26 7.25 5.54 3.88 9.13 9.03 1.19 9.42 
3.21 5.38 11.21 3.53 12.92 9.86 12.04 10.76 3.03 6.02 14.78 15 5.6 15.82 5.8 15.5 5.14 13.24 5.37 5.23 3.86 4.6 2.78 0.12 
0.65 0.4 5.91 11.92 7.92 6.62 1.24 12.58 1.63 4.37 9.42 15.59 2.07 13.68 0.44 6.38 11.8 0.33 6.82 13.87 11.31 8.46 11.64 15.49 
13.85 13.28 8.11 9.76 2.7 4.8 9.39 9.88 4.08 7.98 9.43 3.99 8.76 11.34 4.81 0.88 7.96 7.98 5.43 2.01 7.85 5.21 14.7 12.93 
6.67 8.59 2.95 7.73 9.92 4.63 14.48 14.84 10.89 9.39 2.18 12.31 9.63 13.46 0.61 15.13 2.2 5.82 1.08 14.77 1.79 5.5 12.9 15.48 
2.96 5.21 13.38 11.01 6.49 11.84 9.66 12.42 6.28 6.54 9.62 11.21 3.55 12.12 11.64 6.91 9.33 5.23 9.73 13.43 13.72 7.92 6.68 13.5 
1 1 1 1 1 1 1 1 1 1 1 1 1 1 1 1 1 1 1 1 1 1 1 1 
1 1 1 1 1 1 1 1 1 1 1 1 1 1 1 1 1 1 1 1 1 1 1 1 
1 1 1 1 1 1 1 1 1 1 1 1 1 1 1 1 1 1 1 1 1 1 1 1 
1 1 1 1 1 1 1 1 1 1 1 1 1 1 1 1 1 1 1 1 1 1 1 1 
1 1 1 1 1 1 1 1 1 1 1 1 1 1 1 1 1 1 1 1 1 1 1 1 
1 1 1 1 1 1 1 1 1 1 1 1 1 1 1 1 1 1 1 1 1 1 1 1 
1 1 1 1 1 1 1 1 1 1 1 1 1 1 1 1 1 1 1 1 1 1 1 1 
1 1 1 1 1 1 1 1 1 1 1 1 1 1 1 1 1 1 1 1 1 1 1 1 
1 1 1 1 1 1 1 1 1 1 1 1 1 1 1 1 1 1 1 1 1 1 1 1 
1 1 1 1 1 1 1 1 1 1 1 1 1 1 1 1 1 1 1 1 1 1 1 1 
1 1 1 1 1 1 1 1 1 1 1 1 1 1 1 1 1 1 1 1 1 1 1 1 
1 1 1 1 1 1 1 1 1 1 1 1 1 1 1 1 1 1 1 1 1 1 1 1 
0.01 0.01 0.01 0.01 0.01 0.01 0.01 0.01 0.01 0.01 0.01 0.01 0.01 0.01 0.01 0.01 0.01 0.01 0.01 0.01 0.01 0.01 0.01 0.01 
0.02 0.02 0.02 0.02 0.02 0.02 0.02 0.02 0.02 0.02 0.02 0.02 0.02 0.02 0.02 0.02 0.02 0.02 0.02 0.02 0.02 0.02 0.02 0.02 
0.03 0.03 0.03 0.03 0.03 0.03 0.03 0.03 0.03 0.03 0.03 0.03 0.03 0.03 0.03 0.03 0.03 0.03 0.03 0.03 0.03 0.03 0.03 0.03 
0.04 0.04 0.04 0.04 0.04 0.04 0.04 0.04 0.04 0.04 0.04 0.04 0.04 0.04 0.04 0.04 0.04 0.04 0.04 0.04 0.04 0.04 0.04 0.04 
0.125 0.125 0.125 0.125 0.125 0.125 0.125 0.125 0.125 0.125 0.125 0.125 0.125 0.125 0.125 0.125 0.125 0.125 0.125 0.125 0.125 0.125 0.125 0.125 
0.25 0.25 0.25 0.25 0.25 0.25 0.25 0.25 0.25 0.25 0.25 0.25 0.25 0.25 0.25 0.25 0.25 0.25 0.25 0.25 0.25 0.25 0.25 0.25 
0.375 0.375 0.375 0.375 0.375 0.375 0.375 0.375 0.375 0.375 0.375 0.375 0.375 0.375 0.375 0.375 0.375 0.375 0.375 0.375 0.375 0.375 0.375 0.375 
0.5 0.5 0.5 0.5 0.5 0.5 0.5 0.5 0.5 0.5 0.5 0.5 0.5 0.5 0.5 0.5 0.5 0.5 0.5 0.5 0.5 0.5 0.5 0.5 
0.625 0.625 0.625 0.625 0.625 0.625 0.625 0.625 0.625 0.625 0.625 0.625 0.625 0.625 0.625 0.625 0.625 0.625 0.625 0.625 0.625 0.625 0.625 0.625 
0.75 0.75 0.75 0.75 0.75 0.75 0.75 0.75 0.75 0.75 0.75 0.75 0.75 0.75 0.75 0.75 0.75 0.75 0.75 0.75 0.75 0.75 0.75 0.75 
0.875 0.875 0.875 0.875 0.875 0.875 0.875 0.875 0.875 0.875 0.875 0.875 0.875 0.875 0.875 0.875 0.875 0.875 0.875 0.875 0.875 0.875 0.875 0.875 
1 1 1 1 1 1 1 1 1 1 1 1 1 1 1 1 1 1 1 1 1 1 1 1 
