12 32 6 10
14 3 13 17 3 11 4 3 17 1 4 5 5 11 5 5 10 5 18 15 4 2 6 17 11 6 12 12 16 9 14 6 
5.7 6.57 9.47 0.92 1.24 2.01 14.59 11.73 12.51 9.61 2.51 14.24 10.38 1.4 0.8 13.05 3.02 0.73 15.3 13.38 3.12 4.34 15.12 8.78 3.18 0.01 3.89 4.76 9.12 14.32 4.37 2.72 
4.35 9.68 6.62 0.72 6.27 1.32 7.64 8.13 11.41 6.87 11.65 4.48 10.59 13.84 4.19 9.47 12.81 0.36 5.71 13.94 1.23 7.85 12.46 11.34 13.76 13.62 13.02 1.68 7.03 3.98 15.98 1.41 
15.81 7.44 13.26 4.77 14.91 1.14 5.82 11.14 11.81 4.16 10.73 0.27 7.95 15.34 14.34 7.66 3.66 0.92 6.16 6.17 13.14 4.7 12.05 12.45 9.01 10.95 3.18 12.88 9.06 6.02 11.14 0.65 
15.96 10.42 7.79 4.66 15.72 14.41 13.33 4.11 9.31 1.93 15.75 14.98 4.96 11.06 7.4 0.55 4.66 7.21 3.21 15.6 4.92 4.53 9.95 7.61 12.58 13.05 6.17 7.76 7.91 0.76 9.53 2.91 
2.14 3.11 14.74 3.34 0.63 0.54 14.23 7.48 15.11 8.76 6.28 1.65 9.32 4.9 0.03 9.68 1.47 15.29 12.15 9.82 4.72 4.78 10.61 0 15.77 3.19 12.71 9.16 3.57 9.18 5.39 1.64 
10.59 8.88 3.86 11.49 15.72 10.26 11.58 4.37 0.64 1.21 4.35 10.96 5.87 3.56 1.46 15.74 15.21 10.56 3.53 10.04 11.43 12.82 2.37 13.51 12.02 1.01 0.35 0.96 8.92 8.02 11.06 4.9 
8 8 8 8 8 8 8 8 8 8 8 8 8 8 8 8 8 8 8 8 8 8 8 8 8 8 8 8 8 8 8 8 
12.82 1.41 13.92 5.14 3.14 1.21 2.33 12.53 2.57 3.38 14.46 10.57 12.22 10.95 0.86 8.61 1.45 15.04 6.49 5.38 5.88 11.01 11.18 15.45 12.2 13.82 10.23 12.95 8.01 13.67 0.24 2.85 
1.08 13.51 0.04 4.77 10.58 4.46 2.7 5.1 14.28 3.31 3.25 15.52 5.72 6.99 5.78 5.92 10.69 5.77 4.34 0.91 2 0.08 3.3 13.64 5.12 0.61 14.19 4.82 6.14 8.27 4.98 2.48 
12.04 5.28 3.77 15.7 13.49 11.4 13.81 10.27 15.42 8.72 13.91 1.43 7.56 6.95 11.86 6.29 5.12 15.76 1.85 5.4 7.36 1 9.33 12.43 3.19 14.67 6.28 5.9 0.69 9.88 5.48 12.45 
2.58 10.45 11.88 3.72 0.64 3.13 4.38 7.6 14.48 5.15 5.87 10.07 10.81 12.01 10.51 2.17 10.91 8.77 7.99 2.65 9.67 12.26 4.06 5.59 15.09 7.38 14.33 13.22 14.43 0.68 1.08 12.68 
0.77 15.26 9.49 14.71 15.27 5.47 6.22 2.24 15.44 10.41 15.47 15.91 13.23 9.95 14.42 2.91 13.95 1.06 11.21 14.82 9.64 14.5 1.06 13.57 5.09 6.22 5.99 4.94 10.97 1.45 13.46 2.8 
1 1 1 1 1 1 1 1 1 1 1 1 1 1 1 1 1 1 1 1 1 1 1 1 1 1 1 1 1 1 1 1 
1 1 1 1 1 1 1 1 1 1 1 1 1 1 1 1 1 1 1 1 1 1 1 1 1 1 1 1 1 1 1 1 
1 1 1 1 1 1 1 1 1 1 1 1 1 1 1 1 1 1 1 1 1 1 1 1 1 1 1 1 1 1 1 1 
1 1 1 1 1 1 1 1 1 1 1 1 1 1 1 1 1 1 1 1 1 1 1 1 1 1 1 1 1 1 1 1 
1 1 1 1 1 1 1 1 1 1 1 1 1 1 1 1 1 1 1 1 1 1 1 1 1 1 1 1 1 1 1 1 
1 1 1 1 1 1 1 1 1 1 1 1 1 1 1 1 1 1 1 1 1 1 1 1 1 1 1 1 1 1 1 1 
1 1 1 1 1 1 1 1 1 1 1 1 1 1 1 1 1 1 1 1 1 1 1 1 1 1 1 1 1 1 1 1 
1 1 1 1 1 1 1 1 1 1 1 1 1 1 1 1 1 1 1 1 1 1 1 1 1 1 1 1 1 1 1 1 
1 1 1 1 1 1 1 1 1 1 1 1 1 1 1 1 1 1 1 1 1 1 1 1 1 1 1 1 1 1 1 1 
1 1 1 1 1 1 1 1 1 1 1 1 1 1 1 1 1 1 1 1 1 1 1 1 1 1 1 1 1 1 1 1 
1 1 1 1 1 1 1 1 1 1 1 1 1 1 1 1 1 1 1 1 1 1 1 1 1 1 1 1 1 1 1 1 
1 1 1 1 1 1 1 1 1 1 1 1 1 1 1 1 1 1 1 1 1 1 1 1 1 1 1 1 1 1 1 1 
0.01 0.01 0.01 0.01 0.01 0.01 0.01 0.01 0.01 0.01 0.01 0.01 0.01 0.01 0.01 0.01 0.01 0.01 0.01 0.01 0.01 0.01 0.01 0.01 0.01 0.01 0.01 0.01 0.01 0.01 0.01 0.01 
0.02 0.02 0.02 0.02 0.02 0.02 0.02 0.02 0.02 0.02 0.02 0.02 0.02 0.02 0.02 0.02 0.02 0.02 0.02 0.02 0.02 0.02 0.02 0.02 0.02 0.02 0.02 0.02 0.02 0.02 0.02 0.02 
0.03 0.03 0.03 0.03 0.03 0.03 0.03 0.03 0.03 0.03 0.03 0.03 0.03 0.03 0.03 0.03 0.03 0.03 0.03 0.03 0.03 0.03 0.03 0.03 0.03 0.03 0.03 0.03 0.03 0.03 0.03 0.03 
0.04 0.04 0.04 0.04 0.04 0.04 0.04 0.04 0.04 0.04 0.04 0.04 0.04 0.04 0.04 0.04 0.04 0.04 0.04 0.04 0.04 0.04 0.04 0.04 0.04 0.04 0.04 0.04 0.04 0.04 0.04 0.04 
0.05 0.05 0.05 0.05 0.05 0.05 0.05 0.05 0.05 0.05 0.05 0.05 0.05 0.05 0.05 0.05 0.05 0.05 0.05 0.05 0.05 0.05 0.05 0.05 0.05 0.05 0.05 0.05 0.05 0.05 0.05 0.05 
0.06 0.06 0.06 0.06 0.06 0.06 0.06 0.06 0.06 0.06 0.06 0.06 0.06 0.06 0.06 0.06 0.06 0.06 0.06 0.06 0.06 0.06 0.06 0.06 0.06 0.06 0.06 0.06 0.06 0.06 0.06 0.06 
0.07 0.07 0.07 0.07 0.07 0.07 0.07 0.07 0.07 0.07 0.07 0.07 0.07 0.07 0.07 0.07 0.07 0.07 0.07 0.07 0.07 0.07 0.07 0.07 0.07 0.07 0.07 0.07 0.07 0.07 0.07 0.07 
0.2 0.2 0.2 0.2 0.2 0.2 0.2 0.2 0.2 0.2 0.2 0.2 0.2 0.2 0.2 0.2 0.2 0.2 0.2 0.2 0.2 0.2 0.2 0.2 0.2 0.2 0.2 0.2 0.2 0.2 0.2 0.2 
0.4 0.4 0.4 0.4 0.4 0.4 0.4 0.4 0.4 0.4 0.4 0.4 0.4 0.4 0.4 0.4 0.4 0.4 0.4 0.4 0.4 0.4 0.4 0.4 0.4 0.4 0.4 0.4 0.4 0.4 0.4 0.4 
0.6 0.6 0.6 0.6 0.6 0.6 0.6 0.6 0.6 0.6 0.6 0.6 0.6 0.6 0.6 0.6 0.6 0.6 0.6 0.6 0.6 0.6 0.6 0.6 0.6 0.6 0.6 0.6 0.6 0.6 0.6 0.6 
0.8 0.8 0.8 0.8 0.8 0.8 0.8 0.8 0.8 0.8 0.8 0.8 0.8 0.8 0.8 0.8 0.8 0.8 0.8 0.8 0.8 0.8 0.8 0.8 0.8 0.8 0.8 0.8 0.8 0.8 0.8 0.8 
1 1 1 1 1 1 1 1 1 1 1 1 1 1 1 1 1 1 1 1 1 1 1 1 1 1 1 1 1 1 1 1 
