12 24 6 10
3 15 18 14 16 16 14 12 4 18 2 19 4 6 3 8 1 4 19 6 16 11 14 8 
4.49 12.95 13.64 13.43 10.51 13.74 12.13 2.38 5.73 4.8 9.44 9.41 9.5 7.26 12.79 3.87 4.74 10.69 8.66 1.41 2.47 8.33 9.2 4.17 
1.16 6.82 0.11 9.65 15.82 0.12 4.58 11.53 1.95 8.39 11.86 13.99 13.21 3.22 7.03 14.27 1.6 10.25 11.14 13.13 9.54 3.75 15.15 13.94 
11.32 5.87 12.64 3.84 1.96 4.66 10.6 5.37 3.6 15.71 14.97 7.42 6.58 14.15 10.68 2.68 8.12 4.5 9.8 13.64 0.23 4.18 5.5 15.25 
11.14 8.3 15.68 10.6 6.29 10.78 1.37 7.17 14.05 9.35 3.43 11.41 5.58 2.48 5.67 10.49 7.13 5.86 12.98 11.19 0.41 15.72 9.81 11.09 
7.1 1.34 14.32 0.05 3.65 9.95 2.91 8.33 13.36 15.22 13.44 9.21 2.87 4.01 3.18 2.59 4.05 12.52 14.78 15.65 3.64 5.07 2.3 11.04 
0.12 6.57 14.94 11.05 10.29 6.63 5.75 7.98 4.49 5.36 10.3 1.39 4.77 12.41 3.53 8.22 9.34 14.92 2 13.09 4.69 10.8 1.18 15.34 
8 8 8 8 8 8 8 8 8 8 8 8 8 8 8 8 8 8 8 8 8 8 8 8 
5.06 1.09 4.78 2.7 8.07 8.58 1.14 4.07 11.77 7.95 14.42 11.63 14.42 11.26 10.91 10.15 6.87 8.37 15.02 1.46 10.94 14.7 2.88 5.23 
2.63 9.34 1.68 2.32 13.66 14.99 11.98 0.06 1.73 11.3 1.65 2.85 0.06 7.2 8.19 3.08 5.18 12.87 13.19 5.84 11.41 5.81 14.46 8.6 
11.36 6.8 5.46 4.64 10.29 10.76 4.79 6.65 11.18 15.25 12.47 2.96 5.06 0.93 10.27 15.87 12.58 0.17 13.91 3.5 2.29 13.06 11.97 12.8 
0.46 6.46 4.18 9.88 15.77 3.03 15.91 2.07 11.25 2.27 12.38 1.53 5.43 1.15 14.1 3.93 15.91 9.16 9.85 0.32 1.76 8.34 4.58 12.2 
11.35 0 0.31 5.35 13.05 15.51 5.88 12.75 14.77 1.58 14.23 7.04 6.58 10.87 14.36 4.57 4.43 1.89 11.43 3.57 6.25 14.63 9.36 6.4 
1 1 1 1 1 1 1 1 1 1 1 1 1 1 1 1 1 1 1 1 1 1 1 1 
1 1 1 1 1 1 1 1 1 1 1 1 1 1 1 1 1 1 1 1 1 1 1 1 
1 1 1 1 1 1 1 1 1 1 1 1 1 1 1 1 1 1 1 1 1 1 1 1 
1 1 1 1 1 1 1 1 1 1 1 1 1 1 1 1 1 1 1 1 1 1 1 1 
1 1 1 1 1 1 1 1 1 1 1 1 1 1 1 1 1 1 1 1 1 1 1 1 
1 1 1 1 1 1 1 1 1 1 1 1 1 1 1 1 1 1 1 1 1 1 1 1 
1 1 1 1 1 1 1 1 1 1 1 1 1 1 1 1 1 1 1 1 1 1 1 1 
1 1 1 1 1 1 1 1 1 1 1 1 1 1 1 1 1 1 1 1 1 1 1 1 
1 1 1 1 1 1 1 1 1 1 1 1 1 1 1 1 1 1 1 1 1 1 1 1 
1 1 1 1 1 1 1 1 1 1 1 1 1 1 1 1 1 1 1 1 1 1 1 1 
1 1 1 1 1 1 1 1 1 1 1 1 1 1 1 1 1 1 1 1 1 1 1 1 
1 1 1 1 1 1 1 1 1 1 1 1 1 1 1 1 1 1 1 1 1 1 1 1 
0.01 0.01 0.01 0.01 0.01 0.01 0.01 0.01 0.01 0.01 0.01 0.01 0.01 0.01 0.01 0.01 0.01 0.01 0.01 0.01 0.01 0.01 0.01 0.01 
0.02 0.02 0.02 0.02 0.02 0.02 0.02 0.02 0.02 0.02 0.02 0.02 0.02 0.02 0.02 0.02 0.02 0.02 0.02 0.02 0.02 0.02 0.02 0.02 
0.03 0.03 0.03 0.03 0.03 0.03 0.03 0.03 0.03 0.03 0.03 0.03 0.03 0.03 0.03 0.03 0.03 0.03 0.03 0.03 0.03 0.03 0.03 0.03 
0.04 0.04 0.04 0.04 0.04 0.04 0.04 0.04 0.04 0.04 0.04 0.04 0.04 0.04 0.04 0.04 0.04 0.04 0.04 0.04 0.04 0.04 0.04 0.04 
0.05 0.05 0.05 0.05 0.05 0.05 0.05 0.05 0.05 0.05 0.05 0.05 0.05 0.05 0.05 0.05 0.05 0.05 0.05 0.05 0.05 0.05 0.05 0.05 
0.06 0.06 0.06 0.06 0.06 0.06 0.06 0.06 0.06 0.06 0.06 0.06 0.06 0.06 0.06 0.06 0.06 0.06 0.06 0.06 0.06 0.06 0.06 0.06 
0.07 0.07 0.07 0.07 0.07 0.07 0.07 0.07 0.07 0.07 0.07 0.07 0.07 0.07 0.07 0.07 0.07 0.07 0.07 0.07 0.07 0.07 0.07 0.07 
0.2 0.2 0.2 0.2 0.2 0.2 0.2 0.2 0.2 0.2 0.2 0.2 0.2 0.2 0.2 0.2 0.2 0.2 0.2 0.2 0.2 0.2 0.2 0.2 
0.4 0.4 0.4 0.4 0.4 0.4 0.4 0.4 0.4 0.4 0.4 0.4 0.4 0.4 0.4 0.4 0.4 0.4 0.4 0.4 0.4 0.4 0.4 0.4 
0.6 0.6 0.6 0.6 0.6 0.6 0.6 0.6 0.6 0.6 0.6 0.6 0.6 0.6 0.6 0.6 0.6 0.6 0.6 0.6 0.6 0.6 0.6 0.6 
0.8 0.8 0.8 0.8 0.8 0.8 0.8 0.8 0.8 0.8 0.8 0.8 0.8 0.8 0.8 0.8 0.8 0.8 0.8 0.8 0.8 0.8 0.8 0.8 
1 1 1 1 1 1 1 1 1 1 1 1 1 1 1 1 1 1 1 1 1 1 1 1 
