6 40 2 10
11 9 3 6 8 11 16 2 2 14 18 8 6 10 19 13 11 4 11 15 1 16 9 2 8 13 20 6 2 5 8 11 12 15 11 17 6 7 12 16 
9.41 11.1 3.69 11.17 5.03 1.86 3.18 9.36 0.52 3.2 8.84 15.59 5.31 11.4 10.27 13.25 2.55 2.16 8.25 1.96 4.82 14.98 8.19 1.82 13 12.98 5.31 4.44 9.69 1.27 1.42 0.22 9.13 6.74 0.8 12.66 13.46 4.1 3.25 0.56 
11.74 4.12 15.48 0.84 2.02 5.69 13.82 4.24 6.68 10.63 2.49 12.08 3.3 3.96 11.96 5.79 12.59 0.03 11.81 11.84 5.41 4.68 8.24 2.82 6.39 5.62 10.11 8.08 5.18 2.03 0.37 12.54 14.71 14.45 15.59 12.23 15.66 9.78 7.33 12.18 
8 8 8 8 8 8 8 8 8 8 8 8 8 8 8 8 8 8 8 8 8 8 8 8 8 8 8 8 8 8 8 8 8 8 8 8 8 8 8 8 
2.46 10.78 15.34 5.11 8.12 10.66 12.15 2.08 11.18 8.88 0.59 1.22 11.38 15.03 3.13 13.53 6.3 12.97 10.76 13.28 7.62 0.9 15.28 1.31 1.39 8.23 12.14 11.4 14.07 3.4 11.66 10.85 7.53 4.34 8.6 10.63 8.28 2.35 11.96 11.68 
5.01 5.16 5.94 15.36 6.13 7.71 9.56 6.24 13.89 5.22 14.54 14.83 1.38 11.33 1.36 4.67 6.8 8.13 9.63 10.75 2.42 7.27 10.48 1.62 6.19 12.7 3.92 4.89 8.3 0.43 10.99 0.87 13.87 6.54 9.75 0.7 5.36 13.04 11.61 4 
0.39 8.51 14.42 5.18 9.51 10.73 15.36 14.1 0.03 15.15 10.96 4.31 5.55 5.11 7.59 12.91 11.31 4.42 12.11 8.56 8.24 7.57 7.97 1.61 3.31 15.11 15.72 4.13 6.97 12.09 2.59 6.66 0.61 12.34 2.69 13.63 1.7 11.91 10.5 8.65 
1 1 1 1 1 1 1 1 1 1 1 1 1 1 1 1 1 1 1 1 1 1 1 1 1 1 1 1 1 1 1 1 1 1 1 1 1 1 1 1 
1 1 1 1 1 1 1 1 1 1 1 1 1 1 1 1 1 1 1 1 1 1 1 1 1 1 1 1 1 1 1 1 1 1 1 1 1 1 1 1 
1 1 1 1 1 1 1 1 1 1 1 1 1 1 1 1 1 1 1 1 1 1 1 1 1 1 1 1 1 1 1 1 1 1 1 1 1 1 1 1 
1 1 1 1 1 1 1 1 1 1 1 1 1 1 1 1 1 1 1 1 1 1 1 1 1 1 1 1 1 1 1 1 1 1 1 1 1 1 1 1 
1 1 1 1 1 1 1 1 1 1 1 1 1 1 1 1 1 1 1 1 1 1 1 1 1 1 1 1 1 1 1 1 1 1 1 1 1 1 1 1 
1 1 1 1 1 1 1 1 1 1 1 1 1 1 1 1 1 1 1 1 1 1 1 1 1 1 1 1 1 1 1 1 1 1 1 1 1 1 1 1 
0.01 0.01 0.01 0.01 0.01 0.01 0.01 0.01 0.01 0.01 0.01 0.01 0.01 0.01 0.01 0.01 0.01 0.01 0.01 0.01 0.01 0.01 0.01 0.01 0.01 0.01 0.01 0.01 0.01 0.01 0.01 0.01 0.01 0.01 0.01 0.01 0.01 0.01 0.01 0.01 
0.02 0.02 0.02 0.02 0.02 0.02 0.02 0.02 0.02 0.02 0.02 0.02 0.02 0.02 0.02 0.02 0.02 0.02 0.02 0.02 0.02 0.02 0.02 0.02 0.02 0.02 0.02 0.02 0.02 0.02 0.02 0.02 0.02 0.02 0.02 0.02 0.02 0.02 0.02 0.02 
0.03 0.03 0.03 0.03 0.03 0.03 0.03 0.03 0.03 0.03 0.03 0.03 0.03 0.03 0.03 0.03 0.03 0.03 0.03 0.03 0.03 0.03 0.03 0.03 0.03 0.03 0.03 0.03 0.03 0.03 0.03 0.03 0.03 0.03 0.03 0.03 0.03 0.03 0.03 0.03 
0.333333 0.333333 0.333333 0.333333 0.333333 0.333333 0.333333 0.333333 0.333333 0.333333 0.333333 0.333333 0.333333 0.333333 0.333333 0.333333 0.333333 0.333333 0.333333 0.333333 0.333333 0.333333 0.333333 0.333333 0.333333 0.333333 0.333333 0.333333 0.333333 0.333333 0.333333 0.333333 0.333333 0.333333 0.333333 0.333333 0.333333 0.333333 0.333333 0.333333 
0.666667 0.666667 0.666667 0.666667 0.666667 0.666667 0.666667 0.666667 0.666667 0.666667 0.666667 0.666667 0.666667 0.666667 0.666667 0.666667 0.666667 0.666667 0.666667 0.666667 0.666667 0.666667 0.666667 0.666667 0.666667 0.666667 0.666667 0.666667 0.666667 0.666667 0.666667 0.666667 0.666667 0.666667 0.666667 0.666667 0.666667 0.666667 0.666667 0.666667 
1 1 1 1 1 1 1 1 1 1 1 1 1 1 1 1 1 1 1 1 1 1 1 1 1 1 1 1 1 1 1 1 1 1 1 1 1 1 1 1 
