6 48 2 10
5 16 6 16 14 12 2 5 14 17 13 8 19 5 7 18 8 10 2 2 18 17 8 6 9 19 5 18 12 10 4 4 17 13 3 18 19 5 14 11 10 3 8 20 14 6 2 20 
10.43 8.93 3.13 13.07 8.08 0.72 15.4 2.98 7.63 3.06 7.31 11.44 6.32 2.46 14.18 14.82 5.88 8.38 6.18 1.75 9.84 9.03 0.69 2.38 7.45 13.6 5 10.47 14.67 1.43 14.13 5.03 12.35 6.97 11.49 15.13 4.06 9.51 6.53 0.45 14.78 5.87 14.42 13.67 3.18 6.26 8.85 8.07 
10.04 6.11 13.46 7.53 7.52 13.2 5.37 15.26 5.74 12.26 7.33 14.06 1.71 7.2 13.37 13.91 7.03 6.79 12.7 9.16 12.03 1.45 1.77 5.28 0.91 3.82 2.3 13.39 2.18 9 5.31 2.67 1.83 8.6 10.79 7.04 4.47 13.38 10.59 2.95 11.34 12.81 5.75 4.56 0.94 0.92 6.41 11.21 
8 8 8 8 8 8 8 8 8 8 8 8 8 8 8 8 8 8 8 8 8 8 8 8 8 8 8 8 8 8 8 8 8 8 8 8 8 8 8 8 8 8 8 8 8 8 8 8 
7.37 11.42 12.69 12.96 6.23 5.22 4.5 15.38 14.72 1.19 11.84 2.35 7.44 6.58 3.29 3.73 6.41 4.69 1.73 7.1 10.59 13.34 1.56 9.29 13.18 3.18 4.48 4.76 12.1 2.18 2.7 13.59 6.12 2.21 6.44 12.68 2.08 6.32 8.95 10.23 3.33 11.52 15.35 14.56 2.73 9.04 5.26 9.85 
8.54 3.23 13.87 9.18 2.8 3.16 9.62 13.43 1.99 3.9 4.92 0.51 15.66 9.8 11.27 14.99 14.63 1.1 4.4 9.04 1.78 2.44 6.61 8.51 9.35 15.28 10.53 8.3 12.19 9.98 14.91 9.54 4.58 3.84 4.18 11.98 3.12 15.39 14.06 4.46 2.48 14.86 13.35 1.81 11.85 9.41 0.43 13.13 
5.69 0.85 3.16 8.03 12.37 2.48 15.89 2.34 5.98 5.36 0.77 7.71 6.64 5.51 7.78 10.45 0.15 12.66 15.46 0.32 4.87 13.99 15.62 0.99 11.92 9.18 5.98 6.68 11.27 13.37 6.85 9.9 3.6 13.08 7.02 7.18 12.12 13.82 2.67 4.66 14.81 0.9 8.19 9.15 0.42 0.01 4.16 8.42 
1 1 1 1 1 1 1 1 1 1 1 1 1 1 1 1 1 1 1 1 1 1 1 1 1 1 1 1 1 1 1 1 1 1 1 1 1 1 1 1 1 1 1 1 1 1 1 1 
1 1 1 1 1 1 1 1 1 1 1 1 1 1 1 1 1 1 1 1 1 1 1 1 1 1 1 1 1 1 1 1 1 1 1 1 1 1 1 1 1 1 1 1 1 1 1 1 
1 1 1 1 1 1 1 1 1 1 1 1 1 1 1 1 1 1 1 1 1 1 1 1 1 1 1 1 1 1 1 1 1 1 1 1 1 1 1 1 1 1 1 1 1 1 1 1 
1 1 1 1 1 1 1 1 1 1 1 1 1 1 1 1 1 1 1 1 1 1 1 1 1 1 1 1 1 1 1 1 1 1 1 1 1 1 1 1 1 1 1 1 1 1 1 1 
1 1 1 1 1 1 1 1 1 1 1 1 1 1 1 1 1 1 1 1 1 1 1 1 1 1 1 1 1 1 1 1 1 1 1 1 1 1 1 1 1 1 1 1 1 1 1 1 
1 1 1 1 1 1 1 1 1 1 1 1 1 1 1 1 1 1 1 1 1 1 1 1 1 1 1 1 1 1 1 1 1 1 1 1 1 1 1 1 1 1 1 1 1 1 1 1 
0.01 0.01 0.01 0.01 0.01 0.01 0.01 0.01 0.01 0.01 0.01 0.01 0.01 0.01 0.01 0.01 0.01 0.01 0.01 0.01 0.01 0.01 0.01 0.01 0.01 0.01 0.01 0.01 0.01 0.01 0.01 0.01 0.01 0.01 0.01 0.01 0.01 0.01 0.01 0.01 0.01 0.01 0.01 0.01 0.01 0.01 0.01 0.01 
0.02 0.02 0.02 0.02 0.02 0.02 0.02 0.02 0.02 0.02 0.02 0.02 0.02 0.02 0.02 0.02 0.02 0.02 0.02 0.02 0.02 0.02 0.02 0.02 0.02 0.02 0.02 0.02 0.02 0.02 0.02 0.02 0.02 0.02 0.02 0.02 0.02 0.02 0.02 0.02 0.02 0.02 0.02 0.02 0.02 0.02 0.02 0.02 
0.03 0.03 0.03 0.03 0.03 0.03 0.03 0.03 0.03 0.03 0.03 0.03 0.03 0.03 0.03 0.03 0.03 0.03 0.03 0.03 0.03 0.03 0.03 0.03 0.03 0.03 0.03 0.03 0.03 0.03 0.03 0.03 0.03 0.03 0.03 0.03 0.03 0.03 0.03 0.03 0.03 0.03 0.03 0.03 0.03 0.03 0.03 0.03 
0.333333 0.333333 0.333333 0.333333 0.333333 0.333333 0.333333 0.333333 0.333333 0.333333 0.333333 0.333333 0.333333 0.333333 0.333333 0.333333 0.333333 0.333333 0.333333 0.333333 0.333333 0.333333 0.333333 0.333333 0.333333 0.333333 0.333333 0.333333 0.333333 0.333333 0.333333 0.333333 0.333333 0.333333 0.333333 0.333333 0.333333 0.333333 0.333333 0.333333 0.333333 0.333333 0.333333 0.333333 0.333333 0.333333 0.333333 0.333333 
0.666667 0.666667 0.666667 0.666667 0.666667 0.666667 0.666667 0.666667 0.666667 0.666667 0.666667 0.666667 0.666667 0.666667 0.666667 0.666667 0.666667 0.666667 0.666667 0.666667 0.666667 0.666667 0.666667 0.666667 0.666667 0.666667 0.666667 0.666667 0.666667 0.666667 0.666667 0.666667 0.666667 0.666667 0.666667 0.666667 0.666667 0.666667 0.666667 0.666667 0.666667 0.666667 0.666667 0.666667 0.666667 0.666667 0.666667 0.666667 
1 1 1 1 1 1 1 1 1 1 1 1 1 1 1 1 1 1 1 1 1 1 1 1 1 1 1 1 1 1 1 1 1 1 1 1 1 1 1 1 1 1 1 1 1 1 1 1 
