3 16 1 10
6 8 10 2 5 16 5 2 11 17 2 14 10 9 8 8 
11.32 8.26 11.95 7.32 11.06 12.93 11.03 5.06 5.98 13.5 10.69 7.83 5.44 8.64 9.16 13.22 
8 8 8 8 8 8 8 8 8 8 8 8 8 8 8 8 
5.21 8.35 7.12 2.28 0.98 4.84 3.88 12.91 15.55 5.11 3.69 0.34 11.06 7.72 10.41 0.42 
1 1 1 1 1 1 1 1 1 1 1 1 1 1 1 1 
1 1 1 1 1 1 1 1 1 1 1 1 1 1 1 1 
1 1 1 1 1 1 1 1 1 1 1 1 1 1 1 1 
0.01 0.01 0.01 0.01 0.01 0.01 0.01 0.01 0.01 0.01 0.01 0.01 0.01 0.01 0.01 0.01 
0.02 0.02 0.02 0.02 0.02 0.02 0.02 0.02 0.02 0.02 0.02 0.02 0.02 0.02 0.02 0.02 
1 1 1 1 1 1 1 1 1 1 1 1 1 1 1 1 
