6 40 4 10
15 5 13 7 9 5 12 15 4 6 5 10 9 18 1 18 10 20 13 2 17 14 3 13 9 7 18 17 10 9 6 12 3 2 7 13 16 7 9 7 
14.31 10.95 8.9 3.86 8.43 12.07 13.49 10.89 9.9 6.56 13.35 14.28 13.63 1.67 4.14 3.25 8.73 2.93 7.7 8.75 7.85 12.24 13.56 4.8 6.7 12.93 8.17 10.2 11.66 11.32 6.69 6.59 12.59 9.43 13.51 1.19 4.65 14.71 2.61 11.31 
5.85 14.33 15.02 7.99 9.51 0.43 1.86 6.07 0.94 4.28 5.53 9.02 2.5 13.44 1.55 5.12 9.22 10.58 9.27 11.08 3.69 13.25 14.81 1.71 4.01 0.24 5.34 14.6 6.02 2.21 3.96 2.14 7.53 12.49 3.8 1.1 0.88 3.39 14.42 2.8 
8.73 8.32 14.6 11.12 2.11 9.9 2.45 9.15 15.79 2.35 13.7 15.96 13.38 7.66 3.62 13.69 1.71 10.87 2.08 4.39 2.51 14.33 15.62 2.24 3.41 1.12 14.16 8.78 9.05 6.19 9.07 9.03 0.32 14.98 6.96 10.46 12.28 7.64 14.33 4.1 
5.12 3.24 14.48 0.42 3.08 0.33 9.3 10 10.81 9.04 9.39 14.83 9.33 9.86 6.64 12.26 4.18 9.53 9.42 7.32 14.71 9.31 11.76 0.62 11.82 6.36 12.7 1.27 10.77 7.75 3.99 5.25 3.3 13.99 2.95 1.03 4.76 3.34 2.05 9.59 
8 8 8 8 8 8 8 8 8 8 8 8 8 8 8 8 8 8 8 8 8 8 8 8 8 8 8 8 8 8 8 8 8 8 8 8 8 8 8 8 
5.95 6.03 6.52 8.05 12.62 2.83 15.76 13.29 7.59 6.87 12.43 8.5 15.67 14.07 2.15 9.42 14.17 14.63 13.7 1.4 0.56 8.67 14.79 8.49 11.96 14.37 4.75 14.31 3.65 4.48 13.28 2.64 6.91 0.93 8.39 5.74 13.14 3.56 8.8 4 
1 1 1 1 1 1 1 1 1 1 1 1 1 1 1 1 1 1 1 1 1 1 1 1 1 1 1 1 1 1 1 1 1 1 1 1 1 1 1 1 
1 1 1 1 1 1 1 1 1 1 1 1 1 1 1 1 1 1 1 1 1 1 1 1 1 1 1 1 1 1 1 1 1 1 1 1 1 1 1 1 
1 1 1 1 1 1 1 1 1 1 1 1 1 1 1 1 1 1 1 1 1 1 1 1 1 1 1 1 1 1 1 1 1 1 1 1 1 1 1 1 
1 1 1 1 1 1 1 1 1 1 1 1 1 1 1 1 1 1 1 1 1 1 1 1 1 1 1 1 1 1 1 1 1 1 1 1 1 1 1 1 
1 1 1 1 1 1 1 1 1 1 1 1 1 1 1 1 1 1 1 1 1 1 1 1 1 1 1 1 1 1 1 1 1 1 1 1 1 1 1 1 
1 1 1 1 1 1 1 1 1 1 1 1 1 1 1 1 1 1 1 1 1 1 1 1 1 1 1 1 1 1 1 1 1 1 1 1 1 1 1 1 
0.01 0.01 0.01 0.01 0.01 0.01 0.01 0.01 0.01 0.01 0.01 0.01 0.01 0.01 0.01 0.01 0.01 0.01 0.01 0.01 0.01 0.01 0.01 0.01 0.01 0.01 0.01 0.01 0.01 0.01 0.01 0.01 0.01 0.01 0.01 0.01 0.01 0.01 0.01 0.01 
0.02 0.02 0.02 0.02 0.02 0.02 0.02 0.02 0.02 0.02 0.02 0.02 0.02 0.02 0.02 0.02 0.02 0.02 0.02 0.02 0.02 0.02 0.02 0.02 0.02 0.02 0.02 0.02 0.02 0.02 0.02 0.02 0.02 0.02 0.02 0.02 0.02 0.02 0.02 0.02 
0.03 0.03 0.03 0.03 0.03 0.03 0.03 0.03 0.03 0.03 0.03 0.03 0.03 0.03 0.03 0.03 0.03 0.03 0.03 0.03 0.03 0.03 0.03 0.03 0.03 0.03 0.03 0.03 0.03 0.03 0.03 0.03 0.03 0.03 0.03 0.03 0.03 0.03 0.03 0.03 
0.04 0.04 0.04 0.04 0.04 0.04 0.04 0.04 0.04 0.04 0.04 0.04 0.04 0.04 0.04 0.04 0.04 0.04 0.04 0.04 0.04 0.04 0.04 0.04 0.04 0.04 0.04 0.04 0.04 0.04 0.04 0.04 0.04 0.04 0.04 0.04 0.04 0.04 0.04 0.04 
0.05 0.05 0.05 0.05 0.05 0.05 0.05 0.05 0.05 0.05 0.05 0.05 0.05 0.05 0.05 0.05 0.05 0.05 0.05 0.05 0.05 0.05 0.05 0.05 0.05 0.05 0.05 0.05 0.05 0.05 0.05 0.05 0.05 0.05 0.05 0.05 0.05 0.05 0.05 0.05 
1 1 1 1 1 1 1 1 1 1 1 1 1 1 1 1 1 1 1 1 1 1 1 1 1 1 1 1 1 1 1 1 1 1 1 1 1 1 1 1 
