6 16 4 10
19 9 10 17 2 20 3 13 11 7 5 16 3 17 5 14 
5.21 10.21 14.27 12.94 2.5 14.77 12.45 7.48 1.14 0.6 13.28 11.42 2.35 0.83 10.77 9.11 
4.07 9.89 13.33 4.1 11.92 1.68 1.83 15.21 5.86 9.8 11.15 9.26 6.64 0.59 4.26 9.04 
2.09 14.26 3.98 6.81 14.85 5.95 5.76 0.67 6.69 10.43 9.5 12.5 15.47 9.75 15.34 8.29 
15.98 15.28 1.29 3.75 4.46 9.55 13.89 11.96 6.25 4.24 10.55 8.09 0.26 8.86 13.32 3.89 
8 8 8 8 8 8 8 8 8 8 8 8 8 8 8 8 
14.33 6 4.93 3.15 6.79 2.5 13.46 12.38 9.3 8.17 4.67 9.89 1.02 4.2 8.77 2.53 
1 1 1 1 1 1 1 1 1 1 1 1 1 1 1 1 
1 1 1 1 1 1 1 1 1 1 1 1 1 1 1 1 
1 1 1 1 1 1 1 1 1 1 1 1 1 1 1 1 
1 1 1 1 1 1 1 1 1 1 1 1 1 1 1 1 
1 1 1 1 1 1 1 1 1 1 1 1 1 1 1 1 
1 1 1 1 1 1 1 1 1 1 1 1 1 1 1 1 
0.01 0.01 0.01 0.01 0.01 0.01 0.01 0.01 0.01 0.01 0.01 0.01 0.01 0.01 0.01 0.01 
0.02 0.02 0.02 0.02 0.02 0.02 0.02 0.02 0.02 0.02 0.02 0.02 0.02 0.02 0.02 0.02 
0.03 0.03 0.03 0.03 0.03 0.03 0.03 0.03 0.03 0.03 0.03 0.03 0.03 0.03 0.03 0.03 
0.04 0.04 0.04 0.04 0.04 0.04 0.04 0.04 0.04 0.04 0.04 0.04 0.04 0.04 0.04 0.04 
0.05 0.05 0.05 0.05 0.05 0.05 0.05 0.05 0.05 0.05 0.05 0.05 0.05 0.05 0.05 0.05 
1 1 1 1 1 1 1 1 1 1 1 1 1 1 1 1 
