6 24 2 10
1 4 9 14 14 5 9 15 11 13 17 16 11 1 5 2 3 17 15 12 12 17 9 4 
10.06 8.23 4.83 8.61 0.87 3.44 0.59 10.27 4.48 13.26 2.57 9.89 4.31 9.03 10.61 1.26 5.27 11.23 0.95 12.69 11.28 10.36 11.89 8.53 
2.84 13.63 8.07 10.61 5.51 0.4 13.09 4.54 0.59 12.15 11.77 0.31 4.86 0.49 8.28 2.94 14.15 4.61 3.62 9.15 13.26 6.36 3.16 15.69 
8 8 8 8 8 8 8 8 8 8 8 8 8 8 8 8 8 8 8 8 8 8 8 8 
13.46 6.34 0.95 13.81 10.63 2.24 10.12 11.51 13.88 12.43 15.71 6.68 4.48 12.35 6.58 4.65 7.74 3.08 6.44 6.72 8.75 2.73 4.31 1.52 
0.24 4.04 1.9 9.59 8.79 10.91 6.18 4.23 4.06 11.39 7.86 0.62 0.05 12.32 10.54 13.39 15.25 12.83 15.68 6.98 15.15 15.67 10.47 14.49 
5.73 13.09 15.25 11.21 12.56 2.69 13.67 4.38 7.29 6.69 0.46 14.34 9.77 4.44 3.96 6.47 0.93 7.31 3.9 8.82 6.95 5.17 3.36 1.75 
1 1 1 1 1 1 1 1 1 1 1 1 1 1 1 1 1 1 1 1 1 1 1 1 
1 1 1 1 1 1 1 1 1 1 1 1 1 1 1 1 1 1 1 1 1 1 1 1 
1 1 1 1 1 1 1 1 1 1 1 1 1 1 1 1 1 1 1 1 1 1 1 1 
1 1 1 1 1 1 1 1 1 1 1 1 1 1 1 1 1 1 1 1 1 1 1 1 
1 1 1 1 1 1 1 1 1 1 1 1 1 1 1 1 1 1 1 1 1 1 1 1 
1 1 1 1 1 1 1 1 1 1 1 1 1 1 1 1 1 1 1 1 1 1 1 1 
0.01 0.01 0.01 0.01 0.01 0.01 0.01 0.01 0.01 0.01 0.01 0.01 0.01 0.01 0.01 0.01 0.01 0.01 0.01 0.01 0.01 0.01 0.01 0.01 
0.02 0.02 0.02 0.02 0.02 0.02 0.02 0.02 0.02 0.02 0.02 0.02 0.02 0.02 0.02 0.02 0.02 0.02 0.02 0.02 0.02 0.02 0.02 0.02 
0.03 0.03 0.03 0.03 0.03 0.03 0.03 0.03 0.03 0.03 0.03 0.03 0.03 0.03 0.03 0.03 0.03 0.03 0.03 0.03 0.03 0.03 0.03 0.03 
0.333333 0.333333 0.333333 0.333333 0.333333 0.333333 0.333333 0.333333 0.333333 0.333333 0.333333 0.333333 0.333333 0.333333 0.333333 0.333333 0.333333 0.333333 0.333333 0.333333 0.333333 0.333333 0.333333 0.333333 
0.666667 0.666667 0.666667 0.666667 0.666667 0.666667 0.666667 0.666667 0.666667 0.666667 0.666667 0.666667 0.666667 0.666667 0.666667 0.666667 0.666667 0.666667 0.666667 0.666667 0.666667 0.666667 0.666667 0.666667 
1 1 1 1 1 1 1 1 1 1 1 1 1 1 1 1 1 1 1 1 1 1 1 1 
