6 16 2 10
4 20 4 11 6 4 18 3 3 5 18 19 19 12 5 5 
0.43 3.61 3.84 13.36 0.49 13.86 10.18 5.82 8.74 12.82 5.46 1.66 15.42 6.21 15.15 14.11 
10.09 11.5 10.64 5.11 15.78 11.4 9.28 3.13 12.38 0.53 9.06 15.39 6.3 5.47 13.26 6.96 
8 8 8 8 8 8 8 8 8 8 8 8 8 8 8 8 
10.68 10.99 0.11 11.63 1.59 2.87 3.5 14.97 3.23 0.64 3.54 2.36 1.67 11.54 14.92 7.57 
6.23 2.98 7.87 6.63 12.3 15.15 0.44 3.44 1.73 2.09 11.75 3 6.96 13.44 2.87 4.98 
11.98 3.27 5.07 13.94 1.76 14.15 1.49 0.93 7.94 12.6 2.34 4.85 1.85 11.9 9.76 8.34 
1 1 1 1 1 1 1 1 1 1 1 1 1 1 1 1 
1 1 1 1 1 1 1 1 1 1 1 1 1 1 1 1 
1 1 1 1 1 1 1 1 1 1 1 1 1 1 1 1 
1 1 1 1 1 1 1 1 1 1 1 1 1 1 1 1 
1 1 1 1 1 1 1 1 1 1 1 1 1 1 1 1 
1 1 1 1 1 1 1 1 1 1 1 1 1 1 1 1 
0.01 0.01 0.01 0.01 0.01 0.01 0.01 0.01 0.01 0.01 0.01 0.01 0.01 0.01 0.01 0.01 
0.02 0.02 0.02 0.02 0.02 0.02 0.02 0.02 0.02 0.02 0.02 0.02 0.02 0.02 0.02 0.02 
0.03 0.03 0.03 0.03 0.03 0.03 0.03 0.03 0.03 0.03 0.03 0.03 0.03 0.03 0.03 0.03 
0.333333 0.333333 0.333333 0.333333 0.333333 0.333333 0.333333 0.333333 0.333333 0.333333 0.333333 0.333333 0.333333 0.333333 0.333333 0.333333 
0.666667 0.666667 0.666667 0.666667 0.666667 0.666667 0.666667 0.666667 0.666667 0.666667 0.666667 0.666667 0.666667 0.666667 0.666667 0.666667 
1 1 1 1 1 1 1 1 1 1 1 1 1 1 1 1 
