6 40 4 10
1 3 10 8 7 6 4 9 6 11 11 3 1 7 3 18 15 10 20 6 11 15 9 9 15 15 19 9 19 1 13 15 10 7 2 11 8 7 20 17 
8.47 10.61 11.21 9.35 3.88 7.52 0.21 13.14 11.72 0.74 1.65 10.85 8.45 11.37 12.92 0.63 11.5 3.86 15.3 12.7 2.23 3.55 15.94 3.98 14.47 8.85 6.59 4.99 4.61 10.16 7.24 1.1 10.27 8.97 13.17 7.44 7.6 11.36 5.44 2.84 
3.68 14.71 9.64 13.7 14.31 3.53 10.64 0.95 8.43 5.12 13.44 8.78 11.73 14.73 10.36 5.07 2.08 2.84 4.1 8.56 14.74 2.85 11.84 13.48 3.38 7.69 13.59 15.69 2.06 12.71 4.37 8.08 14.74 6.31 2.14 3.39 1.14 0.47 3.6 3.72 
1.81 11 5.85 1.3 7.25 6.4 4.59 11.82 4.47 15 11.26 5.3 15.74 1.34 13.46 15.64 6.1 3.98 10.49 9.5 7.46 0.52 8.23 15.25 10.21 4.41 9.88 12.44 4.55 4.35 11.74 1.98 5.45 12.15 9.39 11.37 1.21 3.77 15.3 9.18 
6.97 5.81 11.5 9.74 7.39 13.96 3.85 13.73 7.27 2.02 4.92 12.32 0.14 12.9 15.48 11.67 5.39 7.87 0.98 0.83 5.16 5.77 8.8 13.35 4.88 11.83 7.27 5.73 4.77 11.21 13.02 10.15 9.52 14.91 10.24 13.66 6.92 3.4 4.27 12.03 
8 8 8 8 8 8 8 8 8 8 8 8 8 8 8 8 8 8 8 8 8 8 8 8 8 8 8 8 8 8 8 8 8 8 8 8 8 8 8 8 
0.01 6.69 14.34 14.35 3.13 13.34 7.72 7.54 8.77 14.85 11.88 14.03 13.27 14.75 14.44 13.05 15.28 0.89 0.3 6.35 7.66 15.1 6.56 3.79 2.96 10.4 2.55 5.47 7.51 11.56 10.35 13.28 15.76 11.57 4.81 12.97 8.02 13.66 2.5 13.65 
1 1 1 1 1 1 1 1 1 1 1 1 1 1 1 1 1 1 1 1 1 1 1 1 1 1 1 1 1 1 1 1 1 1 1 1 1 1 1 1 
1 1 1 1 1 1 1 1 1 1 1 1 1 1 1 1 1 1 1 1 1 1 1 1 1 1 1 1 1 1 1 1 1 1 1 1 1 1 1 1 
1 1 1 1 1 1 1 1 1 1 1 1 1 1 1 1 1 1 1 1 1 1 1 1 1 1 1 1 1 1 1 1 1 1 1 1 1 1 1 1 
1 1 1 1 1 1 1 1 1 1 1 1 1 1 1 1 1 1 1 1 1 1 1 1 1 1 1 1 1 1 1 1 1 1 1 1 1 1 1 1 
1 1 1 1 1 1 1 1 1 1 1 1 1 1 1 1 1 1 1 1 1 1 1 1 1 1 1 1 1 1 1 1 1 1 1 1 1 1 1 1 
1 1 1 1 1 1 1 1 1 1 1 1 1 1 1 1 1 1 1 1 1 1 1 1 1 1 1 1 1 1 1 1 1 1 1 1 1 1 1 1 
0.01 0.01 0.01 0.01 0.01 0.01 0.01 0.01 0.01 0.01 0.01 0.01 0.01 0.01 0.01 0.01 0.01 0.01 0.01 0.01 0.01 0.01 0.01 0.01 0.01 0.01 0.01 0.01 0.01 0.01 0.01 0.01 0.01 0.01 0.01 0.01 0.01 0.01 0.01 0.01 
0.02 0.02 0.02 0.02 0.02 0.02 0.02 0.02 0.02 0.02 0.02 0.02 0.02 0.02 0.02 0.02 0.02 0.02 0.02 0.02 0.02 0.02 0.02 0.02 0.02 0.02 0.02 0.02 0.02 0.02 0.02 0.02 0.02 0.02 0.02 0.02 0.02 0.02 0.02 0.02 
0.03 0.03 0.03 0.03 0.03 0.03 0.03 0.03 0.03 0.03 0.03 0.03 0.03 0.03 0.03 0.03 0.03 0.03 0.03 0.03 0.03 0.03 0.03 0.03 0.03 0.03 0.03 0.03 0.03 0.03 0.03 0.03 0.03 0.03 0.03 0.03 0.03 0.03 0.03 0.03 
0.04 0.04 0.04 0.04 0.04 0.04 0.04 0.04 0.04 0.04 0.04 0.04 0.04 0.04 0.04 0.04 0.04 0.04 0.04 0.04 0.04 0.04 0.04 0.04 0.04 0.04 0.04 0.04 0.04 0.04 0.04 0.04 0.04 0.04 0.04 0.04 0.04 0.04 0.04 0.04 
0.05 0.05 0.05 0.05 0.05 0.05 0.05 0.05 0.05 0.05 0.05 0.05 0.05 0.05 0.05 0.05 0.05 0.05 0.05 0.05 0.05 0.05 0.05 0.05 0.05 0.05 0.05 0.05 0.05 0.05 0.05 0.05 0.05 0.05 0.05 0.05 0.05 0.05 0.05 0.05 
1 1 1 1 1 1 1 1 1 1 1 1 1 1 1 1 1 1 1 1 1 1 1 1 1 1 1 1 1 1 1 1 1 1 1 1 1 1 1 1 
