12 24 6 10
8 3 13 11 2 3 4 18 2 15 14 17 4 18 17 10 3 15 17 7 2 4 10 1 
3.45 4.78 6.65 2.13 3.33 14.78 2.04 15.95 12.61 5.2 8.85 8.42 1.18 10.85 15.56 3.59 2.48 12.51 0.85 0.12 9.5 11.52 11.21 6.52 
12.3 9.9 10.75 14.12 0.41 0.29 2.57 15.76 8.49 0.83 6.89 9.23 13.82 14.19 8.66 2.71 12.03 15.47 10.89 13.25 2.66 15.39 12.23 11.45 
12.89 11.94 1.16 10.08 12.26 9.4 8.83 1.4 10.78 1.78 7.71 4.2 11.71 13.96 8.14 0.67 4.39 4.56 13.48 13.56 5.67 11.98 10.12 2.4 
14.09 14.56 8.47 2.77 3.49 12.21 4.78 15.48 11.41 13.51 13.97 11.84 2.19 10.55 15.5 13.26 13.03 9.8 7.67 1.84 8.14 7.11 11.44 13.42 
6.34 15.71 15.35 2.72 5.08 6.09 14.99 3.02 3.6 8.8 9.42 13.57 10.25 14.81 6.6 9.4 13.32 15.54 3.28 0.84 5.82 1.51 12.3 1.06 
3.67 7.84 13.04 10.48 2.13 15.43 14 10.03 15.94 9.35 1.97 0.51 6.48 15.24 7.62 14.43 3.56 8.23 3 12.95 1.8 1.49 3.06 6.07 
8 8 8 8 8 8 8 8 8 8 8 8 8 8 8 8 8 8 8 8 8 8 8 8 
2.82 5.91 2.82 12.64 9.67 3.8 1.83 6.23 13.61 3.14 8.7 3.02 9.26 9.04 9.29 7.97 15.62 9.94 0.16 3.36 15.34 11.15 11.54 7.02 
1.7 7.78 7.34 5.85 10.45 11.69 9.74 15.9 13.21 9.05 2.91 12.01 12 9.69 14.73 15.95 0.52 15.48 6.8 9.63 3.39 14.49 1.59 11.16 
12.67 1.68 5.55 0.11 10.49 14.1 8.31 6.92 13.43 2.77 0.32 10.18 7.14 14.25 2.8 5.43 3.27 15.57 13.35 6.09 15.63 0.5 5.88 8.4 
1.49 8.71 0.8 11.36 14.86 5.36 3.57 12.03 15.4 5.36 13.33 4.61 2.23 1.84 14.7 6.43 11.47 5.28 7.55 12.76 9.18 7.04 5.83 4.78 
14.54 1.49 10.54 3.73 9.06 4.83 13.27 6.23 0.82 15.85 8.66 4.99 5.85 8.31 7.86 5.68 5.37 3.2 9.8 6.6 14.6 9.38 10.06 12.7 
1 1 1 1 1 1 1 1 1 1 1 1 1 1 1 1 1 1 1 1 1 1 1 1 
1 1 1 1 1 1 1 1 1 1 1 1 1 1 1 1 1 1 1 1 1 1 1 1 
1 1 1 1 1 1 1 1 1 1 1 1 1 1 1 1 1 1 1 1 1 1 1 1 
1 1 1 1 1 1 1 1 1 1 1 1 1 1 1 1 1 1 1 1 1 1 1 1 
1 1 1 1 1 1 1 1 1 1 1 1 1 1 1 1 1 1 1 1 1 1 1 1 
1 1 1 1 1 1 1 1 1 1 1 1 1 1 1 1 1 1 1 1 1 1 1 1 
1 1 1 1 1 1 1 1 1 1 1 1 1 1 1 1 1 1 1 1 1 1 1 1 
1 1 1 1 1 1 1 1 1 1 1 1 1 1 1 1 1 1 1 1 1 1 1 1 
1 1 1 1 1 1 1 1 1 1 1 1 1 1 1 1 1 1 1 1 1 1 1 1 
1 1 1 1 1 1 1 1 1 1 1 1 1 1 1 1 1 1 1 1 1 1 1 1 
1 1 1 1 1 1 1 1 1 1 1 1 1 1 1 1 1 1 1 1 1 1 1 1 
1 1 1 1 1 1 1 1 1 1 1 1 1 1 1 1 1 1 1 1 1 1 1 1 
0.01 0.01 0.01 0.01 0.01 0.01 0.01 0.01 0.01 0.01 0.01 0.01 0.01 0.01 0.01 0.01 0.01 0.01 0.01 0.01 0.01 0.01 0.01 0.01 
0.02 0.02 0.02 0.02 0.02 0.02 0.02 0.02 0.02 0.02 0.02 0.02 0.02 0.02 0.02 0.02 0.02 0.02 0.02 0.02 0.02 0.02 0.02 0.02 
0.03 0.03 0.03 0.03 0.03 0.03 0.03 0.03 0.03 0.03 0.03 0.03 0.03 0.03 0.03 0.03 0.03 0.03 0.03 0.03 0.03 0.03 0.03 0.03 
0.04 0.04 0.04 0.04 0.04 0.04 0.04 0.04 0.04 0.04 0.04 0.04 0.04 0.04 0.04 0.04 0.04 0.04 0.04 0.04 0.04 0.04 0.04 0.04 
0.05 0.05 0.05 0.05 0.05 0.05 0.05 0.05 0.05 0.05 0.05 0.05 0.05 0.05 0.05 0.05 0.05 0.05 0.05 0.05 0.05 0.05 0.05 0.05 
0.06 0.06 0.06 0.06 0.06 0.06 0.06 0.06 0.06 0.06 0.06 0.06 0.06 0.06 0.06 0.06 0.06 0.06 0.06 0.06 0.06 0.06 0.06 0.06 
0.07 0.07 0.07 0.07 0.07 0.07 0.07 0.07 0.07 0.07 0.07 0.07 0.07 0.07 0.07 0.07 0.07 0.07 0.07 0.07 0.07 0.07 0.07 0.07 
0.2 0.2 0.2 0.2 0.2 0.2 0.2 0.2 0.2 0.2 0.2 0.2 0.2 0.2 0.2 0.2 0.2 0.2 0.2 0.2 0.2 0.2 0.2 0.2 
0.4 0.4 0.4 0.4 0.4 0.4 0.4 0.4 0.4 0.4 0.4 0.4 0.4 0.4 0.4 0.4 0.4 0.4 0.4 0.4 0.4 0.4 0.4 0.4 
0.6 0.6 0.6 0.6 0.6 0.6 0.6 0.6 0.6 0.6 0.6 0.6 0.6 0.6 0.6 0.6 0.6 0.6 0.6 0.6 0.6 0.6 0.6 0.6 
0.8 0.8 0.8 0.8 0.8 0.8 0.8 0.8 0.8 0.8 0.8 0.8 0.8 0.8 0.8 0.8 0.8 0.8 0.8 0.8 0.8 0.8 0.8 0.8 
1 1 1 1 1 1 1 1 1 1 1 1 1 1 1 1 1 1 1 1 1 1 1 1 
