12 32 9 10
2 14 10 15 20 1 4 11 4 6 18 16 19 3 20 17 7 19 2 13 12 7 19 5 10 12 19 3 18 1 4 17 
14.98 5.28 5.6 13.2 10.59 5.21 12.54 7.9 6.06 1.22 7.13 7.33 15.15 4.71 9.29 9.05 8.71 3.44 12.32 4.97 10.61 2.71 7.59 10.71 9.53 11.89 0.63 13.54 0.96 7.99 3.33 3.61 
7.26 2.98 10.45 0.66 5.17 14.08 7.78 4.59 12.58 13.14 2.4 10.72 0.01 9.68 10.96 3.12 6.16 9.46 5.1 9.37 7.98 3.59 11.82 13.5 5.86 14.28 3.37 7.77 9.04 7.09 8.93 1.69 
11.27 2.44 4.99 9.4 14.01 1.2 15.96 0 14.05 9.97 4.11 13.71 5.46 4.29 12.8 2.13 7.47 15.25 8.73 3.16 7.78 1.3 10.44 14.97 6.35 15.97 12.3 13.04 15.87 12.39 9.34 2.66 
0.92 9.23 4.23 8.59 11.29 11.88 1.07 1.01 6.36 7.6 11.27 8.93 4.34 1.99 6.26 7.47 3.02 15.66 7.3 11.16 14.26 15.6 2.98 14.44 11.76 15.65 1.9 9.9 5.91 11.58 4.36 10 
10.02 4.55 8.24 12.71 11.73 3.18 7.1 3.24 2.97 7.53 8.85 15.07 14.59 1.68 12.73 13.61 4.98 6.3 14.14 12.46 15.43 7.81 8.68 5.53 5.37 0.5 12.44 7.31 9.75 7.97 7.09 15.9 
6.56 8.9 2.06 3.82 12.18 9.33 4.8 5.67 10.97 5.02 9.55 12.06 13.21 0.33 0.09 12.06 11.09 3.36 1.84 0.25 5.63 3.25 13.65 8.52 12.8 5.08 11.67 8.84 3.22 10.2 5.82 3.74 
2.16 5.55 12.23 10.17 0.11 6.66 15.44 15.54 4.89 4.61 4.83 7.48 6.69 7.34 2.88 1.18 5.39 13.34 4.71 8.87 11.72 13.13 1.01 3.72 0.34 6.79 0.67 2.31 11.58 8.86 15.24 3.99 
14.55 7.99 10.05 4.74 11.15 5.08 14.18 12.61 2.74 3.11 0.58 12.79 4.16 4.52 6.69 3.54 9.91 1.18 1.98 5.73 0.72 11.54 4.27 2.99 11.39 5.3 4.24 10.29 3.52 6.05 15.96 9.29 
5.57 11.3 2.83 6.65 0.3 10.55 6.25 14.36 7.1 11.89 14.87 5.87 7.74 15.16 5.44 6.7 2.99 6.75 13.25 8.25 5.42 3.92 2.57 0.49 11.11 13.83 2.29 0.82 11.04 11.08 2.25 0.17 
8 8 8 8 8 8 8 8 8 8 8 8 8 8 8 8 8 8 8 8 8 8 8 8 8 8 8 8 8 8 8 8 
15.42 1.77 5.29 3.13 5.13 7.25 4.95 11.36 9.93 5.57 1.5 6.89 1.79 3.89 2.7 1.58 15.75 0.5 15.15 14.68 14.41 10.19 3.91 10.22 8.2 13.5 13.67 8.28 2.55 10.18 8.84 4.81 
0.45 14.81 7.19 0.34 11.58 15.59 11.84 5.6 2.27 8.54 14.77 3.59 11.2 14 4.89 9.57 15.2 1.94 9.67 9.9 0.12 12.43 11.27 4.21 1.5 11.95 14.3 4.46 0.73 6.76 15.22 9.58 
1 1 1 1 1 1 1 1 1 1 1 1 1 1 1 1 1 1 1 1 1 1 1 1 1 1 1 1 1 1 1 1 
1 1 1 1 1 1 1 1 1 1 1 1 1 1 1 1 1 1 1 1 1 1 1 1 1 1 1 1 1 1 1 1 
1 1 1 1 1 1 1 1 1 1 1 1 1 1 1 1 1 1 1 1 1 1 1 1 1 1 1 1 1 1 1 1 
1 1 1 1 1 1 1 1 1 1 1 1 1 1 1 1 1 1 1 1 1 1 1 1 1 1 1 1 1 1 1 1 
1 1 1 1 1 1 1 1 1 1 1 1 1 1 1 1 1 1 1 1 1 1 1 1 1 1 1 1 1 1 1 1 
1 1 1 1 1 1 1 1 1 1 1 1 1 1 1 1 1 1 1 1 1 1 1 1 1 1 1 1 1 1 1 1 
1 1 1 1 1 1 1 1 1 1 1 1 1 1 1 1 1 1 1 1 1 1 1 1 1 1 1 1 1 1 1 1 
1 1 1 1 1 1 1 1 1 1 1 1 1 1 1 1 1 1 1 1 1 1 1 1 1 1 1 1 1 1 1 1 
1 1 1 1 1 1 1 1 1 1 1 1 1 1 1 1 1 1 1 1 1 1 1 1 1 1 1 1 1 1 1 1 
1 1 1 1 1 1 1 1 1 1 1 1 1 1 1 1 1 1 1 1 1 1 1 1 1 1 1 1 1 1 1 1 
1 1 1 1 1 1 1 1 1 1 1 1 1 1 1 1 1 1 1 1 1 1 1 1 1 1 1 1 1 1 1 1 
1 1 1 1 1 1 1 1 1 1 1 1 1 1 1 1 1 1 1 1 1 1 1 1 1 1 1 1 1 1 1 1 
0.01 0.01 0.01 0.01 0.01 0.01 0.01 0.01 0.01 0.01 0.01 0.01 0.01 0.01 0.01 0.01 0.01 0.01 0.01 0.01 0.01 0.01 0.01 0.01 0.01 0.01 0.01 0.01 0.01 0.01 0.01 0.01 
0.02 0.02 0.02 0.02 0.02 0.02 0.02 0.02 0.02 0.02 0.02 0.02 0.02 0.02 0.02 0.02 0.02 0.02 0.02 0.02 0.02 0.02 0.02 0.02 0.02 0.02 0.02 0.02 0.02 0.02 0.02 0.02 
0.03 0.03 0.03 0.03 0.03 0.03 0.03 0.03 0.03 0.03 0.03 0.03 0.03 0.03 0.03 0.03 0.03 0.03 0.03 0.03 0.03 0.03 0.03 0.03 0.03 0.03 0.03 0.03 0.03 0.03 0.03 0.03 
0.04 0.04 0.04 0.04 0.04 0.04 0.04 0.04 0.04 0.04 0.04 0.04 0.04 0.04 0.04 0.04 0.04 0.04 0.04 0.04 0.04 0.04 0.04 0.04 0.04 0.04 0.04 0.04 0.04 0.04 0.04 0.04 
0.05 0.05 0.05 0.05 0.05 0.05 0.05 0.05 0.05 0.05 0.05 0.05 0.05 0.05 0.05 0.05 0.05 0.05 0.05 0.05 0.05 0.05 0.05 0.05 0.05 0.05 0.05 0.05 0.05 0.05 0.05 0.05 
0.06 0.06 0.06 0.06 0.06 0.06 0.06 0.06 0.06 0.06 0.06 0.06 0.06 0.06 0.06 0.06 0.06 0.06 0.06 0.06 0.06 0.06 0.06 0.06 0.06 0.06 0.06 0.06 0.06 0.06 0.06 0.06 
0.07 0.07 0.07 0.07 0.07 0.07 0.07 0.07 0.07 0.07 0.07 0.07 0.07 0.07 0.07 0.07 0.07 0.07 0.07 0.07 0.07 0.07 0.07 0.07 0.07 0.07 0.07 0.07 0.07 0.07 0.07 0.07 
0.08 0.08 0.08 0.08 0.08 0.08 0.08 0.08 0.08 0.08 0.08 0.08 0.08 0.08 0.08 0.08 0.08 0.08 0.08 0.08 0.08 0.08 0.08 0.08 0.08 0.08 0.08 0.08 0.08 0.08 0.08 0.08 
0.09 0.09 0.09 0.09 0.09 0.09 0.09 0.09 0.09 0.09 0.09 0.09 0.09 0.09 0.09 0.09 0.09 0.09 0.09 0.09 0.09 0.09 0.09 0.09 0.09 0.09 0.09 0.09 0.09 0.09 0.09 0.09 
0.1 0.1 0.1 0.1 0.1 0.1 0.1 0.1 0.1 0.1 0.1 0.1 0.1 0.1 0.1 0.1 0.1 0.1 0.1 0.1 0.1 0.1 0.1 0.1 0.1 0.1 0.1 0.1 0.1 0.1 0.1 0.1 
0.5 0.5 0.5 0.5 0.5 0.5 0.5 0.5 0.5 0.5 0.5 0.5 0.5 0.5 0.5 0.5 0.5 0.5 0.5 0.5 0.5 0.5 0.5 0.5 0.5 0.5 0.5 0.5 0.5 0.5 0.5 0.5 
1 1 1 1 1 1 1 1 1 1 1 1 1 1 1 1 1 1 1 1 1 1 1 1 1 1 1 1 1 1 1 1 
