6 48 4 10
14 7 9 10 13 18 3 2 20 5 11 20 18 17 3 1 14 17 9 4 1 19 4 7 8 15 1 16 10 2 14 4 6 10 1 16 5 1 14 12 13 16 15 1 12 10 5 8 
15.24 15.62 0.23 3.59 4.89 14.5 12.63 0.44 14.77 12.98 7.98 6.45 10.91 7.21 5.64 10.64 3.25 5.33 11.23 5.74 13.67 9.9 4.45 4.26 4.18 11.86 8.15 11.28 0.99 13.78 10.36 9.61 1.45 3.01 2.18 9.09 15.39 6.27 1.03 14.93 15.34 4.81 0.27 12.77 15.64 6.41 14.18 1.56 
15.41 3.86 13.21 7.26 3.56 11.89 1.61 11.53 10.7 14.56 6.24 5.18 15.06 11.99 14.68 4.13 14.24 4.67 6.78 0.49 13.33 9.16 15.33 10.05 12.32 4.02 0.44 1.84 2.85 14.18 11.04 3.25 2.22 10.5 4.46 12.81 6.78 11.96 10.34 10.68 13.39 2.71 3.59 0.43 6.12 1.11 4.52 7.35 
13.79 8.84 2.39 14.45 12.43 3.64 3.55 2.69 0.15 3.07 10.71 0.23 4.22 6.46 6.1 13.04 15.53 7.5 2.19 12.37 10.75 13.87 7.63 1.44 8.73 9.5 14.56 11.68 2.88 6.86 9.8 12.59 1.02 12.94 8.71 12.67 6.52 1.3 15.4 8.9 15.74 15.43 3.94 13.68 4.33 14.97 6.39 11.16 
9.15 3.03 5.55 3.96 7.38 1.59 9.14 4.89 10.97 12.92 3.87 5.25 1.65 15.55 2.84 14.34 9.9 6.39 3.37 14.65 3.41 1.48 9.2 6.64 7.4 4.05 10.33 5.04 14.22 12.64 11.88 15.87 0.35 1.8 14.29 1.82 2.64 2.45 11.63 8.17 2.22 4.73 12.91 6.45 0.14 13.55 1.58 6.95 
8 8 8 8 8 8 8 8 8 8 8 8 8 8 8 8 8 8 8 8 8 8 8 8 8 8 8 8 8 8 8 8 8 8 8 8 8 8 8 8 8 8 8 8 8 8 8 8 
9.39 7.99 5.12 6.1 4.75 15.05 8.66 14.52 8.81 0.82 3.57 4.56 5.54 13.7 0.7 1.21 1.66 5 14.06 1.2 8.69 0.34 15.93 12.8 10.05 12.61 15.67 14.09 0.35 5.17 11.7 11.54 10.21 6.73 8.2 14.08 3.27 0.19 2.44 12.2 14.57 8.15 8.8 1.19 8.62 10.76 1.88 12.44 
1 1 1 1 1 1 1 1 1 1 1 1 1 1 1 1 1 1 1 1 1 1 1 1 1 1 1 1 1 1 1 1 1 1 1 1 1 1 1 1 1 1 1 1 1 1 1 1 
1 1 1 1 1 1 1 1 1 1 1 1 1 1 1 1 1 1 1 1 1 1 1 1 1 1 1 1 1 1 1 1 1 1 1 1 1 1 1 1 1 1 1 1 1 1 1 1 
1 1 1 1 1 1 1 1 1 1 1 1 1 1 1 1 1 1 1 1 1 1 1 1 1 1 1 1 1 1 1 1 1 1 1 1 1 1 1 1 1 1 1 1 1 1 1 1 
1 1 1 1 1 1 1 1 1 1 1 1 1 1 1 1 1 1 1 1 1 1 1 1 1 1 1 1 1 1 1 1 1 1 1 1 1 1 1 1 1 1 1 1 1 1 1 1 
1 1 1 1 1 1 1 1 1 1 1 1 1 1 1 1 1 1 1 1 1 1 1 1 1 1 1 1 1 1 1 1 1 1 1 1 1 1 1 1 1 1 1 1 1 1 1 1 
1 1 1 1 1 1 1 1 1 1 1 1 1 1 1 1 1 1 1 1 1 1 1 1 1 1 1 1 1 1 1 1 1 1 1 1 1 1 1 1 1 1 1 1 1 1 1 1 
0.01 0.01 0.01 0.01 0.01 0.01 0.01 0.01 0.01 0.01 0.01 0.01 0.01 0.01 0.01 0.01 0.01 0.01 0.01 0.01 0.01 0.01 0.01 0.01 0.01 0.01 0.01 0.01 0.01 0.01 0.01 0.01 0.01 0.01 0.01 0.01 0.01 0.01 0.01 0.01 0.01 0.01 0.01 0.01 0.01 0.01 0.01 0.01 
0.02 0.02 0.02 0.02 0.02 0.02 0.02 0.02 0.02 0.02 0.02 0.02 0.02 0.02 0.02 0.02 0.02 0.02 0.02 0.02 0.02 0.02 0.02 0.02 0.02 0.02 0.02 0.02 0.02 0.02 0.02 0.02 0.02 0.02 0.02 0.02 0.02 0.02 0.02 0.02 0.02 0.02 0.02 0.02 0.02 0.02 0.02 0.02 
0.03 0.03 0.03 0.03 0.03 0.03 0.03 0.03 0.03 0.03 0.03 0.03 0.03 0.03 0.03 0.03 0.03 0.03 0.03 0.03 0.03 0.03 0.03 0.03 0.03 0.03 0.03 0.03 0.03 0.03 0.03 0.03 0.03 0.03 0.03 0.03 0.03 0.03 0.03 0.03 0.03 0.03 0.03 0.03 0.03 0.03 0.03 0.03 
0.04 0.04 0.04 0.04 0.04 0.04 0.04 0.04 0.04 0.04 0.04 0.04 0.04 0.04 0.04 0.04 0.04 0.04 0.04 0.04 0.04 0.04 0.04 0.04 0.04 0.04 0.04 0.04 0.04 0.04 0.04 0.04 0.04 0.04 0.04 0.04 0.04 0.04 0.04 0.04 0.04 0.04 0.04 0.04 0.04 0.04 0.04 0.04 
0.05 0.05 0.05 0.05 0.05 0.05 0.05 0.05 0.05 0.05 0.05 0.05 0.05 0.05 0.05 0.05 0.05 0.05 0.05 0.05 0.05 0.05 0.05 0.05 0.05 0.05 0.05 0.05 0.05 0.05 0.05 0.05 0.05 0.05 0.05 0.05 0.05 0.05 0.05 0.05 0.05 0.05 0.05 0.05 0.05 0.05 0.05 0.05 
1 1 1 1 1 1 1 1 1 1 1 1 1 1 1 1 1 1 1 1 1 1 1 1 1 1 1 1 1 1 1 1 1 1 1 1 1 1 1 1 1 1 1 1 1 1 1 1 
