12 16 3 10
16 4 2 19 12 7 7 13 3 13 19 14 11 13 4 12 
0.97 10.08 0.71 0.74 12.6 13.35 0.04 6.83 1.95 3.52 10.78 14.69 11.47 10.08 2.01 3.68 
6.52 3.65 7.81 5.35 9.31 13.39 5.02 13.22 4.12 15.32 6.59 7.18 4.72 2.97 4.56 14.38 
3.05 2.14 12.84 0.5 14.05 7.64 1.04 15.16 12.26 14.96 2.77 7.24 15.31 5.47 5.51 3.39 
8 8 8 8 8 8 8 8 8 8 8 8 8 8 8 8 
1.49 1.02 7.42 5.3 7.36 14.37 12.78 12.96 2.58 5.73 6.43 0.86 9.34 7.66 14.03 15.44 
12.58 13.63 14.66 5.65 14.58 9.06 10.64 15.76 9.17 13.93 15.38 15.67 8.91 14.39 14.8 8.86 
10.61 13.21 15.92 6.47 3.07 8.39 3.68 7.36 1.75 5.9 15.27 8.29 11.72 14.53 8.04 14.84 
10.22 2.24 0.29 1.39 13.48 2.32 6.43 2.32 5.31 12.89 9.5 13.28 0.59 5.21 9.95 7.33 
9.21 8.21 1.16 7.61 11.09 10.45 6.02 12.31 13.09 2.37 1.52 6.45 0.5 9.15 15.87 2.79 
14.92 10.97 6.58 9.32 14.32 13.04 8.6 8 2.97 13.92 10.53 6.71 0.46 4.68 4.02 15.4 
4.08 6.81 15.84 13.03 7.4 1.46 10.92 1.85 10.84 8.41 3.33 4.32 11.84 10.2 12.49 8.76 
14.71 14.6 11.62 8.61 6.15 4.4 0.94 11.26 5.34 6.15 14.42 4.47 11.45 5.87 2.16 11.51 
1 1 1 1 1 1 1 1 1 1 1 1 1 1 1 1 
1 1 1 1 1 1 1 1 1 1 1 1 1 1 1 1 
1 1 1 1 1 1 1 1 1 1 1 1 1 1 1 1 
1 1 1 1 1 1 1 1 1 1 1 1 1 1 1 1 
1 1 1 1 1 1 1 1 1 1 1 1 1 1 1 1 
1 1 1 1 1 1 1 1 1 1 1 1 1 1 1 1 
1 1 1 1 1 1 1 1 1 1 1 1 1 1 1 1 
1 1 1 1 1 1 1 1 1 1 1 1 1 1 1 1 
1 1 1 1 1 1 1 1 1 1 1 1 1 1 1 1 
1 1 1 1 1 1 1 1 1 1 1 1 1 1 1 1 
1 1 1 1 1 1 1 1 1 1 1 1 1 1 1 1 
1 1 1 1 1 1 1 1 1 1 1 1 1 1 1 1 
0.01 0.01 0.01 0.01 0.01 0.01 0.01 0.01 0.01 0.01 0.01 0.01 0.01 0.01 0.01 0.01 
0.02 0.02 0.02 0.02 0.02 0.02 0.02 0.02 0.02 0.02 0.02 0.02 0.02 0.02 0.02 0.02 
0.03 0.03 0.03 0.03 0.03 0.03 0.03 0.03 0.03 0.03 0.03 0.03 0.03 0.03 0.03 0.03 
0.04 0.04 0.04 0.04 0.04 0.04 0.04 0.04 0.04 0.04 0.04 0.04 0.04 0.04 0.04 0.04 
0.125 0.125 0.125 0.125 0.125 0.125 0.125 0.125 0.125 0.125 0.125 0.125 0.125 0.125 0.125 0.125 
0.25 0.25 0.25 0.25 0.25 0.25 0.25 0.25 0.25 0.25 0.25 0.25 0.25 0.25 0.25 0.25 
0.375 0.375 0.375 0.375 0.375 0.375 0.375 0.375 0.375 0.375 0.375 0.375 0.375 0.375 0.375 0.375 
0.5 0.5 0.5 0.5 0.5 0.5 0.5 0.5 0.5 0.5 0.5 0.5 0.5 0.5 0.5 0.5 
0.625 0.625 0.625 0.625 0.625 0.625 0.625 0.625 0.625 0.625 0.625 0.625 0.625 0.625 0.625 0.625 
0.75 0.75 0.75 0.75 0.75 0.75 0.75 0.75 0.75 0.75 0.75 0.75 0.75 0.75 0.75 0.75 
0.875 0.875 0.875 0.875 0.875 0.875 0.875 0.875 0.875 0.875 0.875 0.875 0.875 0.875 0.875 0.875 
1 1 1 1 1 1 1 1 1 1 1 1 1 1 1 1 
