12 40 3 10
12 17 14 15 3 13 4 20 8 2 10 14 18 17 14 18 9 16 9 8 11 18 20 2 18 4 16 17 18 3 10 9 5 6 10 18 17 6 18 12 
2.6 15.14 4.44 1.34 1.44 15.94 7.66 15.94 1.8 14.49 0.83 4.94 11.52 15.71 3.34 3.37 4.34 12.9 9.69 0.6 9.63 13.33 10.4 3.96 8.02 3.25 15.06 9.17 2.33 2.59 15.31 2.37 7.48 11.48 8.69 12.05 1.88 5.05 6.85 11.25 
11.19 15.94 15.22 4.53 10.49 9.76 9.66 13.19 4.55 9.03 5.48 5.02 6.29 9 15.37 14.34 7.9 14.27 2.08 15.74 10.59 7.66 10.24 5.74 11.68 10.56 2.41 11.41 14.57 11.23 3.59 1.19 13.89 0.32 9.82 5.58 11.67 15.52 12.88 0.03 
0.19 5.35 3.06 2.65 14.06 13.45 4.05 9.37 11.95 14.82 13.03 13.24 4.44 3.14 4.16 8.76 4.29 0.42 8.86 15.11 9.12 12.69 1.62 2.65 2.15 2.94 12.31 14.83 5.62 5.64 0.85 8.95 15.1 11.43 3.99 8.16 0.48 8.58 9.42 8.91 
8 8 8 8 8 8 8 8 8 8 8 8 8 8 8 8 8 8 8 8 8 8 8 8 8 8 8 8 8 8 8 8 8 8 8 8 8 8 8 8 
6.65 7.96 12.52 10.11 9.17 9.8 8.18 15.24 15.94 5.32 6.12 5.72 13.44 9.13 2.5 1.24 1.15 9.72 12.16 14.38 13.5 2.7 1.9 5.53 2.73 0.39 2.63 8.96 13.95 12.09 3.16 13.13 13.11 2.69 5.8 6.65 12.84 8.8 5 9.09 
11.57 7.3 1.47 6.39 3.39 13.5 3.47 4.69 5.49 14.81 6.86 12.98 9.27 10.58 1.72 14.61 12.62 13.4 2.11 0.66 4.64 10.73 13.9 9.72 7.11 13.43 3.67 15.79 14.24 6.87 8.3 15.19 0.46 9.56 8.08 11.33 7.31 6.87 3.36 0.84 
9.05 12.94 2.49 5.25 1.85 1.52 13.98 12.38 10.81 12.07 10.83 0.22 7.44 8.9 3.5 6.38 15.85 1.73 4.83 2.43 9.71 3.27 1.09 4.82 14.39 2.02 12.05 15.01 3.2 9.56 11.49 7.76 9.62 14.51 8.93 8.1 8.1 2.19 12.51 2.3 
4.41 10.46 0.34 3.86 5.2 3.92 11.52 5.2 12.26 0.67 1.26 6.12 3.05 13.02 1.2 14.09 14.03 6.55 15 6.46 14.2 8.66 13.12 14.96 7.21 12.31 1.63 0.4 9.69 13.67 7.3 8.7 13.55 7.51 3.42 8.47 11.47 7.94 1.97 7.23 
10.86 7.77 3.4 5.7 13.67 9 5.48 4.27 3.44 7.55 8.74 12.8 9.5 5.07 8.63 1.16 11.56 14.99 15.96 2.44 15.08 4.1 0.67 10.13 12.23 15.97 0.89 12.62 15.32 13.78 13.97 8.91 11.38 11.89 7.83 15.41 14.72 10.96 15.7 15.78 
11.65 4.71 9.68 5.59 4.84 4.88 8.01 3.32 15.98 9.37 9.28 5.66 12.3 4.53 14.1 0.73 7.82 2.78 2.21 7.38 11.68 6.86 15.39 6.91 8.88 2.75 3.24 11.14 5.74 6.85 1.68 2.41 14.82 2.48 7.26 1.71 4.49 2.28 7.32 6.38 
5.27 13.64 12.56 8.06 11.13 0.45 14.92 12.96 4.14 2.75 8.97 7.15 14.09 1.71 12.53 11.86 11.95 13.99 1.89 6.73 6.04 7.59 4.93 2.85 15.13 15.86 9.61 3.56 4.12 7.41 3.07 3.77 0.92 7.08 0.25 3.64 10.53 11.55 5.79 13.63 
5.86 10.23 5.93 14.78 12.98 15.66 3.45 1.79 11.45 2.94 15.69 8.84 11.42 7.52 4.79 7.86 7.27 10.07 2.96 12.9 12.23 12.46 6.46 12.78 14.22 7.98 9.16 1.56 5.64 13.55 2.7 1.06 0.83 5.06 15.64 4.77 0.29 9.1 11.01 8.06 
1 1 1 1 1 1 1 1 1 1 1 1 1 1 1 1 1 1 1 1 1 1 1 1 1 1 1 1 1 1 1 1 1 1 1 1 1 1 1 1 
1 1 1 1 1 1 1 1 1 1 1 1 1 1 1 1 1 1 1 1 1 1 1 1 1 1 1 1 1 1 1 1 1 1 1 1 1 1 1 1 
1 1 1 1 1 1 1 1 1 1 1 1 1 1 1 1 1 1 1 1 1 1 1 1 1 1 1 1 1 1 1 1 1 1 1 1 1 1 1 1 
1 1 1 1 1 1 1 1 1 1 1 1 1 1 1 1 1 1 1 1 1 1 1 1 1 1 1 1 1 1 1 1 1 1 1 1 1 1 1 1 
1 1 1 1 1 1 1 1 1 1 1 1 1 1 1 1 1 1 1 1 1 1 1 1 1 1 1 1 1 1 1 1 1 1 1 1 1 1 1 1 
1 1 1 1 1 1 1 1 1 1 1 1 1 1 1 1 1 1 1 1 1 1 1 1 1 1 1 1 1 1 1 1 1 1 1 1 1 1 1 1 
1 1 1 1 1 1 1 1 1 1 1 1 1 1 1 1 1 1 1 1 1 1 1 1 1 1 1 1 1 1 1 1 1 1 1 1 1 1 1 1 
1 1 1 1 1 1 1 1 1 1 1 1 1 1 1 1 1 1 1 1 1 1 1 1 1 1 1 1 1 1 1 1 1 1 1 1 1 1 1 1 
1 1 1 1 1 1 1 1 1 1 1 1 1 1 1 1 1 1 1 1 1 1 1 1 1 1 1 1 1 1 1 1 1 1 1 1 1 1 1 1 
1 1 1 1 1 1 1 1 1 1 1 1 1 1 1 1 1 1 1 1 1 1 1 1 1 1 1 1 1 1 1 1 1 1 1 1 1 1 1 1 
1 1 1 1 1 1 1 1 1 1 1 1 1 1 1 1 1 1 1 1 1 1 1 1 1 1 1 1 1 1 1 1 1 1 1 1 1 1 1 1 
1 1 1 1 1 1 1 1 1 1 1 1 1 1 1 1 1 1 1 1 1 1 1 1 1 1 1 1 1 1 1 1 1 1 1 1 1 1 1 1 
0.01 0.01 0.01 0.01 0.01 0.01 0.01 0.01 0.01 0.01 0.01 0.01 0.01 0.01 0.01 0.01 0.01 0.01 0.01 0.01 0.01 0.01 0.01 0.01 0.01 0.01 0.01 0.01 0.01 0.01 0.01 0.01 0.01 0.01 0.01 0.01 0.01 0.01 0.01 0.01 
0.02 0.02 0.02 0.02 0.02 0.02 0.02 0.02 0.02 0.02 0.02 0.02 0.02 0.02 0.02 0.02 0.02 0.02 0.02 0.02 0.02 0.02 0.02 0.02 0.02 0.02 0.02 0.02 0.02 0.02 0.02 0.02 0.02 0.02 0.02 0.02 0.02 0.02 0.02 0.02 
0.03 0.03 0.03 0.03 0.03 0.03 0.03 0.03 0.03 0.03 0.03 0.03 0.03 0.03 0.03 0.03 0.03 0.03 0.03 0.03 0.03 0.03 0.03 0.03 0.03 0.03 0.03 0.03 0.03 0.03 0.03 0.03 0.03 0.03 0.03 0.03 0.03 0.03 0.03 0.03 
0.04 0.04 0.04 0.04 0.04 0.04 0.04 0.04 0.04 0.04 0.04 0.04 0.04 0.04 0.04 0.04 0.04 0.04 0.04 0.04 0.04 0.04 0.04 0.04 0.04 0.04 0.04 0.04 0.04 0.04 0.04 0.04 0.04 0.04 0.04 0.04 0.04 0.04 0.04 0.04 
0.125 0.125 0.125 0.125 0.125 0.125 0.125 0.125 0.125 0.125 0.125 0.125 0.125 0.125 0.125 0.125 0.125 0.125 0.125 0.125 0.125 0.125 0.125 0.125 0.125 0.125 0.125 0.125 0.125 0.125 0.125 0.125 0.125 0.125 0.125 0.125 0.125 0.125 0.125 0.125 
0.25 0.25 0.25 0.25 0.25 0.25 0.25 0.25 0.25 0.25 0.25 0.25 0.25 0.25 0.25 0.25 0.25 0.25 0.25 0.25 0.25 0.25 0.25 0.25 0.25 0.25 0.25 0.25 0.25 0.25 0.25 0.25 0.25 0.25 0.25 0.25 0.25 0.25 0.25 0.25 
0.375 0.375 0.375 0.375 0.375 0.375 0.375 0.375 0.375 0.375 0.375 0.375 0.375 0.375 0.375 0.375 0.375 0.375 0.375 0.375 0.375 0.375 0.375 0.375 0.375 0.375 0.375 0.375 0.375 0.375 0.375 0.375 0.375 0.375 0.375 0.375 0.375 0.375 0.375 0.375 
0.5 0.5 0.5 0.5 0.5 0.5 0.5 0.5 0.5 0.5 0.5 0.5 0.5 0.5 0.5 0.5 0.5 0.5 0.5 0.5 0.5 0.5 0.5 0.5 0.5 0.5 0.5 0.5 0.5 0.5 0.5 0.5 0.5 0.5 0.5 0.5 0.5 0.5 0.5 0.5 
0.625 0.625 0.625 0.625 0.625 0.625 0.625 0.625 0.625 0.625 0.625 0.625 0.625 0.625 0.625 0.625 0.625 0.625 0.625 0.625 0.625 0.625 0.625 0.625 0.625 0.625 0.625 0.625 0.625 0.625 0.625 0.625 0.625 0.625 0.625 0.625 0.625 0.625 0.625 0.625 
0.75 0.75 0.75 0.75 0.75 0.75 0.75 0.75 0.75 0.75 0.75 0.75 0.75 0.75 0.75 0.75 0.75 0.75 0.75 0.75 0.75 0.75 0.75 0.75 0.75 0.75 0.75 0.75 0.75 0.75 0.75 0.75 0.75 0.75 0.75 0.75 0.75 0.75 0.75 0.75 
0.875 0.875 0.875 0.875 0.875 0.875 0.875 0.875 0.875 0.875 0.875 0.875 0.875 0.875 0.875 0.875 0.875 0.875 0.875 0.875 0.875 0.875 0.875 0.875 0.875 0.875 0.875 0.875 0.875 0.875 0.875 0.875 0.875 0.875 0.875 0.875 0.875 0.875 0.875 0.875 
1 1 1 1 1 1 1 1 1 1 1 1 1 1 1 1 1 1 1 1 1 1 1 1 1 1 1 1 1 1 1 1 1 1 1 1 1 1 1 1 
