6 48 2 10
1 18 16 11 18 8 19 16 14 9 10 12 11 19 9 13 15 1 5 11 8 14 16 4 20 20 3 7 16 8 12 1 4 12 9 3 19 20 9 5 3 5 9 15 9 11 17 20 
5.48 2.25 5.83 11.16 12.55 12.82 4.08 15.81 15.83 3.34 7.5 1.28 5.45 5.87 1.03 7.87 8.55 15.07 13.11 1.58 12.67 14.93 1.4 15.17 2.88 6.5 0.39 8.17 3.3 1.01 1.12 15.8 15.26 2.31 7.8 9.92 4.15 12.76 15.16 6.88 5.22 14.24 3.51 6.71 3.07 14.89 14.4 0.51 
9.14 15.11 3.29 7.03 11.38 6.17 13.09 12.48 3.7 8.28 10.08 6.18 12.5 5.38 7.18 5.99 1.72 6.96 14.25 5.94 11.46 0.34 9.17 0.8 10.48 1.52 8.8 6.9 4.54 13.77 6.65 4.66 5.78 7.54 5.08 12.93 1.59 12.59 4.4 4.07 7.36 1.38 15.26 12.73 11.47 13.59 9.25 1.89 
8 8 8 8 8 8 8 8 8 8 8 8 8 8 8 8 8 8 8 8 8 8 8 8 8 8 8 8 8 8 8 8 8 8 8 8 8 8 8 8 8 8 8 8 8 8 8 8 
5.22 7.96 8.23 9.18 13.4 0.1 11.28 8.36 15.81 3.22 14.62 4.89 9.61 0.32 12.57 2.04 11.76 7.58 14.35 2.54 10.51 10.67 9.61 14.63 7.72 10.3 4.73 0.8 2.86 7.45 11.05 14.81 12.05 6.23 12.31 9.47 0.32 10.82 14.86 13.57 12.52 1.18 12.52 14.67 1.46 14.23 12.55 11.21 
0.89 1.36 0.95 15.13 12.9 11.76 14.25 2.19 14.11 5.49 11.73 11.27 0.17 7.84 10.07 3.7 7.33 3.52 0.61 5.46 1.32 6.54 8.49 10.93 3.59 2.72 14.65 13.21 8.78 8.96 1.82 6.52 5.41 2.09 7.99 11.12 1.97 11.34 4.34 12.31 5.87 11.97 4.32 6.15 10.61 12.61 9.44 14.33 
4.08 10.42 1.09 0.27 4.7 6.17 5.51 15.57 0.55 2.85 3.3 8.2 3 11.68 2.92 1.6 10.48 14.08 8.74 11.32 2.91 0.48 3.02 0.71 5.09 11.74 0.18 3.97 4.84 6.61 10.51 13.6 8.64 9.91 9.62 14.61 13.86 8.78 12.13 2.27 4.59 14.45 14.31 6.04 14.62 13.44 9.43 13.95 
1 1 1 1 1 1 1 1 1 1 1 1 1 1 1 1 1 1 1 1 1 1 1 1 1 1 1 1 1 1 1 1 1 1 1 1 1 1 1 1 1 1 1 1 1 1 1 1 
1 1 1 1 1 1 1 1 1 1 1 1 1 1 1 1 1 1 1 1 1 1 1 1 1 1 1 1 1 1 1 1 1 1 1 1 1 1 1 1 1 1 1 1 1 1 1 1 
1 1 1 1 1 1 1 1 1 1 1 1 1 1 1 1 1 1 1 1 1 1 1 1 1 1 1 1 1 1 1 1 1 1 1 1 1 1 1 1 1 1 1 1 1 1 1 1 
1 1 1 1 1 1 1 1 1 1 1 1 1 1 1 1 1 1 1 1 1 1 1 1 1 1 1 1 1 1 1 1 1 1 1 1 1 1 1 1 1 1 1 1 1 1 1 1 
1 1 1 1 1 1 1 1 1 1 1 1 1 1 1 1 1 1 1 1 1 1 1 1 1 1 1 1 1 1 1 1 1 1 1 1 1 1 1 1 1 1 1 1 1 1 1 1 
1 1 1 1 1 1 1 1 1 1 1 1 1 1 1 1 1 1 1 1 1 1 1 1 1 1 1 1 1 1 1 1 1 1 1 1 1 1 1 1 1 1 1 1 1 1 1 1 
0.01 0.01 0.01 0.01 0.01 0.01 0.01 0.01 0.01 0.01 0.01 0.01 0.01 0.01 0.01 0.01 0.01 0.01 0.01 0.01 0.01 0.01 0.01 0.01 0.01 0.01 0.01 0.01 0.01 0.01 0.01 0.01 0.01 0.01 0.01 0.01 0.01 0.01 0.01 0.01 0.01 0.01 0.01 0.01 0.01 0.01 0.01 0.01 
0.02 0.02 0.02 0.02 0.02 0.02 0.02 0.02 0.02 0.02 0.02 0.02 0.02 0.02 0.02 0.02 0.02 0.02 0.02 0.02 0.02 0.02 0.02 0.02 0.02 0.02 0.02 0.02 0.02 0.02 0.02 0.02 0.02 0.02 0.02 0.02 0.02 0.02 0.02 0.02 0.02 0.02 0.02 0.02 0.02 0.02 0.02 0.02 
0.03 0.03 0.03 0.03 0.03 0.03 0.03 0.03 0.03 0.03 0.03 0.03 0.03 0.03 0.03 0.03 0.03 0.03 0.03 0.03 0.03 0.03 0.03 0.03 0.03 0.03 0.03 0.03 0.03 0.03 0.03 0.03 0.03 0.03 0.03 0.03 0.03 0.03 0.03 0.03 0.03 0.03 0.03 0.03 0.03 0.03 0.03 0.03 
0.333333 0.333333 0.333333 0.333333 0.333333 0.333333 0.333333 0.333333 0.333333 0.333333 0.333333 0.333333 0.333333 0.333333 0.333333 0.333333 0.333333 0.333333 0.333333 0.333333 0.333333 0.333333 0.333333 0.333333 0.333333 0.333333 0.333333 0.333333 0.333333 0.333333 0.333333 0.333333 0.333333 0.333333 0.333333 0.333333 0.333333 0.333333 0.333333 0.333333 0.333333 0.333333 0.333333 0.333333 0.333333 0.333333 0.333333 0.333333 
0.666667 0.666667 0.666667 0.666667 0.666667 0.666667 0.666667 0.666667 0.666667 0.666667 0.666667 0.666667 0.666667 0.666667 0.666667 0.666667 0.666667 0.666667 0.666667 0.666667 0.666667 0.666667 0.666667 0.666667 0.666667 0.666667 0.666667 0.666667 0.666667 0.666667 0.666667 0.666667 0.666667 0.666667 0.666667 0.666667 0.666667 0.666667 0.666667 0.666667 0.666667 0.666667 0.666667 0.666667 0.666667 0.666667 0.666667 0.666667 
1 1 1 1 1 1 1 1 1 1 1 1 1 1 1 1 1 1 1 1 1 1 1 1 1 1 1 1 1 1 1 1 1 1 1 1 1 1 1 1 1 1 1 1 1 1 1 1 
