3 24 1 10
12 1 14 7 13 4 6 17 18 9 5 5 17 19 10 6 3 20 17 3 2 17 16 16 
9.6 10.02 14.03 7.37 12.85 6.4 6.43 15.44 2.16 10.22 4.26 14.61 0.02 8.69 10.45 6.66 1.37 3.45 2.87 7.32 3.92 15.13 6.5 8.36 
8 8 8 8 8 8 8 8 8 8 8 8 8 8 8 8 8 8 8 8 8 8 8 8 
10.99 9.69 7.11 10.76 8.06 12.53 1.49 12.52 5.41 6.99 3.31 8.43 11.83 7.21 0.28 13.35 9.87 14.99 11.17 9.03 8.07 3.35 0.71 1.36 
1 1 1 1 1 1 1 1 1 1 1 1 1 1 1 1 1 1 1 1 1 1 1 1 
1 1 1 1 1 1 1 1 1 1 1 1 1 1 1 1 1 1 1 1 1 1 1 1 
1 1 1 1 1 1 1 1 1 1 1 1 1 1 1 1 1 1 1 1 1 1 1 1 
0.01 0.01 0.01 0.01 0.01 0.01 0.01 0.01 0.01 0.01 0.01 0.01 0.01 0.01 0.01 0.01 0.01 0.01 0.01 0.01 0.01 0.01 0.01 0.01 
0.02 0.02 0.02 0.02 0.02 0.02 0.02 0.02 0.02 0.02 0.02 0.02 0.02 0.02 0.02 0.02 0.02 0.02 0.02 0.02 0.02 0.02 0.02 0.02 
1 1 1 1 1 1 1 1 1 1 1 1 1 1 1 1 1 1 1 1 1 1 1 1 
