3 48 1 10
17 9 2 2 11 8 17 2 10 7 18 8 3 17 7 15 18 19 17 3 11 14 7 2 3 1 17 10 5 10 15 14 9 8 13 3 4 10 12 1 17 10 9 9 11 10 5 10 
14.77 1.32 12.11 11.87 2.52 12.02 15.56 15.36 14.4 6.66 10.02 9.44 14.65 10.03 14.1 11.05 12.4 3.82 13.79 2.85 0.83 12.25 3.41 9.79 11.51 7.24 12.73 10.57 2.58 12.91 7.42 2.86 5.31 7.19 14.07 15.61 6.77 8.63 11.57 3.28 10.75 9.24 5.04 15.8 15.86 5.27 13.26 7.56 
8 8 8 8 8 8 8 8 8 8 8 8 8 8 8 8 8 8 8 8 8 8 8 8 8 8 8 8 8 8 8 8 8 8 8 8 8 8 8 8 8 8 8 8 8 8 8 8 
4.47 3.29 6.24 11.91 2.67 4.25 14.83 12.5 2.96 0.6 15.71 10.81 5.4 8.87 10.08 8.58 5.54 2.63 11.33 0.35 11.58 6.85 14.71 12.95 7.95 15.24 4.52 14.06 10.98 14.11 0.41 2.06 9.93 11.38 0.64 13.04 14 15.32 13.91 7.92 11.85 9.92 9.28 13.66 0.21 7.37 2.85 11.93 
1 1 1 1 1 1 1 1 1 1 1 1 1 1 1 1 1 1 1 1 1 1 1 1 1 1 1 1 1 1 1 1 1 1 1 1 1 1 1 1 1 1 1 1 1 1 1 1 
1 1 1 1 1 1 1 1 1 1 1 1 1 1 1 1 1 1 1 1 1 1 1 1 1 1 1 1 1 1 1 1 1 1 1 1 1 1 1 1 1 1 1 1 1 1 1 1 
1 1 1 1 1 1 1 1 1 1 1 1 1 1 1 1 1 1 1 1 1 1 1 1 1 1 1 1 1 1 1 1 1 1 1 1 1 1 1 1 1 1 1 1 1 1 1 1 
0.01 0.01 0.01 0.01 0.01 0.01 0.01 0.01 0.01 0.01 0.01 0.01 0.01 0.01 0.01 0.01 0.01 0.01 0.01 0.01 0.01 0.01 0.01 0.01 0.01 0.01 0.01 0.01 0.01 0.01 0.01 0.01 0.01 0.01 0.01 0.01 0.01 0.01 0.01 0.01 0.01 0.01 0.01 0.01 0.01 0.01 0.01 0.01 
0.02 0.02 0.02 0.02 0.02 0.02 0.02 0.02 0.02 0.02 0.02 0.02 0.02 0.02 0.02 0.02 0.02 0.02 0.02 0.02 0.02 0.02 0.02 0.02 0.02 0.02 0.02 0.02 0.02 0.02 0.02 0.02 0.02 0.02 0.02 0.02 0.02 0.02 0.02 0.02 0.02 0.02 0.02 0.02 0.02 0.02 0.02 0.02 
1 1 1 1 1 1 1 1 1 1 1 1 1 1 1 1 1 1 1 1 1 1 1 1 1 1 1 1 1 1 1 1 1 1 1 1 1 1 1 1 1 1 1 1 1 1 1 1 
