12 40 9 10
14 5 5 11 19 20 10 16 19 13 19 7 14 1 13 1 11 20 18 4 1 2 3 17 4 13 13 7 17 19 20 14 17 18 2 16 5 14 6 9 
13.81 9.52 9.66 4.99 13.99 0.91 14.15 6.26 10.85 6.33 9.91 9.87 4.77 15.11 8.56 12.38 3.57 13.83 15.98 11.21 8.08 13.08 6.89 5.03 5.75 0.02 15.57 7.34 14.69 14.15 6.29 11.82 14.21 4.94 2.15 13.31 4.45 10.22 11.08 7.4 
8.29 2.74 13.19 10.46 12.31 1.25 11.22 14.48 4.32 5.65 4.55 7.45 15.19 14.96 15.31 15.83 8.85 6.73 13.93 7.72 5.12 6.32 12.52 5.51 3.96 11.41 8.3 0.82 11.16 15.49 8.64 8.12 8.26 4.47 11.94 1.47 7.81 2.18 13.66 13.85 
13.38 0.68 11.23 7.9 9.91 10.81 1.07 1.74 10.74 3.65 9.85 9.21 2.05 5.21 3.7 14.37 4.2 5.52 9.2 15.54 10.09 14.36 14.62 0.25 14.44 2.45 3.52 13.28 7.63 4.1 9.41 5.37 5.03 9.65 7.96 10.82 10.77 11.05 10.77 4.47 
7.19 2.68 1.56 2.94 8.22 4.55 6.24 2.95 6.91 6.24 8.47 0.54 8.74 2.55 4.15 10.2 8.35 8.71 10.06 7.58 1.63 8.82 15.96 6.55 8.08 11.36 1.28 0.87 1.84 7.14 0.56 3.55 2.48 3.47 6.12 12.75 12.72 0.33 13.19 2.38 
8.75 6.32 12.13 15.42 6.17 7.87 14.21 8.14 16 9.98 2.51 13.34 10.96 1.02 2.38 12.14 2.84 4.52 1.11 3.65 13.06 1.21 3.53 5.61 11.24 5.37 7.69 8.91 2.91 15.81 13.81 0.84 13.15 1.43 9.68 4.49 5.22 15.7 0.81 14.54 
3.31 0.2 11.64 0.21 4.33 6.32 15.79 8.89 13.38 3.01 9.8 2.74 12.66 12.16 15.34 5.51 11.53 0.96 7.35 2.13 7.87 1.53 10.46 0.16 12.23 0.95 9.91 8.13 10.11 12.37 11.28 1.82 0.37 0.13 8.45 5.01 15.72 2.62 0.45 12.05 
6.18 13.67 1.67 4.45 5.31 12.5 13.76 6.96 10.25 4.91 8.88 15.82 10.81 8.88 3.4 10.56 6.9 9.46 7.13 0.36 8.48 8.13 1.28 12.63 15.24 6.25 14.38 15.89 8.21 14.08 15.17 12.35 8.54 4.76 10.97 10.78 1.92 15.58 10.61 2.7 
4.94 0.25 14.66 5.21 1.18 0.47 7.68 6.53 2.1 0.31 3.77 1.31 15.1 15.97 14.77 8.3 5.58 7.36 3.8 3.88 8.25 1.52 10.64 7.91 4.45 2.59 4.32 8.55 3.05 12.3 3.95 0.97 0.35 6.96 5.21 0.12 1.27 7.53 13.99 7.17 
7.6 11.36 15.21 15.41 14.96 13.35 9.99 10.74 5.95 3.55 15.42 6.01 5.4 0.28 6.86 13.61 11.59 7 8.51 3.07 0.96 2.44 1.14 7.37 2.09 9.69 8.8 7.86 13.7 12.26 8.25 9.52 9.95 8.05 6.71 10.23 4.77 14.23 0.49 4.32 
8 8 8 8 8 8 8 8 8 8 8 8 8 8 8 8 8 8 8 8 8 8 8 8 8 8 8 8 8 8 8 8 8 8 8 8 8 8 8 8 
3.36 15.98 8.52 5.71 1.25 2.27 1.99 4.32 7.85 14.2 15.07 11.88 3.68 10.02 1.84 4.31 3.64 11.13 14.31 4.81 4.03 12.03 9.88 10.83 15.25 12.89 13.32 2.56 13.5 14.4 3.64 1.8 9.95 14.58 14.41 9.99 12.24 5.24 4.8 11.63 
11.82 0.07 9.16 3.06 15.27 12.83 8.81 6.88 3.16 5 2.42 8.52 5.47 4.64 11.4 9.52 13.56 8.43 11.1 15.04 4.93 8.71 4.39 4.15 10.82 10.54 3.13 0.35 6.65 10.71 0.67 6.16 12.66 15.67 4.33 2.13 15.49 2.33 6.62 11 
1 1 1 1 1 1 1 1 1 1 1 1 1 1 1 1 1 1 1 1 1 1 1 1 1 1 1 1 1 1 1 1 1 1 1 1 1 1 1 1 
1 1 1 1 1 1 1 1 1 1 1 1 1 1 1 1 1 1 1 1 1 1 1 1 1 1 1 1 1 1 1 1 1 1 1 1 1 1 1 1 
1 1 1 1 1 1 1 1 1 1 1 1 1 1 1 1 1 1 1 1 1 1 1 1 1 1 1 1 1 1 1 1 1 1 1 1 1 1 1 1 
1 1 1 1 1 1 1 1 1 1 1 1 1 1 1 1 1 1 1 1 1 1 1 1 1 1 1 1 1 1 1 1 1 1 1 1 1 1 1 1 
1 1 1 1 1 1 1 1 1 1 1 1 1 1 1 1 1 1 1 1 1 1 1 1 1 1 1 1 1 1 1 1 1 1 1 1 1 1 1 1 
1 1 1 1 1 1 1 1 1 1 1 1 1 1 1 1 1 1 1 1 1 1 1 1 1 1 1 1 1 1 1 1 1 1 1 1 1 1 1 1 
1 1 1 1 1 1 1 1 1 1 1 1 1 1 1 1 1 1 1 1 1 1 1 1 1 1 1 1 1 1 1 1 1 1 1 1 1 1 1 1 
1 1 1 1 1 1 1 1 1 1 1 1 1 1 1 1 1 1 1 1 1 1 1 1 1 1 1 1 1 1 1 1 1 1 1 1 1 1 1 1 
1 1 1 1 1 1 1 1 1 1 1 1 1 1 1 1 1 1 1 1 1 1 1 1 1 1 1 1 1 1 1 1 1 1 1 1 1 1 1 1 
1 1 1 1 1 1 1 1 1 1 1 1 1 1 1 1 1 1 1 1 1 1 1 1 1 1 1 1 1 1 1 1 1 1 1 1 1 1 1 1 
1 1 1 1 1 1 1 1 1 1 1 1 1 1 1 1 1 1 1 1 1 1 1 1 1 1 1 1 1 1 1 1 1 1 1 1 1 1 1 1 
1 1 1 1 1 1 1 1 1 1 1 1 1 1 1 1 1 1 1 1 1 1 1 1 1 1 1 1 1 1 1 1 1 1 1 1 1 1 1 1 
0.01 0.01 0.01 0.01 0.01 0.01 0.01 0.01 0.01 0.01 0.01 0.01 0.01 0.01 0.01 0.01 0.01 0.01 0.01 0.01 0.01 0.01 0.01 0.01 0.01 0.01 0.01 0.01 0.01 0.01 0.01 0.01 0.01 0.01 0.01 0.01 0.01 0.01 0.01 0.01 
0.02 0.02 0.02 0.02 0.02 0.02 0.02 0.02 0.02 0.02 0.02 0.02 0.02 0.02 0.02 0.02 0.02 0.02 0.02 0.02 0.02 0.02 0.02 0.02 0.02 0.02 0.02 0.02 0.02 0.02 0.02 0.02 0.02 0.02 0.02 0.02 0.02 0.02 0.02 0.02 
0.03 0.03 0.03 0.03 0.03 0.03 0.03 0.03 0.03 0.03 0.03 0.03 0.03 0.03 0.03 0.03 0.03 0.03 0.03 0.03 0.03 0.03 0.03 0.03 0.03 0.03 0.03 0.03 0.03 0.03 0.03 0.03 0.03 0.03 0.03 0.03 0.03 0.03 0.03 0.03 
0.04 0.04 0.04 0.04 0.04 0.04 0.04 0.04 0.04 0.04 0.04 0.04 0.04 0.04 0.04 0.04 0.04 0.04 0.04 0.04 0.04 0.04 0.04 0.04 0.04 0.04 0.04 0.04 0.04 0.04 0.04 0.04 0.04 0.04 0.04 0.04 0.04 0.04 0.04 0.04 
0.05 0.05 0.05 0.05 0.05 0.05 0.05 0.05 0.05 0.05 0.05 0.05 0.05 0.05 0.05 0.05 0.05 0.05 0.05 0.05 0.05 0.05 0.05 0.05 0.05 0.05 0.05 0.05 0.05 0.05 0.05 0.05 0.05 0.05 0.05 0.05 0.05 0.05 0.05 0.05 
0.06 0.06 0.06 0.06 0.06 0.06 0.06 0.06 0.06 0.06 0.06 0.06 0.06 0.06 0.06 0.06 0.06 0.06 0.06 0.06 0.06 0.06 0.06 0.06 0.06 0.06 0.06 0.06 0.06 0.06 0.06 0.06 0.06 0.06 0.06 0.06 0.06 0.06 0.06 0.06 
0.07 0.07 0.07 0.07 0.07 0.07 0.07 0.07 0.07 0.07 0.07 0.07 0.07 0.07 0.07 0.07 0.07 0.07 0.07 0.07 0.07 0.07 0.07 0.07 0.07 0.07 0.07 0.07 0.07 0.07 0.07 0.07 0.07 0.07 0.07 0.07 0.07 0.07 0.07 0.07 
0.08 0.08 0.08 0.08 0.08 0.08 0.08 0.08 0.08 0.08 0.08 0.08 0.08 0.08 0.08 0.08 0.08 0.08 0.08 0.08 0.08 0.08 0.08 0.08 0.08 0.08 0.08 0.08 0.08 0.08 0.08 0.08 0.08 0.08 0.08 0.08 0.08 0.08 0.08 0.08 
0.09 0.09 0.09 0.09 0.09 0.09 0.09 0.09 0.09 0.09 0.09 0.09 0.09 0.09 0.09 0.09 0.09 0.09 0.09 0.09 0.09 0.09 0.09 0.09 0.09 0.09 0.09 0.09 0.09 0.09 0.09 0.09 0.09 0.09 0.09 0.09 0.09 0.09 0.09 0.09 
0.1 0.1 0.1 0.1 0.1 0.1 0.1 0.1 0.1 0.1 0.1 0.1 0.1 0.1 0.1 0.1 0.1 0.1 0.1 0.1 0.1 0.1 0.1 0.1 0.1 0.1 0.1 0.1 0.1 0.1 0.1 0.1 0.1 0.1 0.1 0.1 0.1 0.1 0.1 0.1 
0.5 0.5 0.5 0.5 0.5 0.5 0.5 0.5 0.5 0.5 0.5 0.5 0.5 0.5 0.5 0.5 0.5 0.5 0.5 0.5 0.5 0.5 0.5 0.5 0.5 0.5 0.5 0.5 0.5 0.5 0.5 0.5 0.5 0.5 0.5 0.5 0.5 0.5 0.5 0.5 
1 1 1 1 1 1 1 1 1 1 1 1 1 1 1 1 1 1 1 1 1 1 1 1 1 1 1 1 1 1 1 1 1 1 1 1 1 1 1 1 
