12 48 9 10
5 8 9 5 15 11 18 13 7 19 17 13 10 2 6 8 12 10 19 2 11 10 13 19 1 11 19 16 6 3 4 12 19 17 2 10 19 18 12 14 5 10 17 11 3 11 10 18 
7.85 11.18 8.86 8.72 5.48 15.99 3.79 2.31 7.07 13.81 11.7 10.27 4.61 2.12 8.37 5.22 11.17 6.98 8.97 6.1 4.64 0.81 10.06 15.83 3.2 5.45 7.29 9.48 13.15 5.54 8.3 13.69 14.3 9.14 6.67 10.78 8.82 15.53 1.09 11.08 1.19 7.93 4.36 12.95 3.52 0.35 5 3.03 
11.11 11.11 6.99 2.77 2.66 14.21 11.38 4.92 2.09 6.81 2.89 8.79 0.94 12.02 6.02 0.81 6.41 10.91 14.08 12.04 2.63 14.55 2.63 11.25 8.45 1.36 4.71 15.8 11.65 3.12 7.64 14.27 8.09 11.87 13.37 9.54 10.28 3.73 5.2 10.28 5.87 11.1 6.13 8.16 6.06 0.88 11.81 0.71 
8.13 4.76 11.63 8.66 0.43 2.81 10.67 12.57 10.01 4.46 2.99 12.07 6.88 2.79 7.01 15.22 14.77 10.84 5.18 7.13 8.97 6.91 14.52 14.84 11.36 12.09 6.02 3.51 4.17 0.36 2.26 5.77 9.26 12.78 8.51 12.2 12.28 8.07 6.92 12.88 7.48 7.45 15.54 2.72 11.1 12.43 14.61 3.73 
6.58 0.21 3.8 7.15 4.83 5.24 1.29 2.86 9.84 3.57 6.26 10.19 2.3 5.62 2.9 5.67 11.04 12.15 6.78 11.69 8.63 15.3 14.01 5 11.51 7.82 1.56 3.89 1.48 15.4 6.19 7.53 5.05 8.48 12.29 1.43 7.24 13.92 0.67 15.01 7.43 1.64 15.95 1.05 7.13 1.95 5.84 10.99 
15.58 9.04 14.11 1.83 1.65 8.83 10.38 0.7 7.31 12.13 10.24 8.51 2.79 1.05 2.34 2.67 5.04 4.73 2.92 14.87 15.55 12.56 7.28 14.31 15.44 1.51 9.66 13.47 12.71 13.9 2.46 3.22 6.68 13.37 5.33 5.26 10.2 11.06 0.8 14.85 8.44 0.11 11.55 2.18 0.72 13.07 4.77 8.48 
1.02 4.84 5.94 3.39 14.4 10.84 8.01 9.01 12.63 5.55 2.7 15.95 12.45 6.66 15.8 0.86 13.12 6.75 2.23 1 14.39 13.02 15.85 4.12 0.91 7.44 15.84 7.25 7.3 8.17 12.16 6.75 2.86 4.6 15.46 5.89 9.79 8.06 1.35 12.02 0.12 11.47 8.87 0.69 4.33 5.53 5.33 15.95 
0.95 10.24 11.48 11.35 8.15 13.9 15.26 2.55 14.69 9.76 15.04 4.02 7.46 12.77 5.41 9.98 11.03 0.45 12.12 11.1 7.03 8.62 10.56 2.58 12.58 13.91 3.36 1.37 0.35 4.03 10.5 11.11 4.59 9.26 10.77 3.33 1.41 14.09 5.92 7.64 7.05 10.53 6.22 1.04 0.45 4.04 3.66 13.92 
13.2 4.89 4.38 2.49 13.02 13.56 14.74 0.87 14.51 11.6 8.59 6.12 6.24 12.01 13.56 2.04 12.32 1.04 1.52 8.98 5.87 7.06 14.83 13.77 11.74 4.45 10.84 11.46 13.22 2.41 10.15 13.99 3.61 7.94 14.99 3.83 3.42 14.41 7.26 2.05 15.08 15.9 11.34 13.3 11.43 14.06 14.9 13.52 
13.47 8.69 7.13 7.24 5.29 7.88 14.14 3.68 15.62 14.89 12.57 1.22 0.59 15.66 8.71 14.82 2.7 8.24 4.89 5.86 4.77 10.08 12.07 5.69 10.2 0.35 7.65 4.71 10.82 4.38 0.95 11.52 5.4 3.03 9.9 5.74 15.01 10.53 4.19 4.95 6.11 8.86 4.67 12.02 12.67 2.39 6.07 14.47 
8 8 8 8 8 8 8 8 8 8 8 8 8 8 8 8 8 8 8 8 8 8 8 8 8 8 8 8 8 8 8 8 8 8 8 8 8 8 8 8 8 8 8 8 8 8 8 8 
12.58 0.32 6.26 15.67 2.83 0.73 3.78 3.91 7.22 7.74 15.41 0.46 2.03 8.61 10.41 14.53 11.36 2 14.38 15.83 9.59 10.22 4.61 9.51 2.96 4.18 7.85 4.21 3.07 1.63 13.3 8.96 8.79 11.81 10.31 5.93 11.19 3.87 1.72 5.7 15.73 4.82 12.36 12.64 6.45 14.38 10.19 5.56 
8.27 1.16 11.48 7.73 15.74 11.35 4.55 2.59 4.72 7.83 12.56 15.13 13.68 10.34 13.31 2.95 8.88 2.24 12.38 12.07 14.11 1.2 6.01 6.59 9.79 7.93 15.81 6.34 1.72 8.68 15.48 3.02 13.97 10.66 6.14 4.08 15.66 2.88 2.42 13.55 0.93 11.5 5.78 4.32 7.89 15.96 7.05 6.82 
1 1 1 1 1 1 1 1 1 1 1 1 1 1 1 1 1 1 1 1 1 1 1 1 1 1 1 1 1 1 1 1 1 1 1 1 1 1 1 1 1 1 1 1 1 1 1 1 
1 1 1 1 1 1 1 1 1 1 1 1 1 1 1 1 1 1 1 1 1 1 1 1 1 1 1 1 1 1 1 1 1 1 1 1 1 1 1 1 1 1 1 1 1 1 1 1 
1 1 1 1 1 1 1 1 1 1 1 1 1 1 1 1 1 1 1 1 1 1 1 1 1 1 1 1 1 1 1 1 1 1 1 1 1 1 1 1 1 1 1 1 1 1 1 1 
1 1 1 1 1 1 1 1 1 1 1 1 1 1 1 1 1 1 1 1 1 1 1 1 1 1 1 1 1 1 1 1 1 1 1 1 1 1 1 1 1 1 1 1 1 1 1 1 
1 1 1 1 1 1 1 1 1 1 1 1 1 1 1 1 1 1 1 1 1 1 1 1 1 1 1 1 1 1 1 1 1 1 1 1 1 1 1 1 1 1 1 1 1 1 1 1 
1 1 1 1 1 1 1 1 1 1 1 1 1 1 1 1 1 1 1 1 1 1 1 1 1 1 1 1 1 1 1 1 1 1 1 1 1 1 1 1 1 1 1 1 1 1 1 1 
1 1 1 1 1 1 1 1 1 1 1 1 1 1 1 1 1 1 1 1 1 1 1 1 1 1 1 1 1 1 1 1 1 1 1 1 1 1 1 1 1 1 1 1 1 1 1 1 
1 1 1 1 1 1 1 1 1 1 1 1 1 1 1 1 1 1 1 1 1 1 1 1 1 1 1 1 1 1 1 1 1 1 1 1 1 1 1 1 1 1 1 1 1 1 1 1 
1 1 1 1 1 1 1 1 1 1 1 1 1 1 1 1 1 1 1 1 1 1 1 1 1 1 1 1 1 1 1 1 1 1 1 1 1 1 1 1 1 1 1 1 1 1 1 1 
1 1 1 1 1 1 1 1 1 1 1 1 1 1 1 1 1 1 1 1 1 1 1 1 1 1 1 1 1 1 1 1 1 1 1 1 1 1 1 1 1 1 1 1 1 1 1 1 
1 1 1 1 1 1 1 1 1 1 1 1 1 1 1 1 1 1 1 1 1 1 1 1 1 1 1 1 1 1 1 1 1 1 1 1 1 1 1 1 1 1 1 1 1 1 1 1 
1 1 1 1 1 1 1 1 1 1 1 1 1 1 1 1 1 1 1 1 1 1 1 1 1 1 1 1 1 1 1 1 1 1 1 1 1 1 1 1 1 1 1 1 1 1 1 1 
0.01 0.01 0.01 0.01 0.01 0.01 0.01 0.01 0.01 0.01 0.01 0.01 0.01 0.01 0.01 0.01 0.01 0.01 0.01 0.01 0.01 0.01 0.01 0.01 0.01 0.01 0.01 0.01 0.01 0.01 0.01 0.01 0.01 0.01 0.01 0.01 0.01 0.01 0.01 0.01 0.01 0.01 0.01 0.01 0.01 0.01 0.01 0.01 
0.02 0.02 0.02 0.02 0.02 0.02 0.02 0.02 0.02 0.02 0.02 0.02 0.02 0.02 0.02 0.02 0.02 0.02 0.02 0.02 0.02 0.02 0.02 0.02 0.02 0.02 0.02 0.02 0.02 0.02 0.02 0.02 0.02 0.02 0.02 0.02 0.02 0.02 0.02 0.02 0.02 0.02 0.02 0.02 0.02 0.02 0.02 0.02 
0.03 0.03 0.03 0.03 0.03 0.03 0.03 0.03 0.03 0.03 0.03 0.03 0.03 0.03 0.03 0.03 0.03 0.03 0.03 0.03 0.03 0.03 0.03 0.03 0.03 0.03 0.03 0.03 0.03 0.03 0.03 0.03 0.03 0.03 0.03 0.03 0.03 0.03 0.03 0.03 0.03 0.03 0.03 0.03 0.03 0.03 0.03 0.03 
0.04 0.04 0.04 0.04 0.04 0.04 0.04 0.04 0.04 0.04 0.04 0.04 0.04 0.04 0.04 0.04 0.04 0.04 0.04 0.04 0.04 0.04 0.04 0.04 0.04 0.04 0.04 0.04 0.04 0.04 0.04 0.04 0.04 0.04 0.04 0.04 0.04 0.04 0.04 0.04 0.04 0.04 0.04 0.04 0.04 0.04 0.04 0.04 
0.05 0.05 0.05 0.05 0.05 0.05 0.05 0.05 0.05 0.05 0.05 0.05 0.05 0.05 0.05 0.05 0.05 0.05 0.05 0.05 0.05 0.05 0.05 0.05 0.05 0.05 0.05 0.05 0.05 0.05 0.05 0.05 0.05 0.05 0.05 0.05 0.05 0.05 0.05 0.05 0.05 0.05 0.05 0.05 0.05 0.05 0.05 0.05 
0.06 0.06 0.06 0.06 0.06 0.06 0.06 0.06 0.06 0.06 0.06 0.06 0.06 0.06 0.06 0.06 0.06 0.06 0.06 0.06 0.06 0.06 0.06 0.06 0.06 0.06 0.06 0.06 0.06 0.06 0.06 0.06 0.06 0.06 0.06 0.06 0.06 0.06 0.06 0.06 0.06 0.06 0.06 0.06 0.06 0.06 0.06 0.06 
0.07 0.07 0.07 0.07 0.07 0.07 0.07 0.07 0.07 0.07 0.07 0.07 0.07 0.07 0.07 0.07 0.07 0.07 0.07 0.07 0.07 0.07 0.07 0.07 0.07 0.07 0.07 0.07 0.07 0.07 0.07 0.07 0.07 0.07 0.07 0.07 0.07 0.07 0.07 0.07 0.07 0.07 0.07 0.07 0.07 0.07 0.07 0.07 
0.08 0.08 0.08 0.08 0.08 0.08 0.08 0.08 0.08 0.08 0.08 0.08 0.08 0.08 0.08 0.08 0.08 0.08 0.08 0.08 0.08 0.08 0.08 0.08 0.08 0.08 0.08 0.08 0.08 0.08 0.08 0.08 0.08 0.08 0.08 0.08 0.08 0.08 0.08 0.08 0.08 0.08 0.08 0.08 0.08 0.08 0.08 0.08 
0.09 0.09 0.09 0.09 0.09 0.09 0.09 0.09 0.09 0.09 0.09 0.09 0.09 0.09 0.09 0.09 0.09 0.09 0.09 0.09 0.09 0.09 0.09 0.09 0.09 0.09 0.09 0.09 0.09 0.09 0.09 0.09 0.09 0.09 0.09 0.09 0.09 0.09 0.09 0.09 0.09 0.09 0.09 0.09 0.09 0.09 0.09 0.09 
0.1 0.1 0.1 0.1 0.1 0.1 0.1 0.1 0.1 0.1 0.1 0.1 0.1 0.1 0.1 0.1 0.1 0.1 0.1 0.1 0.1 0.1 0.1 0.1 0.1 0.1 0.1 0.1 0.1 0.1 0.1 0.1 0.1 0.1 0.1 0.1 0.1 0.1 0.1 0.1 0.1 0.1 0.1 0.1 0.1 0.1 0.1 0.1 
0.5 0.5 0.5 0.5 0.5 0.5 0.5 0.5 0.5 0.5 0.5 0.5 0.5 0.5 0.5 0.5 0.5 0.5 0.5 0.5 0.5 0.5 0.5 0.5 0.5 0.5 0.5 0.5 0.5 0.5 0.5 0.5 0.5 0.5 0.5 0.5 0.5 0.5 0.5 0.5 0.5 0.5 0.5 0.5 0.5 0.5 0.5 0.5 
1 1 1 1 1 1 1 1 1 1 1 1 1 1 1 1 1 1 1 1 1 1 1 1 1 1 1 1 1 1 1 1 1 1 1 1 1 1 1 1 1 1 1 1 1 1 1 1 
