6 40 2 10
9 2 14 6 8 20 19 10 3 2 10 20 6 16 2 17 6 12 17 7 14 5 10 3 19 13 13 15 4 14 12 5 20 9 13 19 7 1 1 3 
9.23 8.38 7.01 0.75 14.19 12.16 14.92 4.25 2.92 10.3 3.86 15.23 14.75 8.88 10.22 13.77 8.83 13.63 14.91 1.63 9.53 13.49 11.99 4.14 15.74 2.28 11.42 13.45 0.56 4.94 0.46 3.14 15.32 10.24 8.69 10.65 3.81 0.55 1.69 7.53 
2.18 9.57 11.68 10.7 8.76 8.67 1.06 5.72 2.25 7.78 2.6 4.5 11.58 2.51 6.24 10.52 0.78 8.19 2.34 14.22 4.35 8.5 0.61 1.58 14.56 14.17 6.08 14.11 2.87 15.73 10.63 15.39 15.4 4.08 10.12 3.61 14.39 4.32 0.6 6.11 
8 8 8 8 8 8 8 8 8 8 8 8 8 8 8 8 8 8 8 8 8 8 8 8 8 8 8 8 8 8 8 8 8 8 8 8 8 8 8 8 
5.33 2.84 9.71 2.31 10.53 0.56 4.56 12.74 4.7 14.78 4.84 3.1 5.26 10.15 14.67 11.79 6.24 6.43 8.86 1.83 14.33 11.8 13.03 10.02 11.84 2.93 12.13 5.31 2.58 1.82 4.01 12.78 14.19 14.2 14.97 7.35 4.52 14.38 10.86 7.33 
14.95 15.24 3.79 8.85 8.63 0.3 9.84 13.38 7.71 8.59 2.96 14.23 14.12 8.63 9.54 0.69 14.69 5.27 0.49 8.9 11.33 9.15 1.63 1.26 1.17 12.18 4.54 10.18 13.42 7.92 3.65 15.42 15.57 12.73 7.13 14.59 8.92 2.49 15.6 10.48 
9.55 0.14 10.58 5.04 15.55 6.13 14 3.33 3.13 14.56 10.85 4.02 9.01 15.79 13.4 10 1.33 9.08 9.5 7.94 11.96 10.72 7.17 3.37 8.24 7.79 15.06 1.6 1.33 8.49 11.41 7.58 3.88 12.17 13.39 6.91 12.06 13.18 6.12 3.8 
1 1 1 1 1 1 1 1 1 1 1 1 1 1 1 1 1 1 1 1 1 1 1 1 1 1 1 1 1 1 1 1 1 1 1 1 1 1 1 1 
1 1 1 1 1 1 1 1 1 1 1 1 1 1 1 1 1 1 1 1 1 1 1 1 1 1 1 1 1 1 1 1 1 1 1 1 1 1 1 1 
1 1 1 1 1 1 1 1 1 1 1 1 1 1 1 1 1 1 1 1 1 1 1 1 1 1 1 1 1 1 1 1 1 1 1 1 1 1 1 1 
1 1 1 1 1 1 1 1 1 1 1 1 1 1 1 1 1 1 1 1 1 1 1 1 1 1 1 1 1 1 1 1 1 1 1 1 1 1 1 1 
1 1 1 1 1 1 1 1 1 1 1 1 1 1 1 1 1 1 1 1 1 1 1 1 1 1 1 1 1 1 1 1 1 1 1 1 1 1 1 1 
1 1 1 1 1 1 1 1 1 1 1 1 1 1 1 1 1 1 1 1 1 1 1 1 1 1 1 1 1 1 1 1 1 1 1 1 1 1 1 1 
0.01 0.01 0.01 0.01 0.01 0.01 0.01 0.01 0.01 0.01 0.01 0.01 0.01 0.01 0.01 0.01 0.01 0.01 0.01 0.01 0.01 0.01 0.01 0.01 0.01 0.01 0.01 0.01 0.01 0.01 0.01 0.01 0.01 0.01 0.01 0.01 0.01 0.01 0.01 0.01 
0.02 0.02 0.02 0.02 0.02 0.02 0.02 0.02 0.02 0.02 0.02 0.02 0.02 0.02 0.02 0.02 0.02 0.02 0.02 0.02 0.02 0.02 0.02 0.02 0.02 0.02 0.02 0.02 0.02 0.02 0.02 0.02 0.02 0.02 0.02 0.02 0.02 0.02 0.02 0.02 
0.03 0.03 0.03 0.03 0.03 0.03 0.03 0.03 0.03 0.03 0.03 0.03 0.03 0.03 0.03 0.03 0.03 0.03 0.03 0.03 0.03 0.03 0.03 0.03 0.03 0.03 0.03 0.03 0.03 0.03 0.03 0.03 0.03 0.03 0.03 0.03 0.03 0.03 0.03 0.03 
0.333333 0.333333 0.333333 0.333333 0.333333 0.333333 0.333333 0.333333 0.333333 0.333333 0.333333 0.333333 0.333333 0.333333 0.333333 0.333333 0.333333 0.333333 0.333333 0.333333 0.333333 0.333333 0.333333 0.333333 0.333333 0.333333 0.333333 0.333333 0.333333 0.333333 0.333333 0.333333 0.333333 0.333333 0.333333 0.333333 0.333333 0.333333 0.333333 0.333333 
0.666667 0.666667 0.666667 0.666667 0.666667 0.666667 0.666667 0.666667 0.666667 0.666667 0.666667 0.666667 0.666667 0.666667 0.666667 0.666667 0.666667 0.666667 0.666667 0.666667 0.666667 0.666667 0.666667 0.666667 0.666667 0.666667 0.666667 0.666667 0.666667 0.666667 0.666667 0.666667 0.666667 0.666667 0.666667 0.666667 0.666667 0.666667 0.666667 0.666667 
1 1 1 1 1 1 1 1 1 1 1 1 1 1 1 1 1 1 1 1 1 1 1 1 1 1 1 1 1 1 1 1 1 1 1 1 1 1 1 1 
