6 48 2 10
1 19 13 13 2 7 18 19 11 2 10 5 6 4 12 1 5 9 9 17 6 11 16 1 13 14 18 2 5 14 12 1 3 1 14 18 4 2 5 12 2 7 16 20 13 4 7 8 
2.95 14.94 15.34 12.32 5.52 12.95 0.04 13.48 12.87 9.68 2.19 4.48 4.25 2.94 3.35 4.04 15.93 5.92 3.41 10.87 0.05 4.99 2.78 8.09 1.36 6.22 8.2 9.2 12.95 15.48 10.25 12.79 10.74 11.08 0.48 7.39 5.77 8.75 1.15 9.25 0.35 6.18 3.71 5.37 1.75 6.94 2.64 4.1 
7.51 4.36 11.62 8.86 3.69 3.13 4.63 7.54 11.5 2.32 8.91 0.1 4.06 15.81 1.91 3.85 2.65 14.7 11.31 12.08 14.69 15.8 6.14 0.27 14.29 15.59 3.77 1.75 14.68 4.99 6.42 2.95 11.6 7.02 7.14 15.6 13.05 11.39 1.5 6.39 3.89 0.71 7.06 15.48 15.3 14.5 6.95 4.1 
8 8 8 8 8 8 8 8 8 8 8 8 8 8 8 8 8 8 8 8 8 8 8 8 8 8 8 8 8 8 8 8 8 8 8 8 8 8 8 8 8 8 8 8 8 8 8 8 
12.41 2.26 2.38 11.92 0.13 4.65 13.23 8.73 2.9 13.09 14.74 15.78 3.5 13.69 13.65 10.45 1.8 4.15 14.58 12.61 15.92 8.01 15.02 6.96 1.55 10.9 15.28 0.59 6.67 3.28 8.34 9.79 9.15 15.97 11.36 8.59 4.8 8.7 4.35 5.98 0.97 5.72 1.89 3.59 12.16 3.89 15.45 10.17 
12.39 13.79 9.6 15.8 4.49 12.01 13.06 8.92 7.08 14.2 5.82 10.48 7.93 0.93 0.29 11.97 5.18 6.47 3.87 7.25 0.34 3.87 9.65 3.37 11.62 3.84 1.78 1.22 10.2 14.61 11.36 2.78 7.43 1.24 9.07 1.43 5.02 2.97 2.85 14.63 10.6 13.91 12.5 1 6.54 1.74 7.05 6.72 
7.64 12.66 15.04 15.9 8.28 8.91 14.93 3.34 10.61 4.44 12.17 3.46 4.88 11.18 13.07 10.95 3.19 14.52 11.5 6.01 14.69 3.11 2.61 10.89 5.26 3.19 10.84 8.6 2.01 1.35 11.14 10.37 2.59 6.49 13.94 15.47 0.44 9.18 3.88 13.16 9.9 0.24 2.77 15.59 9.29 8.55 14.17 11.97 
1 1 1 1 1 1 1 1 1 1 1 1 1 1 1 1 1 1 1 1 1 1 1 1 1 1 1 1 1 1 1 1 1 1 1 1 1 1 1 1 1 1 1 1 1 1 1 1 
1 1 1 1 1 1 1 1 1 1 1 1 1 1 1 1 1 1 1 1 1 1 1 1 1 1 1 1 1 1 1 1 1 1 1 1 1 1 1 1 1 1 1 1 1 1 1 1 
1 1 1 1 1 1 1 1 1 1 1 1 1 1 1 1 1 1 1 1 1 1 1 1 1 1 1 1 1 1 1 1 1 1 1 1 1 1 1 1 1 1 1 1 1 1 1 1 
1 1 1 1 1 1 1 1 1 1 1 1 1 1 1 1 1 1 1 1 1 1 1 1 1 1 1 1 1 1 1 1 1 1 1 1 1 1 1 1 1 1 1 1 1 1 1 1 
1 1 1 1 1 1 1 1 1 1 1 1 1 1 1 1 1 1 1 1 1 1 1 1 1 1 1 1 1 1 1 1 1 1 1 1 1 1 1 1 1 1 1 1 1 1 1 1 
1 1 1 1 1 1 1 1 1 1 1 1 1 1 1 1 1 1 1 1 1 1 1 1 1 1 1 1 1 1 1 1 1 1 1 1 1 1 1 1 1 1 1 1 1 1 1 1 
0.01 0.01 0.01 0.01 0.01 0.01 0.01 0.01 0.01 0.01 0.01 0.01 0.01 0.01 0.01 0.01 0.01 0.01 0.01 0.01 0.01 0.01 0.01 0.01 0.01 0.01 0.01 0.01 0.01 0.01 0.01 0.01 0.01 0.01 0.01 0.01 0.01 0.01 0.01 0.01 0.01 0.01 0.01 0.01 0.01 0.01 0.01 0.01 
0.02 0.02 0.02 0.02 0.02 0.02 0.02 0.02 0.02 0.02 0.02 0.02 0.02 0.02 0.02 0.02 0.02 0.02 0.02 0.02 0.02 0.02 0.02 0.02 0.02 0.02 0.02 0.02 0.02 0.02 0.02 0.02 0.02 0.02 0.02 0.02 0.02 0.02 0.02 0.02 0.02 0.02 0.02 0.02 0.02 0.02 0.02 0.02 
0.03 0.03 0.03 0.03 0.03 0.03 0.03 0.03 0.03 0.03 0.03 0.03 0.03 0.03 0.03 0.03 0.03 0.03 0.03 0.03 0.03 0.03 0.03 0.03 0.03 0.03 0.03 0.03 0.03 0.03 0.03 0.03 0.03 0.03 0.03 0.03 0.03 0.03 0.03 0.03 0.03 0.03 0.03 0.03 0.03 0.03 0.03 0.03 
0.333333 0.333333 0.333333 0.333333 0.333333 0.333333 0.333333 0.333333 0.333333 0.333333 0.333333 0.333333 0.333333 0.333333 0.333333 0.333333 0.333333 0.333333 0.333333 0.333333 0.333333 0.333333 0.333333 0.333333 0.333333 0.333333 0.333333 0.333333 0.333333 0.333333 0.333333 0.333333 0.333333 0.333333 0.333333 0.333333 0.333333 0.333333 0.333333 0.333333 0.333333 0.333333 0.333333 0.333333 0.333333 0.333333 0.333333 0.333333 
0.666667 0.666667 0.666667 0.666667 0.666667 0.666667 0.666667 0.666667 0.666667 0.666667 0.666667 0.666667 0.666667 0.666667 0.666667 0.666667 0.666667 0.666667 0.666667 0.666667 0.666667 0.666667 0.666667 0.666667 0.666667 0.666667 0.666667 0.666667 0.666667 0.666667 0.666667 0.666667 0.666667 0.666667 0.666667 0.666667 0.666667 0.666667 0.666667 0.666667 0.666667 0.666667 0.666667 0.666667 0.666667 0.666667 0.666667 0.666667 
1 1 1 1 1 1 1 1 1 1 1 1 1 1 1 1 1 1 1 1 1 1 1 1 1 1 1 1 1 1 1 1 1 1 1 1 1 1 1 1 1 1 1 1 1 1 1 1 
