6 48 2 10
15 16 6 5 7 4 6 9 16 20 7 4 1 5 7 3 7 12 13 12 16 18 15 12 15 8 20 11 1 1 7 8 9 3 6 18 15 9 8 15 8 15 9 11 14 7 5 7 
11.13 3.38 4.59 9.72 13.94 4.03 10.4 6.36 15.22 11.98 12.1 12.07 11.33 14.15 2.48 5.29 5.22 6.25 1.48 13.37 13.54 10.47 3.68 11.11 11.33 7.81 7.31 12.16 7.95 3.44 2.83 6.8 3.18 13.7 13.42 2.38 8.14 7.59 10.66 6.31 1.93 14.7 15.47 8.54 10.93 12.97 12.32 2.53 
2.22 15.35 9.24 5.08 5.1 15.37 4.94 1.31 3.32 8.08 1.57 14.43 5.57 0.05 9.8 8.09 10.81 7.73 4.16 12.35 8.82 7.35 13.08 8.88 11.32 14.2 7.95 1.35 2.39 1.82 2.53 12.64 10.33 14.59 15.9 9.85 11.48 7.52 10.86 9.6 0.02 11.07 8.83 10.82 12.02 0.11 5.95 2.23 
8 8 8 8 8 8 8 8 8 8 8 8 8 8 8 8 8 8 8 8 8 8 8 8 8 8 8 8 8 8 8 8 8 8 8 8 8 8 8 8 8 8 8 8 8 8 8 8 
13.93 0.14 5.13 3.25 15.91 3.72 4.58 6.02 3.66 6.37 9.22 2.93 3.44 8.78 13.43 11.04 2.77 12.19 3.5 3.79 1.39 15.24 8 13.9 3.75 8.71 3.3 13.35 15.52 15.6 14.84 2.35 7.18 8.16 14.06 1.17 3.93 2.65 1.07 5.29 10.92 9.45 6.25 10.09 1.29 1.84 11.09 8.47 
6.1 13.87 2.47 13.2 6.03 13.68 12.12 1.61 4.12 10.15 3.89 4.32 12.14 4.13 10.9 3.27 14.11 4.91 11.12 11.73 9.46 11.29 2.64 7.35 8.69 10.88 4.65 11.7 7.41 8.05 7.42 13.78 3.4 8.96 2.19 4.6 2.66 14.13 10.05 7.72 6.26 12.02 9.32 1.33 15.7 14.08 2.19 1.29 
12.13 0.55 14.37 11.62 2.99 8.15 6.12 13.58 11.17 8.29 14.96 2.59 11.48 10.66 4.42 10.85 2.47 8.35 15.43 14.11 7.71 9.93 8.87 0.43 1.56 15.6 2.92 0.66 10.02 12.13 9.92 1.41 12.85 1.83 8.69 8.26 9.44 7.51 13.41 5.16 5.22 13.05 12.18 8.21 5.33 7.37 3.78 8.41 
1 1 1 1 1 1 1 1 1 1 1 1 1 1 1 1 1 1 1 1 1 1 1 1 1 1 1 1 1 1 1 1 1 1 1 1 1 1 1 1 1 1 1 1 1 1 1 1 
1 1 1 1 1 1 1 1 1 1 1 1 1 1 1 1 1 1 1 1 1 1 1 1 1 1 1 1 1 1 1 1 1 1 1 1 1 1 1 1 1 1 1 1 1 1 1 1 
1 1 1 1 1 1 1 1 1 1 1 1 1 1 1 1 1 1 1 1 1 1 1 1 1 1 1 1 1 1 1 1 1 1 1 1 1 1 1 1 1 1 1 1 1 1 1 1 
1 1 1 1 1 1 1 1 1 1 1 1 1 1 1 1 1 1 1 1 1 1 1 1 1 1 1 1 1 1 1 1 1 1 1 1 1 1 1 1 1 1 1 1 1 1 1 1 
1 1 1 1 1 1 1 1 1 1 1 1 1 1 1 1 1 1 1 1 1 1 1 1 1 1 1 1 1 1 1 1 1 1 1 1 1 1 1 1 1 1 1 1 1 1 1 1 
1 1 1 1 1 1 1 1 1 1 1 1 1 1 1 1 1 1 1 1 1 1 1 1 1 1 1 1 1 1 1 1 1 1 1 1 1 1 1 1 1 1 1 1 1 1 1 1 
0.01 0.01 0.01 0.01 0.01 0.01 0.01 0.01 0.01 0.01 0.01 0.01 0.01 0.01 0.01 0.01 0.01 0.01 0.01 0.01 0.01 0.01 0.01 0.01 0.01 0.01 0.01 0.01 0.01 0.01 0.01 0.01 0.01 0.01 0.01 0.01 0.01 0.01 0.01 0.01 0.01 0.01 0.01 0.01 0.01 0.01 0.01 0.01 
0.02 0.02 0.02 0.02 0.02 0.02 0.02 0.02 0.02 0.02 0.02 0.02 0.02 0.02 0.02 0.02 0.02 0.02 0.02 0.02 0.02 0.02 0.02 0.02 0.02 0.02 0.02 0.02 0.02 0.02 0.02 0.02 0.02 0.02 0.02 0.02 0.02 0.02 0.02 0.02 0.02 0.02 0.02 0.02 0.02 0.02 0.02 0.02 
0.03 0.03 0.03 0.03 0.03 0.03 0.03 0.03 0.03 0.03 0.03 0.03 0.03 0.03 0.03 0.03 0.03 0.03 0.03 0.03 0.03 0.03 0.03 0.03 0.03 0.03 0.03 0.03 0.03 0.03 0.03 0.03 0.03 0.03 0.03 0.03 0.03 0.03 0.03 0.03 0.03 0.03 0.03 0.03 0.03 0.03 0.03 0.03 
0.333333 0.333333 0.333333 0.333333 0.333333 0.333333 0.333333 0.333333 0.333333 0.333333 0.333333 0.333333 0.333333 0.333333 0.333333 0.333333 0.333333 0.333333 0.333333 0.333333 0.333333 0.333333 0.333333 0.333333 0.333333 0.333333 0.333333 0.333333 0.333333 0.333333 0.333333 0.333333 0.333333 0.333333 0.333333 0.333333 0.333333 0.333333 0.333333 0.333333 0.333333 0.333333 0.333333 0.333333 0.333333 0.333333 0.333333 0.333333 
0.666667 0.666667 0.666667 0.666667 0.666667 0.666667 0.666667 0.666667 0.666667 0.666667 0.666667 0.666667 0.666667 0.666667 0.666667 0.666667 0.666667 0.666667 0.666667 0.666667 0.666667 0.666667 0.666667 0.666667 0.666667 0.666667 0.666667 0.666667 0.666667 0.666667 0.666667 0.666667 0.666667 0.666667 0.666667 0.666667 0.666667 0.666667 0.666667 0.666667 0.666667 0.666667 0.666667 0.666667 0.666667 0.666667 0.666667 0.666667 
1 1 1 1 1 1 1 1 1 1 1 1 1 1 1 1 1 1 1 1 1 1 1 1 1 1 1 1 1 1 1 1 1 1 1 1 1 1 1 1 1 1 1 1 1 1 1 1 
