6 16 2 10
6 13 2 3 1 15 9 19 19 18 13 18 9 10 17 10 
15.48 10.53 15.84 13.21 2.28 11.5 2.98 7.36 2.73 14.18 15.16 6.88 14.03 9.22 8.15 12.9 
9.94 11.47 7.33 15.56 12.87 10.99 10.43 4.95 5.58 14.13 2.18 12.92 8.67 12.31 0.57 7.07 
8 8 8 8 8 8 8 8 8 8 8 8 8 8 8 8 
8.63 4.32 5.41 1.2 8.84 9.03 4.29 10.26 7.71 11.69 14.13 13.06 1.69 5.11 1.46 15.4 
2.49 7.63 2.33 1.99 14.29 8.66 3.46 3.45 11.37 15.23 12.65 0.93 8.38 8.87 12.4 5.18 
3.16 7.99 2.6 2.87 6.53 3.63 2.73 10.8 11.05 10.34 7.12 1.28 10.92 13.88 8.93 9.14 
1 1 1 1 1 1 1 1 1 1 1 1 1 1 1 1 
1 1 1 1 1 1 1 1 1 1 1 1 1 1 1 1 
1 1 1 1 1 1 1 1 1 1 1 1 1 1 1 1 
1 1 1 1 1 1 1 1 1 1 1 1 1 1 1 1 
1 1 1 1 1 1 1 1 1 1 1 1 1 1 1 1 
1 1 1 1 1 1 1 1 1 1 1 1 1 1 1 1 
0.01 0.01 0.01 0.01 0.01 0.01 0.01 0.01 0.01 0.01 0.01 0.01 0.01 0.01 0.01 0.01 
0.02 0.02 0.02 0.02 0.02 0.02 0.02 0.02 0.02 0.02 0.02 0.02 0.02 0.02 0.02 0.02 
0.03 0.03 0.03 0.03 0.03 0.03 0.03 0.03 0.03 0.03 0.03 0.03 0.03 0.03 0.03 0.03 
0.333333 0.333333 0.333333 0.333333 0.333333 0.333333 0.333333 0.333333 0.333333 0.333333 0.333333 0.333333 0.333333 0.333333 0.333333 0.333333 
0.666667 0.666667 0.666667 0.666667 0.666667 0.666667 0.666667 0.666667 0.666667 0.666667 0.666667 0.666667 0.666667 0.666667 0.666667 0.666667 
1 1 1 1 1 1 1 1 1 1 1 1 1 1 1 1 
