12 24 3 10
16 2 8 4 3 3 11 20 8 10 9 5 12 14 10 2 7 3 1 2 5 4 16 19 
15.16 13.52 11.54 3.94 6.31 6.64 14.82 12.08 14.23 5.73 15.64 2.61 15.9 3.71 10.56 0.4 15.8 15.5 7.1 1.84 9 6.88 10.47 3.34 
11.69 13.93 14.42 6.12 5.21 13.31 4.4 15.06 15.92 6.58 3.63 0.66 11.73 4.56 2.78 15.12 4.42 11.88 13.07 12.56 13.75 14.75 1.9 13.45 
3.88 7.12 10.44 12.63 13.36 1.2 13.35 2.31 12.49 2.78 10.33 13.65 2.02 8.94 4.68 3.67 14.88 2.86 11.63 12.01 13.79 4.06 4.36 5.96 
8 8 8 8 8 8 8 8 8 8 8 8 8 8 8 8 8 8 8 8 8 8 8 8 
4.55 3.72 11.55 5.79 12.76 2.17 3.07 14.78 3.86 2.93 13.19 8.08 11.07 6.72 7.82 5.27 9.53 0.98 5.87 6.66 8.94 3.43 4.99 4.72 
5.45 9.65 4.76 13.96 8.12 3.71 3 11.63 3.44 2.25 2.6 9.04 3.34 13.11 10.04 15.91 4.89 8.87 13.39 15.33 13.49 9.05 5.97 5.53 
14.45 8.27 2.65 0.79 6.34 5.79 6.49 9.47 14.81 15.47 6.51 8.1 15.25 13.09 11.54 6.8 4.41 7.65 10.7 8.56 3.54 10.8 14.05 11.77 
8.98 0.82 13.67 15.71 0.86 4.2 5.63 9.97 11.75 11.92 9.73 4.77 7.62 11.09 8.62 2.89 13.1 11.99 2.54 2.36 12 4.1 2.46 14.28 
9.09 0.15 0.41 8.72 12.76 5.14 6 6.27 9.23 12.82 13.39 13.32 0.64 13.81 5.1 10.94 10.14 1.21 6.39 0.14 3.16 4.6 13.12 6.63 
13.29 9.38 13.69 9.84 15.59 9.95 8.69 0.12 6.48 3.42 8.19 3.05 6.54 10.39 9.65 1.35 6.32 9.33 8.69 2.77 0.4 5.5 0.66 13.67 
0.49 3.83 0.04 10.68 7.92 14.33 2.03 5.82 13.7 15.58 13.29 6.13 13.28 10.81 1.4 3.53 3.29 9.24 4.52 9.16 0.39 14.92 9.98 11.87 
4.44 12.09 3.44 9.1 5.77 0.52 8.25 15.62 1.35 10.75 9.93 0.57 6.74 14.89 0.56 13.85 14.21 0.46 8.58 7.09 2.97 1.02 14.71 3.12 
1 1 1 1 1 1 1 1 1 1 1 1 1 1 1 1 1 1 1 1 1 1 1 1 
1 1 1 1 1 1 1 1 1 1 1 1 1 1 1 1 1 1 1 1 1 1 1 1 
1 1 1 1 1 1 1 1 1 1 1 1 1 1 1 1 1 1 1 1 1 1 1 1 
1 1 1 1 1 1 1 1 1 1 1 1 1 1 1 1 1 1 1 1 1 1 1 1 
1 1 1 1 1 1 1 1 1 1 1 1 1 1 1 1 1 1 1 1 1 1 1 1 
1 1 1 1 1 1 1 1 1 1 1 1 1 1 1 1 1 1 1 1 1 1 1 1 
1 1 1 1 1 1 1 1 1 1 1 1 1 1 1 1 1 1 1 1 1 1 1 1 
1 1 1 1 1 1 1 1 1 1 1 1 1 1 1 1 1 1 1 1 1 1 1 1 
1 1 1 1 1 1 1 1 1 1 1 1 1 1 1 1 1 1 1 1 1 1 1 1 
1 1 1 1 1 1 1 1 1 1 1 1 1 1 1 1 1 1 1 1 1 1 1 1 
1 1 1 1 1 1 1 1 1 1 1 1 1 1 1 1 1 1 1 1 1 1 1 1 
1 1 1 1 1 1 1 1 1 1 1 1 1 1 1 1 1 1 1 1 1 1 1 1 
0.01 0.01 0.01 0.01 0.01 0.01 0.01 0.01 0.01 0.01 0.01 0.01 0.01 0.01 0.01 0.01 0.01 0.01 0.01 0.01 0.01 0.01 0.01 0.01 
0.02 0.02 0.02 0.02 0.02 0.02 0.02 0.02 0.02 0.02 0.02 0.02 0.02 0.02 0.02 0.02 0.02 0.02 0.02 0.02 0.02 0.02 0.02 0.02 
0.03 0.03 0.03 0.03 0.03 0.03 0.03 0.03 0.03 0.03 0.03 0.03 0.03 0.03 0.03 0.03 0.03 0.03 0.03 0.03 0.03 0.03 0.03 0.03 
0.04 0.04 0.04 0.04 0.04 0.04 0.04 0.04 0.04 0.04 0.04 0.04 0.04 0.04 0.04 0.04 0.04 0.04 0.04 0.04 0.04 0.04 0.04 0.04 
0.125 0.125 0.125 0.125 0.125 0.125 0.125 0.125 0.125 0.125 0.125 0.125 0.125 0.125 0.125 0.125 0.125 0.125 0.125 0.125 0.125 0.125 0.125 0.125 
0.25 0.25 0.25 0.25 0.25 0.25 0.25 0.25 0.25 0.25 0.25 0.25 0.25 0.25 0.25 0.25 0.25 0.25 0.25 0.25 0.25 0.25 0.25 0.25 
0.375 0.375 0.375 0.375 0.375 0.375 0.375 0.375 0.375 0.375 0.375 0.375 0.375 0.375 0.375 0.375 0.375 0.375 0.375 0.375 0.375 0.375 0.375 0.375 
0.5 0.5 0.5 0.5 0.5 0.5 0.5 0.5 0.5 0.5 0.5 0.5 0.5 0.5 0.5 0.5 0.5 0.5 0.5 0.5 0.5 0.5 0.5 0.5 
0.625 0.625 0.625 0.625 0.625 0.625 0.625 0.625 0.625 0.625 0.625 0.625 0.625 0.625 0.625 0.625 0.625 0.625 0.625 0.625 0.625 0.625 0.625 0.625 
0.75 0.75 0.75 0.75 0.75 0.75 0.75 0.75 0.75 0.75 0.75 0.75 0.75 0.75 0.75 0.75 0.75 0.75 0.75 0.75 0.75 0.75 0.75 0.75 
0.875 0.875 0.875 0.875 0.875 0.875 0.875 0.875 0.875 0.875 0.875 0.875 0.875 0.875 0.875 0.875 0.875 0.875 0.875 0.875 0.875 0.875 0.875 0.875 
1 1 1 1 1 1 1 1 1 1 1 1 1 1 1 1 1 1 1 1 1 1 1 1 
