6 24 2 10
14 17 18 15 4 10 19 18 2 18 3 16 5 3 14 13 11 10 5 2 5 10 12 20 
6.01 3.43 2.31 9.01 13.69 5.59 13.15 13.29 6.91 2.07 14.22 11.26 10.98 1.01 0.56 1.15 12.95 14.14 9.62 0.79 10.3 3.78 7.72 6.51 
9.77 9.51 15.97 4.65 3.33 8.81 0.32 7.02 10.51 5.41 0.7 9.51 7.85 0.01 4.58 13.05 2.78 0.59 3.65 8.84 2.31 5.49 9.54 5.26 
8 8 8 8 8 8 8 8 8 8 8 8 8 8 8 8 8 8 8 8 8 8 8 8 
4.93 11.83 8.35 15.04 12.57 8.13 6.35 2.35 15.49 5.07 11.14 7.82 15.12 2.48 9.57 3.28 4.38 6.67 5.49 15.58 10.34 2.29 11.18 12.71 
8 3.85 14.7 13.5 6.15 13.17 13.21 10.45 12.44 10.25 12.66 11.33 0.9 11.77 15.67 0.78 11.48 12.31 5.83 1.85 14.7 4.21 9.09 2.42 
14.98 12.55 15.74 14.96 5.9 1.26 5.35 15.55 15.92 1.27 14.79 11.24 13.6 1.53 3.47 4.47 9.74 2.7 13.32 0.19 15.21 15.13 6.55 10.34 
1 1 1 1 1 1 1 1 1 1 1 1 1 1 1 1 1 1 1 1 1 1 1 1 
1 1 1 1 1 1 1 1 1 1 1 1 1 1 1 1 1 1 1 1 1 1 1 1 
1 1 1 1 1 1 1 1 1 1 1 1 1 1 1 1 1 1 1 1 1 1 1 1 
1 1 1 1 1 1 1 1 1 1 1 1 1 1 1 1 1 1 1 1 1 1 1 1 
1 1 1 1 1 1 1 1 1 1 1 1 1 1 1 1 1 1 1 1 1 1 1 1 
1 1 1 1 1 1 1 1 1 1 1 1 1 1 1 1 1 1 1 1 1 1 1 1 
0.01 0.01 0.01 0.01 0.01 0.01 0.01 0.01 0.01 0.01 0.01 0.01 0.01 0.01 0.01 0.01 0.01 0.01 0.01 0.01 0.01 0.01 0.01 0.01 
0.02 0.02 0.02 0.02 0.02 0.02 0.02 0.02 0.02 0.02 0.02 0.02 0.02 0.02 0.02 0.02 0.02 0.02 0.02 0.02 0.02 0.02 0.02 0.02 
0.03 0.03 0.03 0.03 0.03 0.03 0.03 0.03 0.03 0.03 0.03 0.03 0.03 0.03 0.03 0.03 0.03 0.03 0.03 0.03 0.03 0.03 0.03 0.03 
0.333333 0.333333 0.333333 0.333333 0.333333 0.333333 0.333333 0.333333 0.333333 0.333333 0.333333 0.333333 0.333333 0.333333 0.333333 0.333333 0.333333 0.333333 0.333333 0.333333 0.333333 0.333333 0.333333 0.333333 
0.666667 0.666667 0.666667 0.666667 0.666667 0.666667 0.666667 0.666667 0.666667 0.666667 0.666667 0.666667 0.666667 0.666667 0.666667 0.666667 0.666667 0.666667 0.666667 0.666667 0.666667 0.666667 0.666667 0.666667 
1 1 1 1 1 1 1 1 1 1 1 1 1 1 1 1 1 1 1 1 1 1 1 1 
