6 24 2 10
15 9 10 17 11 15 19 1 18 18 9 17 10 4 18 20 12 3 20 10 2 8 16 7 
11.32 5.79 8.05 2.35 10.71 15.4 4.02 12.37 0.12 11.26 3.59 3.89 4.89 2.42 3.13 12.16 4.32 10.04 10.68 5.48 4.08 12.63 4.8 2.66 
15.66 10.97 2.47 14.02 12.03 15.91 1.98 10.34 5.73 5.21 12.64 2.96 4.43 3.68 10.97 1.23 7.54 2.83 10.45 15.2 12.08 15.7 1.74 3.72 
8 8 8 8 8 8 8 8 8 8 8 8 8 8 8 8 8 8 8 8 8 8 8 8 
1.64 6.08 12.73 8.24 9.56 10.83 4.94 2.65 4.69 7.48 13.96 15.6 9.21 12.97 2.45 2.73 5.57 8.36 9.54 10.56 8.38 3.1 2.13 4.13 
5.36 10.03 1.97 13.29 14.86 12.9 6.9 12.49 12.38 3.93 11.46 8.58 4.46 7.87 12.85 14.52 8.23 3.19 6.07 8.3 13.17 14.49 13.2 3.49 
10.84 11.83 6.96 4.81 9.47 15.48 4.85 13.78 13 1.66 11.36 4.55 3.93 15.66 0.13 14.6 9.57 11.26 12.54 3.63 2.76 6.56 13.56 6.01 
1 1 1 1 1 1 1 1 1 1 1 1 1 1 1 1 1 1 1 1 1 1 1 1 
1 1 1 1 1 1 1 1 1 1 1 1 1 1 1 1 1 1 1 1 1 1 1 1 
1 1 1 1 1 1 1 1 1 1 1 1 1 1 1 1 1 1 1 1 1 1 1 1 
1 1 1 1 1 1 1 1 1 1 1 1 1 1 1 1 1 1 1 1 1 1 1 1 
1 1 1 1 1 1 1 1 1 1 1 1 1 1 1 1 1 1 1 1 1 1 1 1 
1 1 1 1 1 1 1 1 1 1 1 1 1 1 1 1 1 1 1 1 1 1 1 1 
0.01 0.01 0.01 0.01 0.01 0.01 0.01 0.01 0.01 0.01 0.01 0.01 0.01 0.01 0.01 0.01 0.01 0.01 0.01 0.01 0.01 0.01 0.01 0.01 
0.02 0.02 0.02 0.02 0.02 0.02 0.02 0.02 0.02 0.02 0.02 0.02 0.02 0.02 0.02 0.02 0.02 0.02 0.02 0.02 0.02 0.02 0.02 0.02 
0.03 0.03 0.03 0.03 0.03 0.03 0.03 0.03 0.03 0.03 0.03 0.03 0.03 0.03 0.03 0.03 0.03 0.03 0.03 0.03 0.03 0.03 0.03 0.03 
0.333333 0.333333 0.333333 0.333333 0.333333 0.333333 0.333333 0.333333 0.333333 0.333333 0.333333 0.333333 0.333333 0.333333 0.333333 0.333333 0.333333 0.333333 0.333333 0.333333 0.333333 0.333333 0.333333 0.333333 
0.666667 0.666667 0.666667 0.666667 0.666667 0.666667 0.666667 0.666667 0.666667 0.666667 0.666667 0.666667 0.666667 0.666667 0.666667 0.666667 0.666667 0.666667 0.666667 0.666667 0.666667 0.666667 0.666667 0.666667 
1 1 1 1 1 1 1 1 1 1 1 1 1 1 1 1 1 1 1 1 1 1 1 1 
