3 48 1 10
20 14 8 16 5 1 14 2 17 9 7 14 11 17 15 12 12 13 18 9 4 17 17 11 2 11 7 7 18 16 11 14 19 15 13 17 16 7 5 6 10 4 10 7 6 16 10 2 
10.47 1.51 14.89 3.97 8.61 1.22 1.59 1.03 6.14 4.5 4.9 3.63 4.13 2.37 7.06 15.32 5.06 9.73 12.59 11.92 7.08 0.22 14.06 15.09 4.84 1.01 15.7 7.81 2 14.51 9.99 7.57 1.99 13.41 3.6 9.41 12.85 8.48 8.81 9.05 5.92 1.5 0.98 11.41 13.95 1.02 10.47 9.81 
8 8 8 8 8 8 8 8 8 8 8 8 8 8 8 8 8 8 8 8 8 8 8 8 8 8 8 8 8 8 8 8 8 8 8 8 8 8 8 8 8 8 8 8 8 8 8 8 
0.64 8.86 5.81 11.45 8.06 8.99 0.67 6.19 1.39 12.85 10.31 6.7 14.26 2.11 5.44 0.94 0.65 11.78 7.66 10.69 12.41 3.08 12.38 15.69 12.8 14.92 12.4 2.88 11.48 12.05 1.23 8.67 10.81 0.32 15.25 8.64 7.96 2.21 4.31 8.28 13.95 3.36 12.22 13.83 8.85 5.5 0.22 4.14 
1 1 1 1 1 1 1 1 1 1 1 1 1 1 1 1 1 1 1 1 1 1 1 1 1 1 1 1 1 1 1 1 1 1 1 1 1 1 1 1 1 1 1 1 1 1 1 1 
1 1 1 1 1 1 1 1 1 1 1 1 1 1 1 1 1 1 1 1 1 1 1 1 1 1 1 1 1 1 1 1 1 1 1 1 1 1 1 1 1 1 1 1 1 1 1 1 
1 1 1 1 1 1 1 1 1 1 1 1 1 1 1 1 1 1 1 1 1 1 1 1 1 1 1 1 1 1 1 1 1 1 1 1 1 1 1 1 1 1 1 1 1 1 1 1 
0.01 0.01 0.01 0.01 0.01 0.01 0.01 0.01 0.01 0.01 0.01 0.01 0.01 0.01 0.01 0.01 0.01 0.01 0.01 0.01 0.01 0.01 0.01 0.01 0.01 0.01 0.01 0.01 0.01 0.01 0.01 0.01 0.01 0.01 0.01 0.01 0.01 0.01 0.01 0.01 0.01 0.01 0.01 0.01 0.01 0.01 0.01 0.01 
0.02 0.02 0.02 0.02 0.02 0.02 0.02 0.02 0.02 0.02 0.02 0.02 0.02 0.02 0.02 0.02 0.02 0.02 0.02 0.02 0.02 0.02 0.02 0.02 0.02 0.02 0.02 0.02 0.02 0.02 0.02 0.02 0.02 0.02 0.02 0.02 0.02 0.02 0.02 0.02 0.02 0.02 0.02 0.02 0.02 0.02 0.02 0.02 
1 1 1 1 1 1 1 1 1 1 1 1 1 1 1 1 1 1 1 1 1 1 1 1 1 1 1 1 1 1 1 1 1 1 1 1 1 1 1 1 1 1 1 1 1 1 1 1 
