6 32 2 10
6 16 6 18 18 3 3 4 18 5 1 17 7 11 18 16 15 9 17 9 18 17 15 19 4 12 19 4 18 11 12 9 
7.21 4.15 5.82 11.85 12.21 10.78 8.71 12.87 0.68 2.31 12.31 7.06 6.82 6.14 4.49 14.76 13.14 5.24 9.59 0.75 5.36 9.61 7.37 3.27 14.36 4.52 10.61 5.25 0.59 9.26 12.19 6.65 
13.05 8.77 13.39 15.73 2.8 8.7 11.78 0.68 13.32 14.07 11.57 13.36 1.36 12.75 7.79 7.87 15.76 13.55 10.55 7.56 12.69 12.76 3.41 11.1 12.47 9.23 15.22 1.28 12.37 0.17 5.56 8.29 
8 8 8 8 8 8 8 8 8 8 8 8 8 8 8 8 8 8 8 8 8 8 8 8 8 8 8 8 8 8 8 8 
1.45 11.25 12.21 4.03 7.48 14.51 14.85 3.99 8.99 3.7 9.49 11.45 4.91 13.19 2.02 11.4 8.92 9.36 5.53 4.97 15.5 11.18 15.57 7.75 3.5 7.87 14.77 14.9 10.82 3.34 15.14 4.4 
10.02 4.77 6.03 2.54 5.97 14.93 12.98 15.31 3.78 13.48 2.78 12.84 10.49 12.16 14.43 0.09 1.69 4.29 13.74 5.52 1.05 5.02 4.55 13.59 6.09 2.87 3.99 10.98 9.39 10.15 5.26 0.85 
3.58 12.9 1.4 14.26 2.89 1.44 5.55 1.64 7.13 10.81 6.05 1.77 3.56 13.24 2.87 0.18 12.37 6.49 12.19 7.7 4.89 13.96 4.52 12.27 6.25 0.12 8.66 1.35 13.98 9.84 4.43 5.02 
1 1 1 1 1 1 1 1 1 1 1 1 1 1 1 1 1 1 1 1 1 1 1 1 1 1 1 1 1 1 1 1 
1 1 1 1 1 1 1 1 1 1 1 1 1 1 1 1 1 1 1 1 1 1 1 1 1 1 1 1 1 1 1 1 
1 1 1 1 1 1 1 1 1 1 1 1 1 1 1 1 1 1 1 1 1 1 1 1 1 1 1 1 1 1 1 1 
1 1 1 1 1 1 1 1 1 1 1 1 1 1 1 1 1 1 1 1 1 1 1 1 1 1 1 1 1 1 1 1 
1 1 1 1 1 1 1 1 1 1 1 1 1 1 1 1 1 1 1 1 1 1 1 1 1 1 1 1 1 1 1 1 
1 1 1 1 1 1 1 1 1 1 1 1 1 1 1 1 1 1 1 1 1 1 1 1 1 1 1 1 1 1 1 1 
0.01 0.01 0.01 0.01 0.01 0.01 0.01 0.01 0.01 0.01 0.01 0.01 0.01 0.01 0.01 0.01 0.01 0.01 0.01 0.01 0.01 0.01 0.01 0.01 0.01 0.01 0.01 0.01 0.01 0.01 0.01 0.01 
0.02 0.02 0.02 0.02 0.02 0.02 0.02 0.02 0.02 0.02 0.02 0.02 0.02 0.02 0.02 0.02 0.02 0.02 0.02 0.02 0.02 0.02 0.02 0.02 0.02 0.02 0.02 0.02 0.02 0.02 0.02 0.02 
0.03 0.03 0.03 0.03 0.03 0.03 0.03 0.03 0.03 0.03 0.03 0.03 0.03 0.03 0.03 0.03 0.03 0.03 0.03 0.03 0.03 0.03 0.03 0.03 0.03 0.03 0.03 0.03 0.03 0.03 0.03 0.03 
0.333333 0.333333 0.333333 0.333333 0.333333 0.333333 0.333333 0.333333 0.333333 0.333333 0.333333 0.333333 0.333333 0.333333 0.333333 0.333333 0.333333 0.333333 0.333333 0.333333 0.333333 0.333333 0.333333 0.333333 0.333333 0.333333 0.333333 0.333333 0.333333 0.333333 0.333333 0.333333 
0.666667 0.666667 0.666667 0.666667 0.666667 0.666667 0.666667 0.666667 0.666667 0.666667 0.666667 0.666667 0.666667 0.666667 0.666667 0.666667 0.666667 0.666667 0.666667 0.666667 0.666667 0.666667 0.666667 0.666667 0.666667 0.666667 0.666667 0.666667 0.666667 0.666667 0.666667 0.666667 
1 1 1 1 1 1 1 1 1 1 1 1 1 1 1 1 1 1 1 1 1 1 1 1 1 1 1 1 1 1 1 1 
