12 24 3 10
20 15 16 7 12 20 20 6 14 11 16 14 15 16 14 4 10 2 10 12 6 12 7 17 
7.31 8.9 15.46 14.56 4.33 2.94 5.79 7.24 4.81 3.12 13.4 0.44 5.64 14.26 13.96 2.8 10.08 13.53 14.48 12.95 0.29 12.09 14.59 1.91 
8.32 10.69 2.59 0.96 15.55 8.43 4.71 15.9 9.09 2.07 9.93 0.96 12.91 10.04 8.79 3.42 4.76 8.8 2.38 8.84 6.22 3.64 10.57 4.47 
0.28 5.99 5.12 12.02 6.39 5.9 5.63 5.31 2.49 3.6 11.47 9.34 9.57 9.88 8.71 5.28 9.83 1.22 2.96 15.17 9.55 10.31 14.97 8 
8 8 8 8 8 8 8 8 8 8 8 8 8 8 8 8 8 8 8 8 8 8 8 8 
13.97 6.3 0.47 1.45 3.73 7.94 2.41 3.28 15.98 0.04 1.38 14.56 10.31 7.06 3.4 13.39 13.31 4.66 1.15 13.92 8.32 10.77 5.49 3.66 
13.24 8.72 5.46 7.87 13.74 2.36 10.79 8.8 5.91 15.46 9.39 10.44 15.36 3.29 5.69 11.6 4.43 12.9 15.76 1.27 10.49 12.46 15.65 5.51 
2.04 4.64 7.45 9.88 6.48 3.85 13.24 0.36 15.34 5.84 4.46 7.96 12.11 8.41 9.14 3.34 4 6 2.63 7.71 14.12 14.57 15.81 0.34 
1.64 6.82 1.88 1.97 11.53 3.58 1.24 3.38 5.95 4.96 4.59 6.39 13 12.87 13.98 2.02 1.03 10.67 7.09 9.73 10.57 6.1 1.73 10.87 
15.96 15.61 2.8 13.95 13.28 11.15 14.35 4.99 8.01 14.75 1.22 15.04 4.39 7.06 14.27 0.71 6.95 10.06 0.23 11.99 0.79 13.85 14.67 8.31 
4.84 10.3 14.88 7.72 14.42 5.37 11.69 6.37 8.9 10.18 11.11 4.29 7.46 7.58 14.93 7.28 6.61 8.49 3.77 3.49 8.65 9.38 14.78 9.65 
2.63 6.63 6.39 4.74 11 10.94 7.23 12.68 12.72 14.46 12.69 6.28 0.68 1.75 15.73 9.7 0.74 15.6 9.3 2.91 13.29 6.92 3.23 2.75 
10.74 13.1 12.43 15.13 15.51 7.13 9.74 13.45 5.84 15.93 12.81 11.94 11.42 11.76 6.34 4.62 10.74 1.73 8.16 6.78 5.19 5.31 6.26 6.47 
1 1 1 1 1 1 1 1 1 1 1 1 1 1 1 1 1 1 1 1 1 1 1 1 
1 1 1 1 1 1 1 1 1 1 1 1 1 1 1 1 1 1 1 1 1 1 1 1 
1 1 1 1 1 1 1 1 1 1 1 1 1 1 1 1 1 1 1 1 1 1 1 1 
1 1 1 1 1 1 1 1 1 1 1 1 1 1 1 1 1 1 1 1 1 1 1 1 
1 1 1 1 1 1 1 1 1 1 1 1 1 1 1 1 1 1 1 1 1 1 1 1 
1 1 1 1 1 1 1 1 1 1 1 1 1 1 1 1 1 1 1 1 1 1 1 1 
1 1 1 1 1 1 1 1 1 1 1 1 1 1 1 1 1 1 1 1 1 1 1 1 
1 1 1 1 1 1 1 1 1 1 1 1 1 1 1 1 1 1 1 1 1 1 1 1 
1 1 1 1 1 1 1 1 1 1 1 1 1 1 1 1 1 1 1 1 1 1 1 1 
1 1 1 1 1 1 1 1 1 1 1 1 1 1 1 1 1 1 1 1 1 1 1 1 
1 1 1 1 1 1 1 1 1 1 1 1 1 1 1 1 1 1 1 1 1 1 1 1 
1 1 1 1 1 1 1 1 1 1 1 1 1 1 1 1 1 1 1 1 1 1 1 1 
0.01 0.01 0.01 0.01 0.01 0.01 0.01 0.01 0.01 0.01 0.01 0.01 0.01 0.01 0.01 0.01 0.01 0.01 0.01 0.01 0.01 0.01 0.01 0.01 
0.02 0.02 0.02 0.02 0.02 0.02 0.02 0.02 0.02 0.02 0.02 0.02 0.02 0.02 0.02 0.02 0.02 0.02 0.02 0.02 0.02 0.02 0.02 0.02 
0.03 0.03 0.03 0.03 0.03 0.03 0.03 0.03 0.03 0.03 0.03 0.03 0.03 0.03 0.03 0.03 0.03 0.03 0.03 0.03 0.03 0.03 0.03 0.03 
0.04 0.04 0.04 0.04 0.04 0.04 0.04 0.04 0.04 0.04 0.04 0.04 0.04 0.04 0.04 0.04 0.04 0.04 0.04 0.04 0.04 0.04 0.04 0.04 
0.125 0.125 0.125 0.125 0.125 0.125 0.125 0.125 0.125 0.125 0.125 0.125 0.125 0.125 0.125 0.125 0.125 0.125 0.125 0.125 0.125 0.125 0.125 0.125 
0.25 0.25 0.25 0.25 0.25 0.25 0.25 0.25 0.25 0.25 0.25 0.25 0.25 0.25 0.25 0.25 0.25 0.25 0.25 0.25 0.25 0.25 0.25 0.25 
0.375 0.375 0.375 0.375 0.375 0.375 0.375 0.375 0.375 0.375 0.375 0.375 0.375 0.375 0.375 0.375 0.375 0.375 0.375 0.375 0.375 0.375 0.375 0.375 
0.5 0.5 0.5 0.5 0.5 0.5 0.5 0.5 0.5 0.5 0.5 0.5 0.5 0.5 0.5 0.5 0.5 0.5 0.5 0.5 0.5 0.5 0.5 0.5 
0.625 0.625 0.625 0.625 0.625 0.625 0.625 0.625 0.625 0.625 0.625 0.625 0.625 0.625 0.625 0.625 0.625 0.625 0.625 0.625 0.625 0.625 0.625 0.625 
0.75 0.75 0.75 0.75 0.75 0.75 0.75 0.75 0.75 0.75 0.75 0.75 0.75 0.75 0.75 0.75 0.75 0.75 0.75 0.75 0.75 0.75 0.75 0.75 
0.875 0.875 0.875 0.875 0.875 0.875 0.875 0.875 0.875 0.875 0.875 0.875 0.875 0.875 0.875 0.875 0.875 0.875 0.875 0.875 0.875 0.875 0.875 0.875 
1 1 1 1 1 1 1 1 1 1 1 1 1 1 1 1 1 1 1 1 1 1 1 1 
