6 24 2 10
12 17 10 15 1 12 19 1 2 7 6 7 11 3 14 11 18 6 20 10 3 7 17 18 
3.85 5.93 13.76 0.06 0.75 10.84 9.73 4.21 14.74 6.68 3.45 5.77 15.84 3.5 15.75 11.95 6.84 12.89 2.98 8.42 12.31 10.63 8.48 9.66 
1.74 10.04 12.47 10.56 15.13 8.22 9.62 4.78 7.58 9.21 5.67 1.25 11.35 3.32 15.39 11.16 7.16 15.19 6.96 3.6 15.28 15.3 15.93 1.17 
8 8 8 8 8 8 8 8 8 8 8 8 8 8 8 8 8 8 8 8 8 8 8 8 
6.84 9.55 1.05 15.12 15.37 9.2 11 9.07 9.66 14.75 12.76 12.42 3.48 13.89 14.03 4.7 9.21 9.24 9.8 8.78 3.14 6.42 3.09 4.95 
1.85 8.73 14.31 12.67 12.25 11.85 11.32 4.33 15.08 12.75 1.98 5.94 13.57 1.08 6.58 2.07 7.36 13.03 2.22 0.57 5.34 6.47 13.13 4.98 
8.86 11.39 15.89 12.95 4.45 0.73 7.56 10.73 12.63 14.42 1.77 11.26 14.5 5.67 9.95 8.97 6.12 7.32 13.96 3.57 15.04 9.88 14.17 11.42 
1 1 1 1 1 1 1 1 1 1 1 1 1 1 1 1 1 1 1 1 1 1 1 1 
1 1 1 1 1 1 1 1 1 1 1 1 1 1 1 1 1 1 1 1 1 1 1 1 
1 1 1 1 1 1 1 1 1 1 1 1 1 1 1 1 1 1 1 1 1 1 1 1 
1 1 1 1 1 1 1 1 1 1 1 1 1 1 1 1 1 1 1 1 1 1 1 1 
1 1 1 1 1 1 1 1 1 1 1 1 1 1 1 1 1 1 1 1 1 1 1 1 
1 1 1 1 1 1 1 1 1 1 1 1 1 1 1 1 1 1 1 1 1 1 1 1 
0.01 0.01 0.01 0.01 0.01 0.01 0.01 0.01 0.01 0.01 0.01 0.01 0.01 0.01 0.01 0.01 0.01 0.01 0.01 0.01 0.01 0.01 0.01 0.01 
0.02 0.02 0.02 0.02 0.02 0.02 0.02 0.02 0.02 0.02 0.02 0.02 0.02 0.02 0.02 0.02 0.02 0.02 0.02 0.02 0.02 0.02 0.02 0.02 
0.03 0.03 0.03 0.03 0.03 0.03 0.03 0.03 0.03 0.03 0.03 0.03 0.03 0.03 0.03 0.03 0.03 0.03 0.03 0.03 0.03 0.03 0.03 0.03 
0.333333 0.333333 0.333333 0.333333 0.333333 0.333333 0.333333 0.333333 0.333333 0.333333 0.333333 0.333333 0.333333 0.333333 0.333333 0.333333 0.333333 0.333333 0.333333 0.333333 0.333333 0.333333 0.333333 0.333333 
0.666667 0.666667 0.666667 0.666667 0.666667 0.666667 0.666667 0.666667 0.666667 0.666667 0.666667 0.666667 0.666667 0.666667 0.666667 0.666667 0.666667 0.666667 0.666667 0.666667 0.666667 0.666667 0.666667 0.666667 
1 1 1 1 1 1 1 1 1 1 1 1 1 1 1 1 1 1 1 1 1 1 1 1 
