12 16 9 10
16 5 2 11 10 14 15 3 7 2 1 9 3 2 7 7 
11.11 6.22 4.08 1.43 3.61 5.33 8.14 2.1 5.04 5.72 12.74 8.52 13.12 10.22 3.08 8.6 
5.89 15.9 15.2 11.48 11.49 15.74 14.91 6.31 7.69 6.94 4.49 15.24 12.23 3.64 12.54 4.82 
12.38 15.91 10.93 12.37 4.19 15.64 8.32 11.83 13.12 11.82 10.72 9.71 7.83 1.1 1.56 15.62 
8.3 12.08 4.34 0.01 4.45 13.48 10.01 11.14 1.78 5.75 12.22 8.72 9.34 6.45 2.72 3 
3.79 13.23 8.63 15.91 10.93 3.95 12.19 7.47 7.01 2.89 14.3 4.33 5.67 6.58 15.81 0.69 
3.7 11.79 13.39 3.58 10.47 1.78 2.6 7.54 8.96 15.29 10.58 6.11 8.32 2.01 6.38 6.75 
2.25 7.65 14.43 1.27 13.7 4.15 5.49 0.39 5.58 1.82 7.72 10.08 5.54 8.97 3.11 13.37 
13.44 3.12 14.32 11.71 5.2 5.3 7.57 7.25 15.91 3.3 12.53 6.66 10.77 0.69 15.28 11.06 
12.75 7.74 14.18 10.66 9.63 5.26 0.82 5.44 12.37 2.94 6.82 14.37 9.47 8.13 8.07 10.5 
8 8 8 8 8 8 8 8 8 8 8 8 8 8 8 8 
11.35 15.72 10.98 13.11 9.69 3.87 9.86 13.8 14.88 0.05 1.03 0.35 11.05 4.26 6.92 15.11 
13.99 5.02 11.88 6.11 13.98 13.52 12.65 12.63 13.61 0.28 12.78 3.38 0.62 15.33 11.02 2.33 
1 1 1 1 1 1 1 1 1 1 1 1 1 1 1 1 
1 1 1 1 1 1 1 1 1 1 1 1 1 1 1 1 
1 1 1 1 1 1 1 1 1 1 1 1 1 1 1 1 
1 1 1 1 1 1 1 1 1 1 1 1 1 1 1 1 
1 1 1 1 1 1 1 1 1 1 1 1 1 1 1 1 
1 1 1 1 1 1 1 1 1 1 1 1 1 1 1 1 
1 1 1 1 1 1 1 1 1 1 1 1 1 1 1 1 
1 1 1 1 1 1 1 1 1 1 1 1 1 1 1 1 
1 1 1 1 1 1 1 1 1 1 1 1 1 1 1 1 
1 1 1 1 1 1 1 1 1 1 1 1 1 1 1 1 
1 1 1 1 1 1 1 1 1 1 1 1 1 1 1 1 
1 1 1 1 1 1 1 1 1 1 1 1 1 1 1 1 
0.01 0.01 0.01 0.01 0.01 0.01 0.01 0.01 0.01 0.01 0.01 0.01 0.01 0.01 0.01 0.01 
0.02 0.02 0.02 0.02 0.02 0.02 0.02 0.02 0.02 0.02 0.02 0.02 0.02 0.02 0.02 0.02 
0.03 0.03 0.03 0.03 0.03 0.03 0.03 0.03 0.03 0.03 0.03 0.03 0.03 0.03 0.03 0.03 
0.04 0.04 0.04 0.04 0.04 0.04 0.04 0.04 0.04 0.04 0.04 0.04 0.04 0.04 0.04 0.04 
0.05 0.05 0.05 0.05 0.05 0.05 0.05 0.05 0.05 0.05 0.05 0.05 0.05 0.05 0.05 0.05 
0.06 0.06 0.06 0.06 0.06 0.06 0.06 0.06 0.06 0.06 0.06 0.06 0.06 0.06 0.06 0.06 
0.07 0.07 0.07 0.07 0.07 0.07 0.07 0.07 0.07 0.07 0.07 0.07 0.07 0.07 0.07 0.07 
0.08 0.08 0.08 0.08 0.08 0.08 0.08 0.08 0.08 0.08 0.08 0.08 0.08 0.08 0.08 0.08 
0.09 0.09 0.09 0.09 0.09 0.09 0.09 0.09 0.09 0.09 0.09 0.09 0.09 0.09 0.09 0.09 
0.1 0.1 0.1 0.1 0.1 0.1 0.1 0.1 0.1 0.1 0.1 0.1 0.1 0.1 0.1 0.1 
0.5 0.5 0.5 0.5 0.5 0.5 0.5 0.5 0.5 0.5 0.5 0.5 0.5 0.5 0.5 0.5 
1 1 1 1 1 1 1 1 1 1 1 1 1 1 1 1 
