6 40 4 10
18 10 5 5 8 4 1 17 17 19 3 3 14 17 11 13 20 1 8 12 15 5 18 20 7 10 17 5 7 16 6 16 7 17 9 15 11 8 15 12 
3.46 13.27 4.13 11.65 5.34 4.06 12.36 15.38 1.94 6.37 0.17 1.09 10.64 2.85 12.46 13.06 13.32 14.19 11 4.11 4.16 1.95 3.83 8.45 8.77 0.88 0.9 11.07 10.31 14.4 12.48 13.87 1.33 5.54 1.6 0.77 3.32 4.35 10.27 4.2 
9.67 13.37 12.04 14.76 14.22 2.86 0.22 2.35 15.49 0.6 8.74 14.11 3.61 9.13 3.14 5.28 14.95 1.63 3.68 3.27 14.84 12.3 6.44 1.26 8.31 2.65 6.18 10.29 11.95 2.78 1.94 8.03 8.74 4.43 2.71 1.94 9.32 4.23 6.92 6.37 
3.68 14.7 12.31 7.66 1.19 3.32 2.74 7.54 11.83 14 13.39 14.99 1.23 7.52 5.47 7.01 11.19 3.56 5.75 8.14 13 7.47 12.37 11.54 10.67 1.79 1.5 1.28 1.27 12.7 12.63 7.4 14.53 7.25 0.97 10.31 9.34 7.72 14.55 13.07 
8.24 4.63 15.9 7.54 7.85 9.79 11.53 3.68 8.47 1.22 14.71 9.57 0.82 4.23 8.1 1.63 0.39 1 3.39 6.63 14.79 6.48 5.03 15.29 9.2 7.56 4.25 6.16 11.71 11.25 0.26 13.8 1.53 6.64 8.53 14.25 14.71 12.6 9.08 0.25 
8 8 8 8 8 8 8 8 8 8 8 8 8 8 8 8 8 8 8 8 8 8 8 8 8 8 8 8 8 8 8 8 8 8 8 8 8 8 8 8 
12.06 0.57 0.92 4.04 3.48 0.28 12.27 10.8 0.41 5.93 8.68 9.8 13.3 11.72 13.37 5.55 5.57 9.87 2.9 9.37 8.48 14.93 12.51 7.93 2.69 2.93 3.07 6.73 11.15 0.18 2.89 12.9 8.76 2.07 14.34 1 14.07 10.62 6.21 15.51 
1 1 1 1 1 1 1 1 1 1 1 1 1 1 1 1 1 1 1 1 1 1 1 1 1 1 1 1 1 1 1 1 1 1 1 1 1 1 1 1 
1 1 1 1 1 1 1 1 1 1 1 1 1 1 1 1 1 1 1 1 1 1 1 1 1 1 1 1 1 1 1 1 1 1 1 1 1 1 1 1 
1 1 1 1 1 1 1 1 1 1 1 1 1 1 1 1 1 1 1 1 1 1 1 1 1 1 1 1 1 1 1 1 1 1 1 1 1 1 1 1 
1 1 1 1 1 1 1 1 1 1 1 1 1 1 1 1 1 1 1 1 1 1 1 1 1 1 1 1 1 1 1 1 1 1 1 1 1 1 1 1 
1 1 1 1 1 1 1 1 1 1 1 1 1 1 1 1 1 1 1 1 1 1 1 1 1 1 1 1 1 1 1 1 1 1 1 1 1 1 1 1 
1 1 1 1 1 1 1 1 1 1 1 1 1 1 1 1 1 1 1 1 1 1 1 1 1 1 1 1 1 1 1 1 1 1 1 1 1 1 1 1 
0.01 0.01 0.01 0.01 0.01 0.01 0.01 0.01 0.01 0.01 0.01 0.01 0.01 0.01 0.01 0.01 0.01 0.01 0.01 0.01 0.01 0.01 0.01 0.01 0.01 0.01 0.01 0.01 0.01 0.01 0.01 0.01 0.01 0.01 0.01 0.01 0.01 0.01 0.01 0.01 
0.02 0.02 0.02 0.02 0.02 0.02 0.02 0.02 0.02 0.02 0.02 0.02 0.02 0.02 0.02 0.02 0.02 0.02 0.02 0.02 0.02 0.02 0.02 0.02 0.02 0.02 0.02 0.02 0.02 0.02 0.02 0.02 0.02 0.02 0.02 0.02 0.02 0.02 0.02 0.02 
0.03 0.03 0.03 0.03 0.03 0.03 0.03 0.03 0.03 0.03 0.03 0.03 0.03 0.03 0.03 0.03 0.03 0.03 0.03 0.03 0.03 0.03 0.03 0.03 0.03 0.03 0.03 0.03 0.03 0.03 0.03 0.03 0.03 0.03 0.03 0.03 0.03 0.03 0.03 0.03 
0.04 0.04 0.04 0.04 0.04 0.04 0.04 0.04 0.04 0.04 0.04 0.04 0.04 0.04 0.04 0.04 0.04 0.04 0.04 0.04 0.04 0.04 0.04 0.04 0.04 0.04 0.04 0.04 0.04 0.04 0.04 0.04 0.04 0.04 0.04 0.04 0.04 0.04 0.04 0.04 
0.05 0.05 0.05 0.05 0.05 0.05 0.05 0.05 0.05 0.05 0.05 0.05 0.05 0.05 0.05 0.05 0.05 0.05 0.05 0.05 0.05 0.05 0.05 0.05 0.05 0.05 0.05 0.05 0.05 0.05 0.05 0.05 0.05 0.05 0.05 0.05 0.05 0.05 0.05 0.05 
1 1 1 1 1 1 1 1 1 1 1 1 1 1 1 1 1 1 1 1 1 1 1 1 1 1 1 1 1 1 1 1 1 1 1 1 1 1 1 1 
