12 48 9 10
13 2 2 4 8 8 7 17 10 9 20 19 3 20 16 6 18 2 2 3 16 12 17 10 12 2 17 11 15 19 5 7 20 16 16 20 7 6 5 9 13 19 9 10 14 12 20 3 
2.93 5.14 14.21 14.22 0.57 7.84 14.02 7.62 9.85 6.75 0.78 13.54 5.05 8.51 10.73 14.33 0.69 3.74 3.15 1.42 11.16 15.2 13.42 9 0.16 14.54 8.8 8.32 13.75 10.72 3.58 1.58 1.78 10.86 7.47 3.87 15.8 15.6 13.77 4.61 11.94 12.67 9.87 4.77 11.89 11.39 13.59 11.9 
7.72 7.96 13.59 10.5 11.85 11.91 4.01 11.28 3.96 2.16 7.97 13.78 2.67 0.04 5.82 9.52 5.77 2.64 9.16 13.5 11.12 4.35 13.03 2.85 15.7 6.19 12.85 10.12 7.72 5.39 4.1 9.71 4.1 10.59 12.82 2.3 13.59 9.55 13.29 10.91 7.3 6.36 2.63 4.83 3.67 1.27 13.83 9.31 
14.72 7.49 12.18 6.07 5.88 9.69 8 15.8 9.32 2.72 15.41 0.66 4.05 3.57 15.68 0.36 15.28 2.59 6.01 0.08 8.14 12.07 4.94 8.39 9.15 8.67 0.14 11.13 10.1 7.62 8.74 8.57 3.81 11.86 4.09 15.69 1.17 11.15 3.09 14.26 11.99 10.84 3.85 3.78 3.62 14.91 6.53 11.84 
1.53 12.69 14.53 0.81 1.85 1.4 9.79 6.8 4.98 1.32 6.04 6.27 8.35 7.99 12.73 8 15.61 5.84 10.65 5.63 10.14 13.49 2.21 13.46 15.26 10.87 7.52 12.61 8.3 7.72 6.62 12.75 5.32 5.36 2.02 11.75 1.59 1.35 10.35 3.37 9.8 12.15 11.31 2.84 8.84 0.17 6.02 13.22 
10.46 10.21 6.25 15.82 7.73 7.1 13.7 10.61 9.84 8 8.52 3.75 11.45 2.3 6.3 15.55 0.02 1.46 2.93 7.14 4.98 0.35 5.57 7.08 4.68 5.13 10.85 15.82 2.82 13.45 5.39 5.85 5.68 6.97 9.31 1.57 8.59 11.26 0.08 11.16 5.82 7.84 12.95 12.72 0.72 4.46 3.77 13.55 
10.49 11.35 6.73 6.52 8.12 10.53 14.63 14.75 12.44 8 4.22 12.86 15.32 12.15 10.71 14.78 1.88 2.88 5.11 10.36 0.02 0.82 3.05 8.04 3.52 6.11 6.89 15.6 6.41 14.31 1.49 3.42 13.32 10.72 11.94 0.68 10.2 14.79 9.35 1.83 15.39 9.27 5.5 10.03 4.45 3.24 11.27 14.5 
0.53 9.94 11.73 5.73 5.92 1.12 14.82 5.71 2.22 1.91 6.18 7.9 4.52 5.53 12.76 13.76 5.31 7.88 3.33 12.92 9.56 15.66 7.4 7.67 5.81 8.34 10.16 11.67 14.48 1.18 7.53 4.82 6.29 2.01 11.18 3.31 11.52 13.22 15.89 8.24 2.48 5.04 1.14 0.25 14.4 14.2 15.71 0.71 
13.46 12.12 15.86 12.63 13.68 1.85 3.02 14.43 12.48 10.52 7.76 7.32 14.97 9.03 11.92 3.07 0.25 6.27 13.38 4.28 13.05 8.4 14.3 11.49 4.59 11.05 12.39 2.11 13.24 14.06 5.39 8.24 15.21 14.94 0.22 5.6 1.75 8.39 10.32 3.59 4.3 0.79 2.29 15.23 1.7 10.18 11.5 11.08 
9.57 3.85 6.86 14.9 10.14 15.45 13.39 4.9 1.63 4.3 6.44 4.99 13.94 5.97 5.52 11.62 0.37 3.64 12.15 1.64 6.93 9.76 5.94 13.6 2.1 10.13 5.01 10.64 14.24 7.76 13.16 6.12 3.5 10.23 11.15 10.04 1.37 3.83 2.13 14.32 9.94 2.59 8.03 3.33 1.79 15.12 15.56 9.51 
8 8 8 8 8 8 8 8 8 8 8 8 8 8 8 8 8 8 8 8 8 8 8 8 8 8 8 8 8 8 8 8 8 8 8 8 8 8 8 8 8 8 8 8 8 8 8 8 
10.24 11.21 8 3.25 8.21 5.92 10.63 2.16 4.49 9.05 6.79 8.22 7.96 5.67 15.81 0.68 6.85 0.61 3.87 15.45 0 13.01 6.44 1.54 14.4 8.55 10.96 5.93 11.45 4.51 9.18 2.57 13.45 3.54 4.04 13.83 15.74 9.81 0.5 2.89 3.37 0.85 1.72 12.21 11.22 13.78 8.12 12.75 
5.71 12.48 10.67 6.26 8.54 15.83 13.49 12.53 3.87 6.99 9.84 7.38 14.63 9.52 0.19 1.1 4.13 0.95 14.14 6.78 12.42 11.62 7.16 2.23 11.68 12.45 1.19 3.11 5.17 6.01 13.32 4.59 11.91 6.89 13.14 0.87 6.25 14.84 12.19 15.09 12.21 1.92 3.28 1.55 14.39 10.7 4.63 4.16 
1 1 1 1 1 1 1 1 1 1 1 1 1 1 1 1 1 1 1 1 1 1 1 1 1 1 1 1 1 1 1 1 1 1 1 1 1 1 1 1 1 1 1 1 1 1 1 1 
1 1 1 1 1 1 1 1 1 1 1 1 1 1 1 1 1 1 1 1 1 1 1 1 1 1 1 1 1 1 1 1 1 1 1 1 1 1 1 1 1 1 1 1 1 1 1 1 
1 1 1 1 1 1 1 1 1 1 1 1 1 1 1 1 1 1 1 1 1 1 1 1 1 1 1 1 1 1 1 1 1 1 1 1 1 1 1 1 1 1 1 1 1 1 1 1 
1 1 1 1 1 1 1 1 1 1 1 1 1 1 1 1 1 1 1 1 1 1 1 1 1 1 1 1 1 1 1 1 1 1 1 1 1 1 1 1 1 1 1 1 1 1 1 1 
1 1 1 1 1 1 1 1 1 1 1 1 1 1 1 1 1 1 1 1 1 1 1 1 1 1 1 1 1 1 1 1 1 1 1 1 1 1 1 1 1 1 1 1 1 1 1 1 
1 1 1 1 1 1 1 1 1 1 1 1 1 1 1 1 1 1 1 1 1 1 1 1 1 1 1 1 1 1 1 1 1 1 1 1 1 1 1 1 1 1 1 1 1 1 1 1 
1 1 1 1 1 1 1 1 1 1 1 1 1 1 1 1 1 1 1 1 1 1 1 1 1 1 1 1 1 1 1 1 1 1 1 1 1 1 1 1 1 1 1 1 1 1 1 1 
1 1 1 1 1 1 1 1 1 1 1 1 1 1 1 1 1 1 1 1 1 1 1 1 1 1 1 1 1 1 1 1 1 1 1 1 1 1 1 1 1 1 1 1 1 1 1 1 
1 1 1 1 1 1 1 1 1 1 1 1 1 1 1 1 1 1 1 1 1 1 1 1 1 1 1 1 1 1 1 1 1 1 1 1 1 1 1 1 1 1 1 1 1 1 1 1 
1 1 1 1 1 1 1 1 1 1 1 1 1 1 1 1 1 1 1 1 1 1 1 1 1 1 1 1 1 1 1 1 1 1 1 1 1 1 1 1 1 1 1 1 1 1 1 1 
1 1 1 1 1 1 1 1 1 1 1 1 1 1 1 1 1 1 1 1 1 1 1 1 1 1 1 1 1 1 1 1 1 1 1 1 1 1 1 1 1 1 1 1 1 1 1 1 
1 1 1 1 1 1 1 1 1 1 1 1 1 1 1 1 1 1 1 1 1 1 1 1 1 1 1 1 1 1 1 1 1 1 1 1 1 1 1 1 1 1 1 1 1 1 1 1 
0.01 0.01 0.01 0.01 0.01 0.01 0.01 0.01 0.01 0.01 0.01 0.01 0.01 0.01 0.01 0.01 0.01 0.01 0.01 0.01 0.01 0.01 0.01 0.01 0.01 0.01 0.01 0.01 0.01 0.01 0.01 0.01 0.01 0.01 0.01 0.01 0.01 0.01 0.01 0.01 0.01 0.01 0.01 0.01 0.01 0.01 0.01 0.01 
0.02 0.02 0.02 0.02 0.02 0.02 0.02 0.02 0.02 0.02 0.02 0.02 0.02 0.02 0.02 0.02 0.02 0.02 0.02 0.02 0.02 0.02 0.02 0.02 0.02 0.02 0.02 0.02 0.02 0.02 0.02 0.02 0.02 0.02 0.02 0.02 0.02 0.02 0.02 0.02 0.02 0.02 0.02 0.02 0.02 0.02 0.02 0.02 
0.03 0.03 0.03 0.03 0.03 0.03 0.03 0.03 0.03 0.03 0.03 0.03 0.03 0.03 0.03 0.03 0.03 0.03 0.03 0.03 0.03 0.03 0.03 0.03 0.03 0.03 0.03 0.03 0.03 0.03 0.03 0.03 0.03 0.03 0.03 0.03 0.03 0.03 0.03 0.03 0.03 0.03 0.03 0.03 0.03 0.03 0.03 0.03 
0.04 0.04 0.04 0.04 0.04 0.04 0.04 0.04 0.04 0.04 0.04 0.04 0.04 0.04 0.04 0.04 0.04 0.04 0.04 0.04 0.04 0.04 0.04 0.04 0.04 0.04 0.04 0.04 0.04 0.04 0.04 0.04 0.04 0.04 0.04 0.04 0.04 0.04 0.04 0.04 0.04 0.04 0.04 0.04 0.04 0.04 0.04 0.04 
0.05 0.05 0.05 0.05 0.05 0.05 0.05 0.05 0.05 0.05 0.05 0.05 0.05 0.05 0.05 0.05 0.05 0.05 0.05 0.05 0.05 0.05 0.05 0.05 0.05 0.05 0.05 0.05 0.05 0.05 0.05 0.05 0.05 0.05 0.05 0.05 0.05 0.05 0.05 0.05 0.05 0.05 0.05 0.05 0.05 0.05 0.05 0.05 
0.06 0.06 0.06 0.06 0.06 0.06 0.06 0.06 0.06 0.06 0.06 0.06 0.06 0.06 0.06 0.06 0.06 0.06 0.06 0.06 0.06 0.06 0.06 0.06 0.06 0.06 0.06 0.06 0.06 0.06 0.06 0.06 0.06 0.06 0.06 0.06 0.06 0.06 0.06 0.06 0.06 0.06 0.06 0.06 0.06 0.06 0.06 0.06 
0.07 0.07 0.07 0.07 0.07 0.07 0.07 0.07 0.07 0.07 0.07 0.07 0.07 0.07 0.07 0.07 0.07 0.07 0.07 0.07 0.07 0.07 0.07 0.07 0.07 0.07 0.07 0.07 0.07 0.07 0.07 0.07 0.07 0.07 0.07 0.07 0.07 0.07 0.07 0.07 0.07 0.07 0.07 0.07 0.07 0.07 0.07 0.07 
0.08 0.08 0.08 0.08 0.08 0.08 0.08 0.08 0.08 0.08 0.08 0.08 0.08 0.08 0.08 0.08 0.08 0.08 0.08 0.08 0.08 0.08 0.08 0.08 0.08 0.08 0.08 0.08 0.08 0.08 0.08 0.08 0.08 0.08 0.08 0.08 0.08 0.08 0.08 0.08 0.08 0.08 0.08 0.08 0.08 0.08 0.08 0.08 
0.09 0.09 0.09 0.09 0.09 0.09 0.09 0.09 0.09 0.09 0.09 0.09 0.09 0.09 0.09 0.09 0.09 0.09 0.09 0.09 0.09 0.09 0.09 0.09 0.09 0.09 0.09 0.09 0.09 0.09 0.09 0.09 0.09 0.09 0.09 0.09 0.09 0.09 0.09 0.09 0.09 0.09 0.09 0.09 0.09 0.09 0.09 0.09 
0.1 0.1 0.1 0.1 0.1 0.1 0.1 0.1 0.1 0.1 0.1 0.1 0.1 0.1 0.1 0.1 0.1 0.1 0.1 0.1 0.1 0.1 0.1 0.1 0.1 0.1 0.1 0.1 0.1 0.1 0.1 0.1 0.1 0.1 0.1 0.1 0.1 0.1 0.1 0.1 0.1 0.1 0.1 0.1 0.1 0.1 0.1 0.1 
0.5 0.5 0.5 0.5 0.5 0.5 0.5 0.5 0.5 0.5 0.5 0.5 0.5 0.5 0.5 0.5 0.5 0.5 0.5 0.5 0.5 0.5 0.5 0.5 0.5 0.5 0.5 0.5 0.5 0.5 0.5 0.5 0.5 0.5 0.5 0.5 0.5 0.5 0.5 0.5 0.5 0.5 0.5 0.5 0.5 0.5 0.5 0.5 
1 1 1 1 1 1 1 1 1 1 1 1 1 1 1 1 1 1 1 1 1 1 1 1 1 1 1 1 1 1 1 1 1 1 1 1 1 1 1 1 1 1 1 1 1 1 1 1 
