6 48 4 10
5 1 13 5 8 7 18 5 18 4 5 4 10 20 17 3 16 19 7 11 9 7 2 19 19 15 11 6 18 11 19 10 4 4 4 19 12 14 11 3 9 18 1 16 4 14 1 17 
15.1 5.12 14.97 7.07 1.67 4.26 9.67 14.25 8.01 14.42 1.06 5.66 12.79 6.41 1.75 4.32 11.65 8.79 7.05 13.82 14.25 3.77 8.15 9.13 15.23 15.42 12.26 8.35 12.85 13.88 13.34 2.94 10.22 13.64 11.48 15.73 4.96 2.27 12.67 10.24 10.91 1.7 15.5 7.32 4.1 8.75 5.11 5.65 
5.46 6.17 9.09 12.01 4.26 10.46 8.08 5.13 0.42 14.19 11.72 11.32 2.24 6.62 3.21 9.49 9.99 5.31 0.4 0.91 1.27 8.06 13.22 0.11 6.63 13.5 2.07 13.69 7.52 2.77 3.42 7.01 3.44 10 1.23 2.02 14.48 10.84 15.96 1.44 8.19 0.72 1.01 13.28 0.14 14.66 1.87 1.81 
0.47 15.5 12.62 10.01 15.51 1.1 10.12 4.89 1.73 9.63 6.21 5.37 4.72 14.42 13.79 14.84 7.32 3.19 2.32 4.16 9.57 12.82 13.48 3.54 7.72 0.68 8.86 9.19 7.29 13.6 12.32 4.85 11.85 7.82 15.65 1.6 5.23 9.28 7.19 11.45 14.95 14.34 3.68 3.33 11.25 12 9.05 12.21 
7.59 0.24 1.94 0.98 12.13 3.84 6.77 6.37 6.29 5.99 5.55 0.01 1.97 2 0.66 11.3 8.87 9.44 6.72 4.63 7.35 11.57 14.05 0.25 1.26 12.91 6.64 14.24 1.04 0.12 1.43 12.89 1.05 12.36 11.48 15.94 12.27 4.23 0.87 0.26 13.7 15.06 13.68 1.96 1.28 0.8 9.34 3.44 
8 8 8 8 8 8 8 8 8 8 8 8 8 8 8 8 8 8 8 8 8 8 8 8 8 8 8 8 8 8 8 8 8 8 8 8 8 8 8 8 8 8 8 8 8 8 8 8 
12.61 12.78 14.78 11.2 5.88 5.38 5.97 2.59 12.89 15.29 6.06 10.19 4 2.97 5.83 0.05 0.23 7.73 5.16 11.32 7.33 1.57 1.95 11.82 8.61 6.38 11.34 11.81 0.01 10.62 3.18 3.82 1.07 7.6 2.72 11.2 7.32 1.52 4.34 11.65 11.76 10.17 8.77 3.23 12.17 5.93 11.36 15.5 
1 1 1 1 1 1 1 1 1 1 1 1 1 1 1 1 1 1 1 1 1 1 1 1 1 1 1 1 1 1 1 1 1 1 1 1 1 1 1 1 1 1 1 1 1 1 1 1 
1 1 1 1 1 1 1 1 1 1 1 1 1 1 1 1 1 1 1 1 1 1 1 1 1 1 1 1 1 1 1 1 1 1 1 1 1 1 1 1 1 1 1 1 1 1 1 1 
1 1 1 1 1 1 1 1 1 1 1 1 1 1 1 1 1 1 1 1 1 1 1 1 1 1 1 1 1 1 1 1 1 1 1 1 1 1 1 1 1 1 1 1 1 1 1 1 
1 1 1 1 1 1 1 1 1 1 1 1 1 1 1 1 1 1 1 1 1 1 1 1 1 1 1 1 1 1 1 1 1 1 1 1 1 1 1 1 1 1 1 1 1 1 1 1 
1 1 1 1 1 1 1 1 1 1 1 1 1 1 1 1 1 1 1 1 1 1 1 1 1 1 1 1 1 1 1 1 1 1 1 1 1 1 1 1 1 1 1 1 1 1 1 1 
1 1 1 1 1 1 1 1 1 1 1 1 1 1 1 1 1 1 1 1 1 1 1 1 1 1 1 1 1 1 1 1 1 1 1 1 1 1 1 1 1 1 1 1 1 1 1 1 
0.01 0.01 0.01 0.01 0.01 0.01 0.01 0.01 0.01 0.01 0.01 0.01 0.01 0.01 0.01 0.01 0.01 0.01 0.01 0.01 0.01 0.01 0.01 0.01 0.01 0.01 0.01 0.01 0.01 0.01 0.01 0.01 0.01 0.01 0.01 0.01 0.01 0.01 0.01 0.01 0.01 0.01 0.01 0.01 0.01 0.01 0.01 0.01 
0.02 0.02 0.02 0.02 0.02 0.02 0.02 0.02 0.02 0.02 0.02 0.02 0.02 0.02 0.02 0.02 0.02 0.02 0.02 0.02 0.02 0.02 0.02 0.02 0.02 0.02 0.02 0.02 0.02 0.02 0.02 0.02 0.02 0.02 0.02 0.02 0.02 0.02 0.02 0.02 0.02 0.02 0.02 0.02 0.02 0.02 0.02 0.02 
0.03 0.03 0.03 0.03 0.03 0.03 0.03 0.03 0.03 0.03 0.03 0.03 0.03 0.03 0.03 0.03 0.03 0.03 0.03 0.03 0.03 0.03 0.03 0.03 0.03 0.03 0.03 0.03 0.03 0.03 0.03 0.03 0.03 0.03 0.03 0.03 0.03 0.03 0.03 0.03 0.03 0.03 0.03 0.03 0.03 0.03 0.03 0.03 
0.04 0.04 0.04 0.04 0.04 0.04 0.04 0.04 0.04 0.04 0.04 0.04 0.04 0.04 0.04 0.04 0.04 0.04 0.04 0.04 0.04 0.04 0.04 0.04 0.04 0.04 0.04 0.04 0.04 0.04 0.04 0.04 0.04 0.04 0.04 0.04 0.04 0.04 0.04 0.04 0.04 0.04 0.04 0.04 0.04 0.04 0.04 0.04 
0.05 0.05 0.05 0.05 0.05 0.05 0.05 0.05 0.05 0.05 0.05 0.05 0.05 0.05 0.05 0.05 0.05 0.05 0.05 0.05 0.05 0.05 0.05 0.05 0.05 0.05 0.05 0.05 0.05 0.05 0.05 0.05 0.05 0.05 0.05 0.05 0.05 0.05 0.05 0.05 0.05 0.05 0.05 0.05 0.05 0.05 0.05 0.05 
1 1 1 1 1 1 1 1 1 1 1 1 1 1 1 1 1 1 1 1 1 1 1 1 1 1 1 1 1 1 1 1 1 1 1 1 1 1 1 1 1 1 1 1 1 1 1 1 
