12 32 3 10
11 9 18 11 20 5 8 13 14 14 3 13 5 1 2 13 4 16 7 1 8 18 11 2 3 2 12 9 13 3 10 19 
4.68 3.19 9.25 7.83 1.8 3.44 0.39 3.04 15.21 15.49 3.7 12.4 8.11 0.58 10.23 7.82 5.42 5.35 12.28 6.26 9.51 10.25 6.33 8.85 0.66 1.06 6.43 11.02 4.52 11.93 8.59 3.54 
4.4 7.28 12.42 13.56 7.15 7.61 10.62 12.85 14.24 14.21 14.1 14.86 3.66 7.59 7.06 15.48 12.27 8.74 10.09 6.24 0.01 7.38 7.21 7.59 11.47 7.51 10.53 1.6 9.19 4.06 8.34 14.81 
11.48 7.25 6.31 8.39 7.98 14.68 5.04 9.22 10.85 13.99 13.52 5.01 13.39 6.3 13.18 15.96 7.12 14.54 5.17 14.88 5.93 1.14 10.39 5.94 3.91 5.87 2.17 4.39 10.68 8.43 14.45 13.8 
8 8 8 8 8 8 8 8 8 8 8 8 8 8 8 8 8 8 8 8 8 8 8 8 8 8 8 8 8 8 8 8 
7.33 8.41 14.5 7.91 1.7 14.45 11.52 6.53 3.83 12.26 12.28 2.37 9.63 11.35 14.03 5.05 7.41 8.67 10.18 4.46 9.31 2.99 12.15 3.5 12.38 10.89 8.51 14.77 4.83 8.33 13.72 0.85 
0.45 7.6 9.35 2.59 3.62 6.15 3.7 1.11 13.38 4.69 13.93 2.57 7.2 12.94 2.83 12.21 1.51 5.52 6.25 14.79 15.08 6.4 1.59 7.61 6.41 6.44 15.38 12.13 8.36 6.32 4.83 12.57 
11.82 10.54 6.42 1.01 0.68 7.08 4.3 14.4 14.69 2.4 9.24 1.33 5.57 10.83 3.35 15.04 14.99 1.96 2.76 9.85 8.98 0.26 5.44 12.37 5.74 9.72 8.86 11.09 7 10.97 6.4 3.13 
4.33 1.07 3.23 1.33 0.79 6.62 11.97 12.28 15.18 6.13 1.4 0.96 2.9 3.7 2.41 1 15.95 13.82 8.09 12.08 15.25 13.95 3.6 12.16 12.13 1.29 6.91 13.25 13.15 10.26 0.61 13.2 
12.27 1.47 1.86 5.21 14.4 6.32 10.73 6.6 3.36 10.3 4.47 4.64 11.55 10.49 9.5 0.75 1.48 13.17 3.33 10.16 0.13 8.5 11.06 7.95 3.79 2.36 13.9 5.68 10.03 14.52 4.65 4.33 
11.74 15.5 1.73 7.47 6.42 11.97 0.09 6.74 14.71 15.51 1.67 9.89 11.31 0.64 3.24 0.62 1.82 10.86 15.1 5.29 6.97 14.76 2.76 4.71 5.87 10.92 5.23 5.13 3.75 9.19 13.55 8.27 
1.7 9.59 4.04 3.94 8.58 1.22 12.65 4.25 15.96 14.2 14.98 5.54 7.39 3.83 2.38 14.56 4.03 9.14 1.67 6.12 9.17 5.07 13.56 15.97 11.49 13.52 1.91 0.57 2.71 7.03 3 13.55 
12.66 2.4 9.28 7.34 1.58 12.27 11.89 12 7.32 13.61 10.4 9.87 10.87 12.55 5.47 6.75 14.74 0.2 14.67 8.66 3.23 7.03 10.25 2.05 14.47 11.3 15.08 6.02 9.05 0.26 14.72 4.2 
1 1 1 1 1 1 1 1 1 1 1 1 1 1 1 1 1 1 1 1 1 1 1 1 1 1 1 1 1 1 1 1 
1 1 1 1 1 1 1 1 1 1 1 1 1 1 1 1 1 1 1 1 1 1 1 1 1 1 1 1 1 1 1 1 
1 1 1 1 1 1 1 1 1 1 1 1 1 1 1 1 1 1 1 1 1 1 1 1 1 1 1 1 1 1 1 1 
1 1 1 1 1 1 1 1 1 1 1 1 1 1 1 1 1 1 1 1 1 1 1 1 1 1 1 1 1 1 1 1 
1 1 1 1 1 1 1 1 1 1 1 1 1 1 1 1 1 1 1 1 1 1 1 1 1 1 1 1 1 1 1 1 
1 1 1 1 1 1 1 1 1 1 1 1 1 1 1 1 1 1 1 1 1 1 1 1 1 1 1 1 1 1 1 1 
1 1 1 1 1 1 1 1 1 1 1 1 1 1 1 1 1 1 1 1 1 1 1 1 1 1 1 1 1 1 1 1 
1 1 1 1 1 1 1 1 1 1 1 1 1 1 1 1 1 1 1 1 1 1 1 1 1 1 1 1 1 1 1 1 
1 1 1 1 1 1 1 1 1 1 1 1 1 1 1 1 1 1 1 1 1 1 1 1 1 1 1 1 1 1 1 1 
1 1 1 1 1 1 1 1 1 1 1 1 1 1 1 1 1 1 1 1 1 1 1 1 1 1 1 1 1 1 1 1 
1 1 1 1 1 1 1 1 1 1 1 1 1 1 1 1 1 1 1 1 1 1 1 1 1 1 1 1 1 1 1 1 
1 1 1 1 1 1 1 1 1 1 1 1 1 1 1 1 1 1 1 1 1 1 1 1 1 1 1 1 1 1 1 1 
0.01 0.01 0.01 0.01 0.01 0.01 0.01 0.01 0.01 0.01 0.01 0.01 0.01 0.01 0.01 0.01 0.01 0.01 0.01 0.01 0.01 0.01 0.01 0.01 0.01 0.01 0.01 0.01 0.01 0.01 0.01 0.01 
0.02 0.02 0.02 0.02 0.02 0.02 0.02 0.02 0.02 0.02 0.02 0.02 0.02 0.02 0.02 0.02 0.02 0.02 0.02 0.02 0.02 0.02 0.02 0.02 0.02 0.02 0.02 0.02 0.02 0.02 0.02 0.02 
0.03 0.03 0.03 0.03 0.03 0.03 0.03 0.03 0.03 0.03 0.03 0.03 0.03 0.03 0.03 0.03 0.03 0.03 0.03 0.03 0.03 0.03 0.03 0.03 0.03 0.03 0.03 0.03 0.03 0.03 0.03 0.03 
0.04 0.04 0.04 0.04 0.04 0.04 0.04 0.04 0.04 0.04 0.04 0.04 0.04 0.04 0.04 0.04 0.04 0.04 0.04 0.04 0.04 0.04 0.04 0.04 0.04 0.04 0.04 0.04 0.04 0.04 0.04 0.04 
0.125 0.125 0.125 0.125 0.125 0.125 0.125 0.125 0.125 0.125 0.125 0.125 0.125 0.125 0.125 0.125 0.125 0.125 0.125 0.125 0.125 0.125 0.125 0.125 0.125 0.125 0.125 0.125 0.125 0.125 0.125 0.125 
0.25 0.25 0.25 0.25 0.25 0.25 0.25 0.25 0.25 0.25 0.25 0.25 0.25 0.25 0.25 0.25 0.25 0.25 0.25 0.25 0.25 0.25 0.25 0.25 0.25 0.25 0.25 0.25 0.25 0.25 0.25 0.25 
0.375 0.375 0.375 0.375 0.375 0.375 0.375 0.375 0.375 0.375 0.375 0.375 0.375 0.375 0.375 0.375 0.375 0.375 0.375 0.375 0.375 0.375 0.375 0.375 0.375 0.375 0.375 0.375 0.375 0.375 0.375 0.375 
0.5 0.5 0.5 0.5 0.5 0.5 0.5 0.5 0.5 0.5 0.5 0.5 0.5 0.5 0.5 0.5 0.5 0.5 0.5 0.5 0.5 0.5 0.5 0.5 0.5 0.5 0.5 0.5 0.5 0.5 0.5 0.5 
0.625 0.625 0.625 0.625 0.625 0.625 0.625 0.625 0.625 0.625 0.625 0.625 0.625 0.625 0.625 0.625 0.625 0.625 0.625 0.625 0.625 0.625 0.625 0.625 0.625 0.625 0.625 0.625 0.625 0.625 0.625 0.625 
0.75 0.75 0.75 0.75 0.75 0.75 0.75 0.75 0.75 0.75 0.75 0.75 0.75 0.75 0.75 0.75 0.75 0.75 0.75 0.75 0.75 0.75 0.75 0.75 0.75 0.75 0.75 0.75 0.75 0.75 0.75 0.75 
0.875 0.875 0.875 0.875 0.875 0.875 0.875 0.875 0.875 0.875 0.875 0.875 0.875 0.875 0.875 0.875 0.875 0.875 0.875 0.875 0.875 0.875 0.875 0.875 0.875 0.875 0.875 0.875 0.875 0.875 0.875 0.875 
1 1 1 1 1 1 1 1 1 1 1 1 1 1 1 1 1 1 1 1 1 1 1 1 1 1 1 1 1 1 1 1 
