12 16 3 10
7 10 7 5 18 6 6 1 18 5 6 8 19 3 11 3 
1.68 1.72 10.13 15.08 8.8 10.04 1.48 10.53 0 14.88 4.31 2.38 7.07 9.89 7.86 2.45 
3.21 4.27 7.17 7.83 0.6 15.49 10.62 1.17 7.29 11.31 14.2 11.3 3.18 1.49 6.79 13.8 
7.87 11.68 0.51 14.4 12.79 2.14 5.7 14.55 4.05 10.95 4.78 13.51 0.09 15.51 12.77 14.09 
8 8 8 8 8 8 8 8 8 8 8 8 8 8 8 8 
4.47 3.71 14.84 10.41 9.98 14.77 1.68 6.22 3.27 2.06 14.36 9.88 0.91 10.86 4.24 11.59 
6.31 2.13 1.49 0.98 3.72 2.46 5.26 8.42 7.86 11.49 0.79 15.95 4.22 15.41 7.51 5.45 
3.28 7.31 12.34 4.43 13.29 11.03 15.95 9.56 15.48 2.06 9.13 4.7 8.77 3.95 11.79 0.85 
8.56 6.22 11.03 7.56 3.06 12.34 2.14 10.53 1.61 15.91 15.62 0.77 3.42 3.96 1.94 3.65 
3.9 12.19 1.62 15.14 4 14.64 1.01 10.55 12.39 1.66 9.48 10.43 11.69 8.87 0.05 13.08 
8.84 10.62 2.84 13.67 10 9.5 14.14 1.38 14.8 15.07 9.13 10.44 12.78 8.61 2.68 4.43 
11.43 3.15 11.51 9.8 5.4 7.43 9.28 13.56 7.07 0.33 1.61 15.46 0.41 6.46 6.43 1 
1.95 11.61 5.07 2.72 15.28 10.93 7.63 15.73 9.08 0.44 11.98 1.78 4.05 2.64 2.7 2.67 
1 1 1 1 1 1 1 1 1 1 1 1 1 1 1 1 
1 1 1 1 1 1 1 1 1 1 1 1 1 1 1 1 
1 1 1 1 1 1 1 1 1 1 1 1 1 1 1 1 
1 1 1 1 1 1 1 1 1 1 1 1 1 1 1 1 
1 1 1 1 1 1 1 1 1 1 1 1 1 1 1 1 
1 1 1 1 1 1 1 1 1 1 1 1 1 1 1 1 
1 1 1 1 1 1 1 1 1 1 1 1 1 1 1 1 
1 1 1 1 1 1 1 1 1 1 1 1 1 1 1 1 
1 1 1 1 1 1 1 1 1 1 1 1 1 1 1 1 
1 1 1 1 1 1 1 1 1 1 1 1 1 1 1 1 
1 1 1 1 1 1 1 1 1 1 1 1 1 1 1 1 
1 1 1 1 1 1 1 1 1 1 1 1 1 1 1 1 
0.01 0.01 0.01 0.01 0.01 0.01 0.01 0.01 0.01 0.01 0.01 0.01 0.01 0.01 0.01 0.01 
0.02 0.02 0.02 0.02 0.02 0.02 0.02 0.02 0.02 0.02 0.02 0.02 0.02 0.02 0.02 0.02 
0.03 0.03 0.03 0.03 0.03 0.03 0.03 0.03 0.03 0.03 0.03 0.03 0.03 0.03 0.03 0.03 
0.04 0.04 0.04 0.04 0.04 0.04 0.04 0.04 0.04 0.04 0.04 0.04 0.04 0.04 0.04 0.04 
0.125 0.125 0.125 0.125 0.125 0.125 0.125 0.125 0.125 0.125 0.125 0.125 0.125 0.125 0.125 0.125 
0.25 0.25 0.25 0.25 0.25 0.25 0.25 0.25 0.25 0.25 0.25 0.25 0.25 0.25 0.25 0.25 
0.375 0.375 0.375 0.375 0.375 0.375 0.375 0.375 0.375 0.375 0.375 0.375 0.375 0.375 0.375 0.375 
0.5 0.5 0.5 0.5 0.5 0.5 0.5 0.5 0.5 0.5 0.5 0.5 0.5 0.5 0.5 0.5 
0.625 0.625 0.625 0.625 0.625 0.625 0.625 0.625 0.625 0.625 0.625 0.625 0.625 0.625 0.625 0.625 
0.75 0.75 0.75 0.75 0.75 0.75 0.75 0.75 0.75 0.75 0.75 0.75 0.75 0.75 0.75 0.75 
0.875 0.875 0.875 0.875 0.875 0.875 0.875 0.875 0.875 0.875 0.875 0.875 0.875 0.875 0.875 0.875 
1 1 1 1 1 1 1 1 1 1 1 1 1 1 1 1 
