6 24 2 10
5 1 20 3 2 12 18 20 16 1 10 15 13 4 5 5 7 6 6 3 8 6 7 18 
2.91 12.7 12.29 2.23 4.67 14.84 5.1 11.31 5.33 7.86 2.29 7.9 12.92 15.39 15.56 8.05 8.19 2.61 14.67 10.12 0.62 7.34 5 6.1 
3.4 12.22 11.47 12.99 15.19 1.71 0.58 7.64 2.41 4.62 9.54 11.27 10.79 11.16 3.19 14.8 0.26 0.66 9.66 3.87 12.62 13.17 0.75 3.01 
8 8 8 8 8 8 8 8 8 8 8 8 8 8 8 8 8 8 8 8 8 8 8 8 
10.45 14.15 2.45 8.18 8.61 8.97 10.37 13.15 6.77 3.46 15.29 4.73 6.28 6.17 13.26 1.66 12.16 3.71 15.83 7.29 8.09 4.47 9 7.56 
13.52 6.64 8.35 5.04 5.16 11.8 3.35 11.85 6.07 13.43 1.22 11.69 6.59 3.57 10.75 11.89 8.54 10.84 9.34 9.81 8.68 7.99 12.22 10.32 
15.59 12.88 13.7 12.88 5.88 13.55 5.3 7.79 6.97 4.3 12.97 14.41 1.24 6.61 14.94 4.04 15.99 10.85 6.6 0.27 12.87 4.78 13.7 4.65 
1 1 1 1 1 1 1 1 1 1 1 1 1 1 1 1 1 1 1 1 1 1 1 1 
1 1 1 1 1 1 1 1 1 1 1 1 1 1 1 1 1 1 1 1 1 1 1 1 
1 1 1 1 1 1 1 1 1 1 1 1 1 1 1 1 1 1 1 1 1 1 1 1 
1 1 1 1 1 1 1 1 1 1 1 1 1 1 1 1 1 1 1 1 1 1 1 1 
1 1 1 1 1 1 1 1 1 1 1 1 1 1 1 1 1 1 1 1 1 1 1 1 
1 1 1 1 1 1 1 1 1 1 1 1 1 1 1 1 1 1 1 1 1 1 1 1 
0.01 0.01 0.01 0.01 0.01 0.01 0.01 0.01 0.01 0.01 0.01 0.01 0.01 0.01 0.01 0.01 0.01 0.01 0.01 0.01 0.01 0.01 0.01 0.01 
0.02 0.02 0.02 0.02 0.02 0.02 0.02 0.02 0.02 0.02 0.02 0.02 0.02 0.02 0.02 0.02 0.02 0.02 0.02 0.02 0.02 0.02 0.02 0.02 
0.03 0.03 0.03 0.03 0.03 0.03 0.03 0.03 0.03 0.03 0.03 0.03 0.03 0.03 0.03 0.03 0.03 0.03 0.03 0.03 0.03 0.03 0.03 0.03 
0.333333 0.333333 0.333333 0.333333 0.333333 0.333333 0.333333 0.333333 0.333333 0.333333 0.333333 0.333333 0.333333 0.333333 0.333333 0.333333 0.333333 0.333333 0.333333 0.333333 0.333333 0.333333 0.333333 0.333333 
0.666667 0.666667 0.666667 0.666667 0.666667 0.666667 0.666667 0.666667 0.666667 0.666667 0.666667 0.666667 0.666667 0.666667 0.666667 0.666667 0.666667 0.666667 0.666667 0.666667 0.666667 0.666667 0.666667 0.666667 
1 1 1 1 1 1 1 1 1 1 1 1 1 1 1 1 1 1 1 1 1 1 1 1 
