12 16 9 10
7 8 5 6 15 1 12 3 15 11 12 10 2 14 6 3 
8.77 12.74 7.77 7.15 0.34 8.32 11.51 0.81 13.53 3.88 8.45 12.6 1.74 4.81 5.23 0.03 
13.41 15.81 1.49 5.89 3.93 8.17 3.4 2.05 4.09 9.14 8.24 7.74 6.69 12.68 5.39 5.84 
10.56 0.83 1.78 4.99 9.27 13.94 9.01 14.91 5.81 4.13 9.97 12.82 8.74 0.06 4.22 6.38 
0 12.97 11.92 11.8 0.52 13.12 7.15 15.68 7.96 6.69 7.95 12.63 15.62 5.5 9.72 4.17 
12.72 15.89 8.7 10.91 2.07 2.72 14.5 7.77 12.73 8.52 5.66 1.49 6.89 6.53 10.8 3.63 
6.51 5.5 3.49 14.04 3.88 6.62 11.73 5.08 4.61 15.12 11.8 5.25 3.55 12.98 7.25 13.72 
3.86 9.95 12.29 11.93 10.4 0.9 7.88 6.11 1.49 4.23 8.26 8.46 8.79 4.84 9.61 13.07 
15.49 8.51 4.81 0.9 9.3 10.16 12.01 9.01 0.55 2.78 14.5 6.13 4.62 7.72 1.06 10.2 
9.7 11.78 9.87 8.05 1.96 12.3 2.4 3.25 13.16 12.25 10.13 10.67 3.93 11.15 0.95 5.44 
8 8 8 8 8 8 8 8 8 8 8 8 8 8 8 8 
9.93 4.49 7.84 14.69 6.71 11.32 13.5 13.35 6.6 15.43 10.99 8.88 0.07 1.01 11.33 6.04 
5.63 1.46 2.29 5.61 5.28 4.59 11 4.62 7.52 2.76 10.79 9.11 3.55 5.01 15.65 1.06 
1 1 1 1 1 1 1 1 1 1 1 1 1 1 1 1 
1 1 1 1 1 1 1 1 1 1 1 1 1 1 1 1 
1 1 1 1 1 1 1 1 1 1 1 1 1 1 1 1 
1 1 1 1 1 1 1 1 1 1 1 1 1 1 1 1 
1 1 1 1 1 1 1 1 1 1 1 1 1 1 1 1 
1 1 1 1 1 1 1 1 1 1 1 1 1 1 1 1 
1 1 1 1 1 1 1 1 1 1 1 1 1 1 1 1 
1 1 1 1 1 1 1 1 1 1 1 1 1 1 1 1 
1 1 1 1 1 1 1 1 1 1 1 1 1 1 1 1 
1 1 1 1 1 1 1 1 1 1 1 1 1 1 1 1 
1 1 1 1 1 1 1 1 1 1 1 1 1 1 1 1 
1 1 1 1 1 1 1 1 1 1 1 1 1 1 1 1 
0.01 0.01 0.01 0.01 0.01 0.01 0.01 0.01 0.01 0.01 0.01 0.01 0.01 0.01 0.01 0.01 
0.02 0.02 0.02 0.02 0.02 0.02 0.02 0.02 0.02 0.02 0.02 0.02 0.02 0.02 0.02 0.02 
0.03 0.03 0.03 0.03 0.03 0.03 0.03 0.03 0.03 0.03 0.03 0.03 0.03 0.03 0.03 0.03 
0.04 0.04 0.04 0.04 0.04 0.04 0.04 0.04 0.04 0.04 0.04 0.04 0.04 0.04 0.04 0.04 
0.05 0.05 0.05 0.05 0.05 0.05 0.05 0.05 0.05 0.05 0.05 0.05 0.05 0.05 0.05 0.05 
0.06 0.06 0.06 0.06 0.06 0.06 0.06 0.06 0.06 0.06 0.06 0.06 0.06 0.06 0.06 0.06 
0.07 0.07 0.07 0.07 0.07 0.07 0.07 0.07 0.07 0.07 0.07 0.07 0.07 0.07 0.07 0.07 
0.08 0.08 0.08 0.08 0.08 0.08 0.08 0.08 0.08 0.08 0.08 0.08 0.08 0.08 0.08 0.08 
0.09 0.09 0.09 0.09 0.09 0.09 0.09 0.09 0.09 0.09 0.09 0.09 0.09 0.09 0.09 0.09 
0.1 0.1 0.1 0.1 0.1 0.1 0.1 0.1 0.1 0.1 0.1 0.1 0.1 0.1 0.1 0.1 
0.5 0.5 0.5 0.5 0.5 0.5 0.5 0.5 0.5 0.5 0.5 0.5 0.5 0.5 0.5 0.5 
1 1 1 1 1 1 1 1 1 1 1 1 1 1 1 1 
