6 16 2 10
9 4 16 7 5 4 7 18 4 2 3 7 13 5 6 4 
1.38 10.44 14.86 8.2 4.47 8.2 7.87 12.66 9.93 12.63 10.3 8.59 5.93 3.81 9.28 14.68 
13.24 2.77 8.4 5.1 4.83 2.62 3.9 11.99 5.2 15.72 7.66 6.54 14.06 0.88 9.3 0.58 
8 8 8 8 8 8 8 8 8 8 8 8 8 8 8 8 
11.76 12.4 9.66 8.82 5.15 12.64 15.46 10.61 1.25 11 6.15 6.83 5.04 9.52 3.73 14.73 
0.69 15.69 6.8 14.37 15.83 13.64 11.57 14.15 2.38 1.82 13.86 11.48 12.68 15.47 14.45 5.98 
3.71 10.16 13.22 4.32 0.37 0.1 4.92 10.15 7.09 3.94 6.05 4.83 9.02 4.59 10.6 14.21 
1 1 1 1 1 1 1 1 1 1 1 1 1 1 1 1 
1 1 1 1 1 1 1 1 1 1 1 1 1 1 1 1 
1 1 1 1 1 1 1 1 1 1 1 1 1 1 1 1 
1 1 1 1 1 1 1 1 1 1 1 1 1 1 1 1 
1 1 1 1 1 1 1 1 1 1 1 1 1 1 1 1 
1 1 1 1 1 1 1 1 1 1 1 1 1 1 1 1 
0.01 0.01 0.01 0.01 0.01 0.01 0.01 0.01 0.01 0.01 0.01 0.01 0.01 0.01 0.01 0.01 
0.02 0.02 0.02 0.02 0.02 0.02 0.02 0.02 0.02 0.02 0.02 0.02 0.02 0.02 0.02 0.02 
0.03 0.03 0.03 0.03 0.03 0.03 0.03 0.03 0.03 0.03 0.03 0.03 0.03 0.03 0.03 0.03 
0.333333 0.333333 0.333333 0.333333 0.333333 0.333333 0.333333 0.333333 0.333333 0.333333 0.333333 0.333333 0.333333 0.333333 0.333333 0.333333 
0.666667 0.666667 0.666667 0.666667 0.666667 0.666667 0.666667 0.666667 0.666667 0.666667 0.666667 0.666667 0.666667 0.666667 0.666667 0.666667 
1 1 1 1 1 1 1 1 1 1 1 1 1 1 1 1 
