6 32 4 10
15 3 15 2 12 18 9 12 20 16 13 1 14 11 2 4 10 4 14 2 17 17 7 4 4 18 10 2 19 12 1 16 
5.62 7.01 9.58 13.72 9.79 15.49 5.17 4.67 6.74 13.1 8.41 2.94 2.04 5.97 2.23 10.69 0.26 2.77 9.11 5.24 3.27 8.53 8.5 1.31 12.09 6.07 8.01 15.74 6.24 2.51 8.25 3.15 
10.47 14.73 8.45 1.9 4.46 9.58 11.04 9.07 8.12 13.96 3.49 7.24 1.88 15.56 1.52 2.62 7.34 12.81 13.98 15.94 1.79 1.84 0.17 7.23 8.39 14.76 10.48 6.56 7.14 1.88 14.76 5.57 
15.22 1.05 5.71 11.27 1.89 12.92 2.01 13.58 10.7 13.55 7.59 0.54 3.81 14.97 13.72 8.68 0.89 12.7 0.78 7.08 10.86 8.31 2.68 14.38 3.12 14.79 14.68 6.55 1.7 0.98 1.38 10.47 
15.6 5.19 1.5 14.49 3.45 3.92 2.76 2.85 5.16 8.32 11.39 2.05 3.85 11.35 7.49 3.39 3.76 3.51 7.84 13.76 12.8 5.07 1.16 11.16 2.23 9.72 11.12 15.2 3.41 3.89 1.39 15.21 
8 8 8 8 8 8 8 8 8 8 8 8 8 8 8 8 8 8 8 8 8 8 8 8 8 8 8 8 8 8 8 8 
3.63 10.75 8.06 1.15 8.6 10.88 12.04 3.31 10.74 12.42 10.58 0.08 5.7 7.36 9.23 9.28 3.94 11.62 12.6 1.27 7.74 11.36 11.18 10.23 0.67 7.05 14.37 5.63 13.44 3.13 14.8 4.39 
1 1 1 1 1 1 1 1 1 1 1 1 1 1 1 1 1 1 1 1 1 1 1 1 1 1 1 1 1 1 1 1 
1 1 1 1 1 1 1 1 1 1 1 1 1 1 1 1 1 1 1 1 1 1 1 1 1 1 1 1 1 1 1 1 
1 1 1 1 1 1 1 1 1 1 1 1 1 1 1 1 1 1 1 1 1 1 1 1 1 1 1 1 1 1 1 1 
1 1 1 1 1 1 1 1 1 1 1 1 1 1 1 1 1 1 1 1 1 1 1 1 1 1 1 1 1 1 1 1 
1 1 1 1 1 1 1 1 1 1 1 1 1 1 1 1 1 1 1 1 1 1 1 1 1 1 1 1 1 1 1 1 
1 1 1 1 1 1 1 1 1 1 1 1 1 1 1 1 1 1 1 1 1 1 1 1 1 1 1 1 1 1 1 1 
0.01 0.01 0.01 0.01 0.01 0.01 0.01 0.01 0.01 0.01 0.01 0.01 0.01 0.01 0.01 0.01 0.01 0.01 0.01 0.01 0.01 0.01 0.01 0.01 0.01 0.01 0.01 0.01 0.01 0.01 0.01 0.01 
0.02 0.02 0.02 0.02 0.02 0.02 0.02 0.02 0.02 0.02 0.02 0.02 0.02 0.02 0.02 0.02 0.02 0.02 0.02 0.02 0.02 0.02 0.02 0.02 0.02 0.02 0.02 0.02 0.02 0.02 0.02 0.02 
0.03 0.03 0.03 0.03 0.03 0.03 0.03 0.03 0.03 0.03 0.03 0.03 0.03 0.03 0.03 0.03 0.03 0.03 0.03 0.03 0.03 0.03 0.03 0.03 0.03 0.03 0.03 0.03 0.03 0.03 0.03 0.03 
0.04 0.04 0.04 0.04 0.04 0.04 0.04 0.04 0.04 0.04 0.04 0.04 0.04 0.04 0.04 0.04 0.04 0.04 0.04 0.04 0.04 0.04 0.04 0.04 0.04 0.04 0.04 0.04 0.04 0.04 0.04 0.04 
0.05 0.05 0.05 0.05 0.05 0.05 0.05 0.05 0.05 0.05 0.05 0.05 0.05 0.05 0.05 0.05 0.05 0.05 0.05 0.05 0.05 0.05 0.05 0.05 0.05 0.05 0.05 0.05 0.05 0.05 0.05 0.05 
1 1 1 1 1 1 1 1 1 1 1 1 1 1 1 1 1 1 1 1 1 1 1 1 1 1 1 1 1 1 1 1 
