6 16 2 10
11 3 6 7 19 14 1 15 13 4 17 19 16 11 3 18 
13.96 7.34 13.09 8.25 13.61 5.21 9.91 11.16 13.79 11.52 12.81 13.87 15.23 6.92 9.49 2.2 
12.86 5.43 3.69 5.66 14.13 3.14 6.65 4.45 8.98 5.7 0.5 15.61 1.46 3.32 7.58 10.91 
8 8 8 8 8 8 8 8 8 8 8 8 8 8 8 8 
10.09 2.24 12.94 4.42 13.01 14.5 8.59 14.85 11.52 8.85 0.93 1.12 8.97 15.97 8.46 3.24 
11.7 13.94 8.44 7.85 1.61 15.56 10.85 10.72 12.15 1.09 9.92 1.3 14.28 13.8 11.42 12.75 
6.15 9.14 7.17 10.28 3.17 9.19 9.28 8.49 0.66 11.2 8.13 14.06 14.31 8.62 9.42 12.48 
1 1 1 1 1 1 1 1 1 1 1 1 1 1 1 1 
1 1 1 1 1 1 1 1 1 1 1 1 1 1 1 1 
1 1 1 1 1 1 1 1 1 1 1 1 1 1 1 1 
1 1 1 1 1 1 1 1 1 1 1 1 1 1 1 1 
1 1 1 1 1 1 1 1 1 1 1 1 1 1 1 1 
1 1 1 1 1 1 1 1 1 1 1 1 1 1 1 1 
0.01 0.01 0.01 0.01 0.01 0.01 0.01 0.01 0.01 0.01 0.01 0.01 0.01 0.01 0.01 0.01 
0.02 0.02 0.02 0.02 0.02 0.02 0.02 0.02 0.02 0.02 0.02 0.02 0.02 0.02 0.02 0.02 
0.03 0.03 0.03 0.03 0.03 0.03 0.03 0.03 0.03 0.03 0.03 0.03 0.03 0.03 0.03 0.03 
0.333333 0.333333 0.333333 0.333333 0.333333 0.333333 0.333333 0.333333 0.333333 0.333333 0.333333 0.333333 0.333333 0.333333 0.333333 0.333333 
0.666667 0.666667 0.666667 0.666667 0.666667 0.666667 0.666667 0.666667 0.666667 0.666667 0.666667 0.666667 0.666667 0.666667 0.666667 0.666667 
1 1 1 1 1 1 1 1 1 1 1 1 1 1 1 1 
