12 24 3 10
15 16 12 4 16 19 17 15 5 11 12 5 13 20 9 9 10 20 1 5 3 4 13 14 
12.36 11.09 3.45 4.17 7.82 10.8 3.36 8.57 15.25 8.1 10.05 1.45 7.07 6.9 11.42 2.03 2.71 12.44 14.92 0.31 14.61 7.82 6.66 3.08 
12.5 9.8 8.83 6.03 13.96 8.36 3.97 9.45 15.23 1.1 12.05 13.96 9.82 6.32 9.77 7.01 11 5.23 2.97 8.18 3.49 1.73 3.82 12.11 
9.88 5.16 2.1 14.98 4.23 15.9 2.36 1.44 14.55 0.28 0.48 3.4 6.12 11.69 9.29 8.62 9.15 3.35 15.9 9.93 10.38 4.48 15.54 1.86 
8 8 8 8 8 8 8 8 8 8 8 8 8 8 8 8 8 8 8 8 8 8 8 8 
13.72 2.5 3.65 3.81 0.04 3.56 1.47 6.57 5.15 15.37 15.34 6.21 6.72 2.23 9.89 14.32 14.93 6.52 12.84 10.3 0.78 9.76 11.17 12.74 
0.97 2.82 3.22 0.84 0.73 7.16 2.01 14.02 14.94 4.68 2.97 10.8 13.57 7.61 10.95 3.05 8.84 12.26 12.36 7.24 3.72 2.06 6.47 12.8 
9.38 9.5 15.88 6.92 9.4 5.92 13.13 1.08 1.74 6.03 3.97 4.91 15.24 12.52 4.75 5.15 15.89 0.35 15.45 4.67 6.26 4.34 15.29 11.81 
11.45 0.03 9.34 5.63 9.74 0.53 5.58 8.36 6.36 13.32 1.66 6.86 0.77 9.16 3.41 14.23 3.73 5.71 12.48 0.11 2.51 4.54 10.09 8.63 
1.48 7.04 1.21 7.9 1.62 7.79 12.82 4.47 12.91 5.79 0.65 11.98 1.92 3.68 10.09 3.8 14.97 8.54 15.27 8.32 11.66 8.03 0.16 3.82 
15.27 14.48 8.21 15.11 5.13 9.58 11.53 7.52 8.44 5.81 2.38 0.31 15.74 8.18 8.85 10.48 8.9 4.41 13.36 4.01 0.06 5.9 13.89 0.93 
6.33 2.82 6.19 5.26 12.82 15.19 7 4.34 15.43 3.43 3.69 11.24 3.53 5.66 6.88 2.84 14.94 8.45 7.77 11.8 6.58 6.8 9.48 13.8 
8.84 6.06 14.69 2.52 5.82 15.94 1.78 9.74 13.66 3.34 7.83 13.77 3.16 1.99 5 8.88 13.68 11.81 3.85 9.29 1.09 10.32 6.03 10.3 
1 1 1 1 1 1 1 1 1 1 1 1 1 1 1 1 1 1 1 1 1 1 1 1 
1 1 1 1 1 1 1 1 1 1 1 1 1 1 1 1 1 1 1 1 1 1 1 1 
1 1 1 1 1 1 1 1 1 1 1 1 1 1 1 1 1 1 1 1 1 1 1 1 
1 1 1 1 1 1 1 1 1 1 1 1 1 1 1 1 1 1 1 1 1 1 1 1 
1 1 1 1 1 1 1 1 1 1 1 1 1 1 1 1 1 1 1 1 1 1 1 1 
1 1 1 1 1 1 1 1 1 1 1 1 1 1 1 1 1 1 1 1 1 1 1 1 
1 1 1 1 1 1 1 1 1 1 1 1 1 1 1 1 1 1 1 1 1 1 1 1 
1 1 1 1 1 1 1 1 1 1 1 1 1 1 1 1 1 1 1 1 1 1 1 1 
1 1 1 1 1 1 1 1 1 1 1 1 1 1 1 1 1 1 1 1 1 1 1 1 
1 1 1 1 1 1 1 1 1 1 1 1 1 1 1 1 1 1 1 1 1 1 1 1 
1 1 1 1 1 1 1 1 1 1 1 1 1 1 1 1 1 1 1 1 1 1 1 1 
1 1 1 1 1 1 1 1 1 1 1 1 1 1 1 1 1 1 1 1 1 1 1 1 
0.01 0.01 0.01 0.01 0.01 0.01 0.01 0.01 0.01 0.01 0.01 0.01 0.01 0.01 0.01 0.01 0.01 0.01 0.01 0.01 0.01 0.01 0.01 0.01 
0.02 0.02 0.02 0.02 0.02 0.02 0.02 0.02 0.02 0.02 0.02 0.02 0.02 0.02 0.02 0.02 0.02 0.02 0.02 0.02 0.02 0.02 0.02 0.02 
0.03 0.03 0.03 0.03 0.03 0.03 0.03 0.03 0.03 0.03 0.03 0.03 0.03 0.03 0.03 0.03 0.03 0.03 0.03 0.03 0.03 0.03 0.03 0.03 
0.04 0.04 0.04 0.04 0.04 0.04 0.04 0.04 0.04 0.04 0.04 0.04 0.04 0.04 0.04 0.04 0.04 0.04 0.04 0.04 0.04 0.04 0.04 0.04 
0.125 0.125 0.125 0.125 0.125 0.125 0.125 0.125 0.125 0.125 0.125 0.125 0.125 0.125 0.125 0.125 0.125 0.125 0.125 0.125 0.125 0.125 0.125 0.125 
0.25 0.25 0.25 0.25 0.25 0.25 0.25 0.25 0.25 0.25 0.25 0.25 0.25 0.25 0.25 0.25 0.25 0.25 0.25 0.25 0.25 0.25 0.25 0.25 
0.375 0.375 0.375 0.375 0.375 0.375 0.375 0.375 0.375 0.375 0.375 0.375 0.375 0.375 0.375 0.375 0.375 0.375 0.375 0.375 0.375 0.375 0.375 0.375 
0.5 0.5 0.5 0.5 0.5 0.5 0.5 0.5 0.5 0.5 0.5 0.5 0.5 0.5 0.5 0.5 0.5 0.5 0.5 0.5 0.5 0.5 0.5 0.5 
0.625 0.625 0.625 0.625 0.625 0.625 0.625 0.625 0.625 0.625 0.625 0.625 0.625 0.625 0.625 0.625 0.625 0.625 0.625 0.625 0.625 0.625 0.625 0.625 
0.75 0.75 0.75 0.75 0.75 0.75 0.75 0.75 0.75 0.75 0.75 0.75 0.75 0.75 0.75 0.75 0.75 0.75 0.75 0.75 0.75 0.75 0.75 0.75 
0.875 0.875 0.875 0.875 0.875 0.875 0.875 0.875 0.875 0.875 0.875 0.875 0.875 0.875 0.875 0.875 0.875 0.875 0.875 0.875 0.875 0.875 0.875 0.875 
1 1 1 1 1 1 1 1 1 1 1 1 1 1 1 1 1 1 1 1 1 1 1 1 
