12 48 3 10
16 19 15 9 20 14 19 18 8 3 14 6 4 7 16 2 20 1 14 6 12 12 12 15 11 19 7 10 6 15 20 2 8 7 6 13 15 17 1 12 10 17 14 7 2 18 12 1 
14.68 2.75 12.22 3.72 11.72 3.82 1.59 10.13 10.15 15.44 10.7 11.84 6.39 5.7 9.04 10.39 15.41 5.22 12.26 6.17 15.05 14.09 11.66 7.9 2.82 13.19 6.23 13 15.96 3.31 5.71 3.62 13.51 1.18 4.05 12.88 3.34 2.55 7.99 11.9 12.9 10.89 6.18 15.04 2.75 11 0.87 1.33 
11.12 7.93 11.21 8.22 9.08 4.09 12.31 12.91 6.45 14.79 2.69 4.77 13.56 3.19 10.11 1.19 0.05 0.63 2.35 7.54 1.09 1.48 4.7 14.7 6.32 10.38 8.93 5.23 1.74 15.34 7.02 4.46 15.92 11.36 8.8 3.2 9.76 9.7 3.34 8.49 6.31 11.31 8.54 7.64 5.86 8.18 3.29 0.52 
12.33 15.87 2.07 0 11.06 3.04 8.69 10.42 0.49 9.79 8.32 8.25 12.73 5.08 4.48 11.74 0.81 6.54 3.32 0.82 6.1 8.37 5.32 6.53 15.62 13.79 10.57 7.5 15.84 3.99 6.97 1.18 0.25 2.69 0.14 12.33 8.92 14.25 4.74 15.31 1.88 1.15 2.8 1.49 5.92 6.58 5.04 5.92 
8 8 8 8 8 8 8 8 8 8 8 8 8 8 8 8 8 8 8 8 8 8 8 8 8 8 8 8 8 8 8 8 8 8 8 8 8 8 8 8 8 8 8 8 8 8 8 8 
11.46 4.19 2.94 9.61 8.26 3.64 10.86 5.31 13.38 14.85 14.97 4.54 4.54 10.34 12.31 9.51 3.13 2.06 14.23 6.45 0.44 6.82 14.39 7.54 15.84 12.23 14.72 14.61 12.3 3.32 0.1 0.7 9.02 15.9 9.5 9.64 10.89 6.64 5.22 10.9 7.51 3.47 5.8 8.76 0.67 4.46 5.68 0.2 
10.03 0.19 15.27 14.27 5.59 14.36 7.52 8.88 15.46 2.51 1.79 5.29 11.35 4.93 15.92 14.25 14.14 12.86 6.3 4.53 7.66 8.02 9.51 8.54 5.84 4.99 1.75 12.8 5.23 6.43 12.19 4.86 9.38 0.96 5.5 13.33 12.47 7.51 3.22 12.9 6.26 12.08 6.49 0.91 7.58 6.94 14.75 2.08 
0.36 8.9 2.15 0.15 9.09 13.94 14.42 13.19 0.06 13.51 4.39 11.63 15.96 0.34 6.62 6.98 11.12 14.29 10.31 12.65 3.12 14.23 6.88 0.35 10 10.78 5.55 15.91 4.02 14.91 2.04 7.23 6.3 15.24 1.31 14.25 4.97 6.38 3.82 14.88 11.38 10.57 2.18 3.81 7.71 1.72 3.94 6.31 
11.79 4.79 8.8 15.91 5.84 7.56 1.85 8.32 9.78 12.46 14.85 13.98 15.47 4.78 9.69 6.87 10.36 2.54 13.49 6.54 9.36 9.59 11.68 15.05 13.95 7.08 3.73 15.91 11.51 15.14 11.55 1.56 4.16 15.54 9.54 4.69 14.21 13.22 11.28 2.24 4.45 11.09 1.74 13.89 0.96 15.38 7.24 4.82 
5.86 9.35 11.78 15.48 11.66 9.24 9.25 15.03 3.71 13.58 3.55 11.05 3.53 7.51 0.84 3.33 12.91 11.08 12.16 1.54 1 13.5 10.39 13.05 10.98 0.09 15.46 0.92 13 2.15 3.23 0.08 0.23 12.01 5.27 8.8 4.52 14.08 13.89 9.45 0.54 10.01 6.6 4.6 3.79 1.62 11.51 7.86 
9.98 2.41 15.87 3.68 7.79 12.45 14.3 1.68 7.66 1.72 0.12 2.04 9.35 13.87 14.97 9.82 12.06 12.25 4.9 10.6 0.89 9.49 14.1 6.3 11.53 8.74 2.83 3.06 12.24 7.64 2.45 1.2 6.32 4.66 1.86 1.07 4.04 7.46 6.71 6.7 10.28 15.16 7.33 6.71 14.44 4.66 15.02 15.15 
4.45 14.63 10.69 13.42 12.65 9.89 7.49 3.11 12.49 8.71 11.73 15.16 11.81 13.29 14.82 9.38 7.65 4.77 14.88 14.37 13.94 12.3 12.03 10.38 1.17 0.96 0.4 1.54 13.18 12.86 10.87 13.19 11.9 11.67 5.63 7.49 10.26 10.38 6.02 9.72 5.42 3.05 8.97 14.16 0.97 15.53 15.73 12.09 
10.21 8.72 5.03 6.83 11.19 9.82 10.48 1.01 4.14 8.6 9.66 6.55 1.33 5.41 4.63 11.7 10.37 4.9 9.22 15.81 10.59 11.9 12.97 8.82 5.66 10.97 0.87 10.04 7.02 9.13 0.53 10.85 1.1 6.37 8.78 3.14 9.79 11.95 5.89 14.51 11.61 14.59 3.03 9.97 8.85 15.47 11.22 15.41 
1 1 1 1 1 1 1 1 1 1 1 1 1 1 1 1 1 1 1 1 1 1 1 1 1 1 1 1 1 1 1 1 1 1 1 1 1 1 1 1 1 1 1 1 1 1 1 1 
1 1 1 1 1 1 1 1 1 1 1 1 1 1 1 1 1 1 1 1 1 1 1 1 1 1 1 1 1 1 1 1 1 1 1 1 1 1 1 1 1 1 1 1 1 1 1 1 
1 1 1 1 1 1 1 1 1 1 1 1 1 1 1 1 1 1 1 1 1 1 1 1 1 1 1 1 1 1 1 1 1 1 1 1 1 1 1 1 1 1 1 1 1 1 1 1 
1 1 1 1 1 1 1 1 1 1 1 1 1 1 1 1 1 1 1 1 1 1 1 1 1 1 1 1 1 1 1 1 1 1 1 1 1 1 1 1 1 1 1 1 1 1 1 1 
1 1 1 1 1 1 1 1 1 1 1 1 1 1 1 1 1 1 1 1 1 1 1 1 1 1 1 1 1 1 1 1 1 1 1 1 1 1 1 1 1 1 1 1 1 1 1 1 
1 1 1 1 1 1 1 1 1 1 1 1 1 1 1 1 1 1 1 1 1 1 1 1 1 1 1 1 1 1 1 1 1 1 1 1 1 1 1 1 1 1 1 1 1 1 1 1 
1 1 1 1 1 1 1 1 1 1 1 1 1 1 1 1 1 1 1 1 1 1 1 1 1 1 1 1 1 1 1 1 1 1 1 1 1 1 1 1 1 1 1 1 1 1 1 1 
1 1 1 1 1 1 1 1 1 1 1 1 1 1 1 1 1 1 1 1 1 1 1 1 1 1 1 1 1 1 1 1 1 1 1 1 1 1 1 1 1 1 1 1 1 1 1 1 
1 1 1 1 1 1 1 1 1 1 1 1 1 1 1 1 1 1 1 1 1 1 1 1 1 1 1 1 1 1 1 1 1 1 1 1 1 1 1 1 1 1 1 1 1 1 1 1 
1 1 1 1 1 1 1 1 1 1 1 1 1 1 1 1 1 1 1 1 1 1 1 1 1 1 1 1 1 1 1 1 1 1 1 1 1 1 1 1 1 1 1 1 1 1 1 1 
1 1 1 1 1 1 1 1 1 1 1 1 1 1 1 1 1 1 1 1 1 1 1 1 1 1 1 1 1 1 1 1 1 1 1 1 1 1 1 1 1 1 1 1 1 1 1 1 
1 1 1 1 1 1 1 1 1 1 1 1 1 1 1 1 1 1 1 1 1 1 1 1 1 1 1 1 1 1 1 1 1 1 1 1 1 1 1 1 1 1 1 1 1 1 1 1 
0.01 0.01 0.01 0.01 0.01 0.01 0.01 0.01 0.01 0.01 0.01 0.01 0.01 0.01 0.01 0.01 0.01 0.01 0.01 0.01 0.01 0.01 0.01 0.01 0.01 0.01 0.01 0.01 0.01 0.01 0.01 0.01 0.01 0.01 0.01 0.01 0.01 0.01 0.01 0.01 0.01 0.01 0.01 0.01 0.01 0.01 0.01 0.01 
0.02 0.02 0.02 0.02 0.02 0.02 0.02 0.02 0.02 0.02 0.02 0.02 0.02 0.02 0.02 0.02 0.02 0.02 0.02 0.02 0.02 0.02 0.02 0.02 0.02 0.02 0.02 0.02 0.02 0.02 0.02 0.02 0.02 0.02 0.02 0.02 0.02 0.02 0.02 0.02 0.02 0.02 0.02 0.02 0.02 0.02 0.02 0.02 
0.03 0.03 0.03 0.03 0.03 0.03 0.03 0.03 0.03 0.03 0.03 0.03 0.03 0.03 0.03 0.03 0.03 0.03 0.03 0.03 0.03 0.03 0.03 0.03 0.03 0.03 0.03 0.03 0.03 0.03 0.03 0.03 0.03 0.03 0.03 0.03 0.03 0.03 0.03 0.03 0.03 0.03 0.03 0.03 0.03 0.03 0.03 0.03 
0.04 0.04 0.04 0.04 0.04 0.04 0.04 0.04 0.04 0.04 0.04 0.04 0.04 0.04 0.04 0.04 0.04 0.04 0.04 0.04 0.04 0.04 0.04 0.04 0.04 0.04 0.04 0.04 0.04 0.04 0.04 0.04 0.04 0.04 0.04 0.04 0.04 0.04 0.04 0.04 0.04 0.04 0.04 0.04 0.04 0.04 0.04 0.04 
0.125 0.125 0.125 0.125 0.125 0.125 0.125 0.125 0.125 0.125 0.125 0.125 0.125 0.125 0.125 0.125 0.125 0.125 0.125 0.125 0.125 0.125 0.125 0.125 0.125 0.125 0.125 0.125 0.125 0.125 0.125 0.125 0.125 0.125 0.125 0.125 0.125 0.125 0.125 0.125 0.125 0.125 0.125 0.125 0.125 0.125 0.125 0.125 
0.25 0.25 0.25 0.25 0.25 0.25 0.25 0.25 0.25 0.25 0.25 0.25 0.25 0.25 0.25 0.25 0.25 0.25 0.25 0.25 0.25 0.25 0.25 0.25 0.25 0.25 0.25 0.25 0.25 0.25 0.25 0.25 0.25 0.25 0.25 0.25 0.25 0.25 0.25 0.25 0.25 0.25 0.25 0.25 0.25 0.25 0.25 0.25 
0.375 0.375 0.375 0.375 0.375 0.375 0.375 0.375 0.375 0.375 0.375 0.375 0.375 0.375 0.375 0.375 0.375 0.375 0.375 0.375 0.375 0.375 0.375 0.375 0.375 0.375 0.375 0.375 0.375 0.375 0.375 0.375 0.375 0.375 0.375 0.375 0.375 0.375 0.375 0.375 0.375 0.375 0.375 0.375 0.375 0.375 0.375 0.375 
0.5 0.5 0.5 0.5 0.5 0.5 0.5 0.5 0.5 0.5 0.5 0.5 0.5 0.5 0.5 0.5 0.5 0.5 0.5 0.5 0.5 0.5 0.5 0.5 0.5 0.5 0.5 0.5 0.5 0.5 0.5 0.5 0.5 0.5 0.5 0.5 0.5 0.5 0.5 0.5 0.5 0.5 0.5 0.5 0.5 0.5 0.5 0.5 
0.625 0.625 0.625 0.625 0.625 0.625 0.625 0.625 0.625 0.625 0.625 0.625 0.625 0.625 0.625 0.625 0.625 0.625 0.625 0.625 0.625 0.625 0.625 0.625 0.625 0.625 0.625 0.625 0.625 0.625 0.625 0.625 0.625 0.625 0.625 0.625 0.625 0.625 0.625 0.625 0.625 0.625 0.625 0.625 0.625 0.625 0.625 0.625 
0.75 0.75 0.75 0.75 0.75 0.75 0.75 0.75 0.75 0.75 0.75 0.75 0.75 0.75 0.75 0.75 0.75 0.75 0.75 0.75 0.75 0.75 0.75 0.75 0.75 0.75 0.75 0.75 0.75 0.75 0.75 0.75 0.75 0.75 0.75 0.75 0.75 0.75 0.75 0.75 0.75 0.75 0.75 0.75 0.75 0.75 0.75 0.75 
0.875 0.875 0.875 0.875 0.875 0.875 0.875 0.875 0.875 0.875 0.875 0.875 0.875 0.875 0.875 0.875 0.875 0.875 0.875 0.875 0.875 0.875 0.875 0.875 0.875 0.875 0.875 0.875 0.875 0.875 0.875 0.875 0.875 0.875 0.875 0.875 0.875 0.875 0.875 0.875 0.875 0.875 0.875 0.875 0.875 0.875 0.875 0.875 
1 1 1 1 1 1 1 1 1 1 1 1 1 1 1 1 1 1 1 1 1 1 1 1 1 1 1 1 1 1 1 1 1 1 1 1 1 1 1 1 1 1 1 1 1 1 1 1 
