12 32 9 10
3 16 7 17 3 11 12 15 8 12 10 10 17 6 5 1 16 5 10 19 9 6 13 14 3 17 11 14 8 11 4 2 
7.64 12.95 4.24 1.17 13.81 14.16 12.04 15.26 6.21 6.64 0.71 13.14 0.89 15.08 11.74 1.27 3.59 3.49 6.83 15.57 2.98 4.36 15.05 14.54 4.75 12.2 9.24 8.02 12.08 9.44 13.24 3.08 
13.57 2.2 12.93 15.1 12.35 2.6 2.9 5.89 15.61 3.75 7.32 3.77 14.5 10.93 3.01 12.95 7.99 2.56 3.7 3.92 13.37 15.04 1.35 13.85 0.71 3.59 11.1 14.79 15.51 1.8 7.71 7.74 
12.04 4.21 0.57 8.66 4.02 5.15 7.64 6.32 13.55 13.07 2.22 15.69 6.64 2.52 9.78 6.88 2.46 14.57 14.49 13.46 5.56 0.97 11.69 14.48 13.47 0.66 10.32 2.97 6.04 3.19 10.89 10.48 
10.41 1.77 15.21 2.5 4.05 0.84 11.51 8 8.8 6.6 11.47 6.76 12.04 11.07 9.16 12.17 10.67 4.67 1.64 6.08 4.12 5.56 15.45 5.86 8.74 6.48 13.54 13.17 12.43 7.64 13.5 4.25 
1.14 7.32 10.54 7.3 0.55 4.31 5.26 11.78 15.54 7.64 11.22 0.36 15.25 11.2 10.35 12.28 9.44 1.55 1.22 0.68 15.47 9.5 5.89 10.87 7.27 8.56 0.39 11.56 1.76 8.13 15.92 8.5 
13.44 7.07 7.94 2.03 7.56 4.84 9.26 10.47 7.08 12.58 14.98 0.65 3.41 2.85 9.94 4.34 1.55 13.55 9.44 8.65 14.13 7.62 14.26 8.73 2.13 14.78 14.13 9.93 8.34 0.06 9.34 9.25 
14.99 0.14 6.43 0.18 11.22 8.57 13.81 14.85 4.6 8.98 9.48 5.11 4.51 13.48 11.02 4.86 1.52 9.02 1.15 5.78 11.29 3.11 7.74 13.29 6.48 15.02 12.7 10.26 3.65 12.14 9.88 13.8 
11.64 2.18 3.18 12.05 11.88 10.34 6.23 9.8 10.18 2.79 0.61 3.15 6.54 1.02 0.75 14.51 8.34 4.61 2.76 3.09 10.37 4.38 13.45 14.43 2.8 3.22 10.59 13.76 10.67 7.09 0.77 1.16 
10.77 3.23 0.27 11.87 5.25 11.61 9.28 10.63 5.13 10.07 12.95 5.04 3.25 5.57 9.31 10.8 12.07 1.83 7.3 10.24 1.94 0.58 9.95 7.93 8.33 12.4 5.53 10.75 9.94 15.84 8.92 13.71 
8 8 8 8 8 8 8 8 8 8 8 8 8 8 8 8 8 8 8 8 8 8 8 8 8 8 8 8 8 8 8 8 
12.46 1.66 6.61 14.17 3.54 3.01 8.3 13.25 7.71 5.27 12.72 6.35 9.77 11.97 6.95 10.83 9.92 6.89 3.71 13.72 12.39 9.02 15.53 12.21 10.54 6.12 4.82 0.38 4.75 7.66 4.21 13.57 
11.71 10.41 11.95 5.07 15.1 7.32 13.39 14.68 4.81 11.89 3.64 4.88 4.62 10.62 5.38 2.56 10.86 11.51 10.81 12.47 9.08 8.68 6.89 7.11 2.44 7.05 8.13 12.1 5.97 10.59 0.13 12.46 
1 1 1 1 1 1 1 1 1 1 1 1 1 1 1 1 1 1 1 1 1 1 1 1 1 1 1 1 1 1 1 1 
1 1 1 1 1 1 1 1 1 1 1 1 1 1 1 1 1 1 1 1 1 1 1 1 1 1 1 1 1 1 1 1 
1 1 1 1 1 1 1 1 1 1 1 1 1 1 1 1 1 1 1 1 1 1 1 1 1 1 1 1 1 1 1 1 
1 1 1 1 1 1 1 1 1 1 1 1 1 1 1 1 1 1 1 1 1 1 1 1 1 1 1 1 1 1 1 1 
1 1 1 1 1 1 1 1 1 1 1 1 1 1 1 1 1 1 1 1 1 1 1 1 1 1 1 1 1 1 1 1 
1 1 1 1 1 1 1 1 1 1 1 1 1 1 1 1 1 1 1 1 1 1 1 1 1 1 1 1 1 1 1 1 
1 1 1 1 1 1 1 1 1 1 1 1 1 1 1 1 1 1 1 1 1 1 1 1 1 1 1 1 1 1 1 1 
1 1 1 1 1 1 1 1 1 1 1 1 1 1 1 1 1 1 1 1 1 1 1 1 1 1 1 1 1 1 1 1 
1 1 1 1 1 1 1 1 1 1 1 1 1 1 1 1 1 1 1 1 1 1 1 1 1 1 1 1 1 1 1 1 
1 1 1 1 1 1 1 1 1 1 1 1 1 1 1 1 1 1 1 1 1 1 1 1 1 1 1 1 1 1 1 1 
1 1 1 1 1 1 1 1 1 1 1 1 1 1 1 1 1 1 1 1 1 1 1 1 1 1 1 1 1 1 1 1 
1 1 1 1 1 1 1 1 1 1 1 1 1 1 1 1 1 1 1 1 1 1 1 1 1 1 1 1 1 1 1 1 
0.01 0.01 0.01 0.01 0.01 0.01 0.01 0.01 0.01 0.01 0.01 0.01 0.01 0.01 0.01 0.01 0.01 0.01 0.01 0.01 0.01 0.01 0.01 0.01 0.01 0.01 0.01 0.01 0.01 0.01 0.01 0.01 
0.02 0.02 0.02 0.02 0.02 0.02 0.02 0.02 0.02 0.02 0.02 0.02 0.02 0.02 0.02 0.02 0.02 0.02 0.02 0.02 0.02 0.02 0.02 0.02 0.02 0.02 0.02 0.02 0.02 0.02 0.02 0.02 
0.03 0.03 0.03 0.03 0.03 0.03 0.03 0.03 0.03 0.03 0.03 0.03 0.03 0.03 0.03 0.03 0.03 0.03 0.03 0.03 0.03 0.03 0.03 0.03 0.03 0.03 0.03 0.03 0.03 0.03 0.03 0.03 
0.04 0.04 0.04 0.04 0.04 0.04 0.04 0.04 0.04 0.04 0.04 0.04 0.04 0.04 0.04 0.04 0.04 0.04 0.04 0.04 0.04 0.04 0.04 0.04 0.04 0.04 0.04 0.04 0.04 0.04 0.04 0.04 
0.05 0.05 0.05 0.05 0.05 0.05 0.05 0.05 0.05 0.05 0.05 0.05 0.05 0.05 0.05 0.05 0.05 0.05 0.05 0.05 0.05 0.05 0.05 0.05 0.05 0.05 0.05 0.05 0.05 0.05 0.05 0.05 
0.06 0.06 0.06 0.06 0.06 0.06 0.06 0.06 0.06 0.06 0.06 0.06 0.06 0.06 0.06 0.06 0.06 0.06 0.06 0.06 0.06 0.06 0.06 0.06 0.06 0.06 0.06 0.06 0.06 0.06 0.06 0.06 
0.07 0.07 0.07 0.07 0.07 0.07 0.07 0.07 0.07 0.07 0.07 0.07 0.07 0.07 0.07 0.07 0.07 0.07 0.07 0.07 0.07 0.07 0.07 0.07 0.07 0.07 0.07 0.07 0.07 0.07 0.07 0.07 
0.08 0.08 0.08 0.08 0.08 0.08 0.08 0.08 0.08 0.08 0.08 0.08 0.08 0.08 0.08 0.08 0.08 0.08 0.08 0.08 0.08 0.08 0.08 0.08 0.08 0.08 0.08 0.08 0.08 0.08 0.08 0.08 
0.09 0.09 0.09 0.09 0.09 0.09 0.09 0.09 0.09 0.09 0.09 0.09 0.09 0.09 0.09 0.09 0.09 0.09 0.09 0.09 0.09 0.09 0.09 0.09 0.09 0.09 0.09 0.09 0.09 0.09 0.09 0.09 
0.1 0.1 0.1 0.1 0.1 0.1 0.1 0.1 0.1 0.1 0.1 0.1 0.1 0.1 0.1 0.1 0.1 0.1 0.1 0.1 0.1 0.1 0.1 0.1 0.1 0.1 0.1 0.1 0.1 0.1 0.1 0.1 
0.5 0.5 0.5 0.5 0.5 0.5 0.5 0.5 0.5 0.5 0.5 0.5 0.5 0.5 0.5 0.5 0.5 0.5 0.5 0.5 0.5 0.5 0.5 0.5 0.5 0.5 0.5 0.5 0.5 0.5 0.5 0.5 
1 1 1 1 1 1 1 1 1 1 1 1 1 1 1 1 1 1 1 1 1 1 1 1 1 1 1 1 1 1 1 1 
