6 16 4 10
8 10 9 17 1 4 12 6 5 16 19 7 13 18 17 3 
15.71 3.99 13.31 13.67 15.76 1.07 13.18 14.42 9.78 2.82 10.93 7.38 8.7 4.53 12.11 10.22 
6.82 14.54 4.35 15.95 8.7 7.53 5.93 7.97 7.69 2.73 12.8 7.87 10.33 2.25 4.01 3.39 
5.63 9.85 14.59 8.35 9.91 7.21 15.19 3.82 13.59 12.99 2.5 2.13 4.76 12.58 13.65 0.62 
8.45 9.28 3.29 15.53 4.89 9.04 11.59 11.8 12.78 6.17 13.87 8.36 9.47 0.1 15.56 14.28 
8 8 8 8 8 8 8 8 8 8 8 8 8 8 8 8 
2.7 9.25 10.84 0.01 13.87 10 1.15 7.54 5.02 3.71 4.05 5.14 8.19 11.75 3.59 13.33 
1 1 1 1 1 1 1 1 1 1 1 1 1 1 1 1 
1 1 1 1 1 1 1 1 1 1 1 1 1 1 1 1 
1 1 1 1 1 1 1 1 1 1 1 1 1 1 1 1 
1 1 1 1 1 1 1 1 1 1 1 1 1 1 1 1 
1 1 1 1 1 1 1 1 1 1 1 1 1 1 1 1 
1 1 1 1 1 1 1 1 1 1 1 1 1 1 1 1 
0.01 0.01 0.01 0.01 0.01 0.01 0.01 0.01 0.01 0.01 0.01 0.01 0.01 0.01 0.01 0.01 
0.02 0.02 0.02 0.02 0.02 0.02 0.02 0.02 0.02 0.02 0.02 0.02 0.02 0.02 0.02 0.02 
0.03 0.03 0.03 0.03 0.03 0.03 0.03 0.03 0.03 0.03 0.03 0.03 0.03 0.03 0.03 0.03 
0.04 0.04 0.04 0.04 0.04 0.04 0.04 0.04 0.04 0.04 0.04 0.04 0.04 0.04 0.04 0.04 
0.05 0.05 0.05 0.05 0.05 0.05 0.05 0.05 0.05 0.05 0.05 0.05 0.05 0.05 0.05 0.05 
1 1 1 1 1 1 1 1 1 1 1 1 1 1 1 1 
