12 24 3 10
17 7 12 11 6 9 1 6 13 15 5 20 8 12 1 19 16 1 8 11 20 18 19 12 
10.18 10.06 8.01 9.47 11.15 1.16 10.06 10.9 4.21 2.11 0.6 12.43 8.66 4.09 15.81 15.55 4.51 11.7 2.14 5.47 8.39 4.9 5.37 3.3 
15.11 6.66 0.75 0.59 10 13.28 7.14 15.49 12.22 8.01 12.66 1.97 12.16 7.56 9.16 15.7 2.34 12.74 10.91 0.04 12.04 15.55 13.52 2.74 
10.5 11.66 5.82 7.2 13.89 7.71 1.63 13.96 3.59 7.98 3.66 4.87 13.48 10 1.94 9 9.73 9.41 5 9.12 13.66 4.57 11.01 10.34 
8 8 8 8 8 8 8 8 8 8 8 8 8 8 8 8 8 8 8 8 8 8 8 8 
8.39 5.16 3.22 10.34 15.18 11.63 13.65 9.49 11.96 15.08 4.17 3.05 6.1 11.72 15.55 8.3 5.24 8.93 2.17 4.76 11.78 7.32 8.76 6.62 
15.1 8.29 7.64 13.21 10.68 14.07 0.81 3.44 0.05 9.16 2.23 2.54 12.73 7.44 8.44 15.82 9.87 9.55 6.14 8.82 9.38 13.79 14.7 5.74 
15.65 7.14 2.96 6.97 1.76 12.7 14.85 3.82 6.99 4.75 6.06 14.18 8.48 10.03 12.02 3.46 3.4 13.58 1.17 14.31 2.85 5.42 5.63 10.36 
8.96 9.22 3.41 2.69 5.51 13.74 9.89 6.66 15.61 15.03 14.44 6.55 0.02 4.67 8.23 12.4 5.77 5.03 0.06 5.11 12.33 13.43 15.95 11.55 
15.26 10.81 2.66 15.97 0.45 6.24 2.91 4.91 0.57 5.76 9.73 5.95 10.23 6.98 3.27 12.71 4.65 4.16 9.55 6.46 12.24 5.75 1.42 2.21 
0.12 13.38 6.49 4.64 2.31 9.1 8.4 1.9 11.71 4.75 4.53 4.3 15.79 15.84 4.94 4.58 8.74 4.44 6.42 2.71 15.31 15.25 2.96 7.61 
11.25 1.88 3.5 3.97 6.15 15.03 4.74 11.89 3.1 4.71 0.91 3.49 3.39 10.57 7.57 1.26 7.51 10.19 7.4 0.82 14.97 2.58 12.51 6.39 
6.83 6.9 14.31 6.84 6.07 14.53 14.33 6.58 0.55 14.64 14.09 9.53 9.15 6.01 0.28 7.08 8.68 13.72 0.39 2.66 2.04 8.54 11.65 5.11 
1 1 1 1 1 1 1 1 1 1 1 1 1 1 1 1 1 1 1 1 1 1 1 1 
1 1 1 1 1 1 1 1 1 1 1 1 1 1 1 1 1 1 1 1 1 1 1 1 
1 1 1 1 1 1 1 1 1 1 1 1 1 1 1 1 1 1 1 1 1 1 1 1 
1 1 1 1 1 1 1 1 1 1 1 1 1 1 1 1 1 1 1 1 1 1 1 1 
1 1 1 1 1 1 1 1 1 1 1 1 1 1 1 1 1 1 1 1 1 1 1 1 
1 1 1 1 1 1 1 1 1 1 1 1 1 1 1 1 1 1 1 1 1 1 1 1 
1 1 1 1 1 1 1 1 1 1 1 1 1 1 1 1 1 1 1 1 1 1 1 1 
1 1 1 1 1 1 1 1 1 1 1 1 1 1 1 1 1 1 1 1 1 1 1 1 
1 1 1 1 1 1 1 1 1 1 1 1 1 1 1 1 1 1 1 1 1 1 1 1 
1 1 1 1 1 1 1 1 1 1 1 1 1 1 1 1 1 1 1 1 1 1 1 1 
1 1 1 1 1 1 1 1 1 1 1 1 1 1 1 1 1 1 1 1 1 1 1 1 
1 1 1 1 1 1 1 1 1 1 1 1 1 1 1 1 1 1 1 1 1 1 1 1 
0.01 0.01 0.01 0.01 0.01 0.01 0.01 0.01 0.01 0.01 0.01 0.01 0.01 0.01 0.01 0.01 0.01 0.01 0.01 0.01 0.01 0.01 0.01 0.01 
0.02 0.02 0.02 0.02 0.02 0.02 0.02 0.02 0.02 0.02 0.02 0.02 0.02 0.02 0.02 0.02 0.02 0.02 0.02 0.02 0.02 0.02 0.02 0.02 
0.03 0.03 0.03 0.03 0.03 0.03 0.03 0.03 0.03 0.03 0.03 0.03 0.03 0.03 0.03 0.03 0.03 0.03 0.03 0.03 0.03 0.03 0.03 0.03 
0.04 0.04 0.04 0.04 0.04 0.04 0.04 0.04 0.04 0.04 0.04 0.04 0.04 0.04 0.04 0.04 0.04 0.04 0.04 0.04 0.04 0.04 0.04 0.04 
0.125 0.125 0.125 0.125 0.125 0.125 0.125 0.125 0.125 0.125 0.125 0.125 0.125 0.125 0.125 0.125 0.125 0.125 0.125 0.125 0.125 0.125 0.125 0.125 
0.25 0.25 0.25 0.25 0.25 0.25 0.25 0.25 0.25 0.25 0.25 0.25 0.25 0.25 0.25 0.25 0.25 0.25 0.25 0.25 0.25 0.25 0.25 0.25 
0.375 0.375 0.375 0.375 0.375 0.375 0.375 0.375 0.375 0.375 0.375 0.375 0.375 0.375 0.375 0.375 0.375 0.375 0.375 0.375 0.375 0.375 0.375 0.375 
0.5 0.5 0.5 0.5 0.5 0.5 0.5 0.5 0.5 0.5 0.5 0.5 0.5 0.5 0.5 0.5 0.5 0.5 0.5 0.5 0.5 0.5 0.5 0.5 
0.625 0.625 0.625 0.625 0.625 0.625 0.625 0.625 0.625 0.625 0.625 0.625 0.625 0.625 0.625 0.625 0.625 0.625 0.625 0.625 0.625 0.625 0.625 0.625 
0.75 0.75 0.75 0.75 0.75 0.75 0.75 0.75 0.75 0.75 0.75 0.75 0.75 0.75 0.75 0.75 0.75 0.75 0.75 0.75 0.75 0.75 0.75 0.75 
0.875 0.875 0.875 0.875 0.875 0.875 0.875 0.875 0.875 0.875 0.875 0.875 0.875 0.875 0.875 0.875 0.875 0.875 0.875 0.875 0.875 0.875 0.875 0.875 
1 1 1 1 1 1 1 1 1 1 1 1 1 1 1 1 1 1 1 1 1 1 1 1 
