6 48 2 10
5 9 14 16 18 18 3 2 11 6 1 13 18 4 19 18 14 18 3 3 9 16 4 20 3 19 16 14 4 11 12 6 16 12 11 14 4 1 1 9 13 13 11 9 11 9 6 7 
14.48 6.56 8.41 1.47 4.11 5.51 11.61 1.48 2.03 2.71 10.25 4.1 3.9 0.39 2.29 2.39 4.57 10.24 7.61 7.98 4.98 7.98 10.11 14.91 15.45 11.74 9.61 15.83 14.4 15.95 8.89 8.31 0.8 0.74 0.94 12.99 14.08 9.93 1.53 0.83 8.61 11.59 0.61 14.73 14.27 1.21 5.38 1.46 
7.77 15.28 2.82 15.98 9.63 3.03 8.63 5.53 5.23 2.94 10.63 2.83 12.56 2.4 4.98 5.87 3.47 14.03 4.93 0.33 9.58 3.26 15.17 14.28 14.11 6.61 6.35 0.18 6.72 10.05 6.89 15.89 15.03 4.31 2.24 14.07 5.94 6.41 9.38 12.34 3.24 15.34 5.33 8.03 2.6 2.2 6.53 9.4 
8 8 8 8 8 8 8 8 8 8 8 8 8 8 8 8 8 8 8 8 8 8 8 8 8 8 8 8 8 8 8 8 8 8 8 8 8 8 8 8 8 8 8 8 8 8 8 8 
14.6 14.73 6.56 15.49 2.05 15.34 12.73 11.38 15.08 3.93 14.02 10.4 11.34 8.86 3.69 11.54 7.69 2.95 7.64 8.42 3.26 11.25 0.34 0.65 1.88 7.08 4.46 13.88 11.09 5.66 11.91 14.03 14.4 12.58 1.97 6.33 6.85 14.85 5.25 2.91 9.27 11.27 5.18 3.04 6.03 0.4 2.62 15.94 
15.69 9.7 3.38 2.11 12.85 1.96 7.11 10.88 0.08 14.87 6.01 1.85 3.28 6.84 10.61 14.36 13.71 15.41 15.03 14.31 13.87 4.42 8.8 15.16 6.22 12.93 4.21 9.75 9.02 10.77 9.52 14.56 9.56 7.47 15.54 10.89 1.25 14.85 10.91 9.82 9.22 15.83 6.82 13.05 1.91 9.61 8.37 5.95 
4.22 9.79 11.29 10.74 8.71 14.53 12.21 1.55 3.54 1.87 8.55 12.46 13.24 11.46 8.67 10.96 3.66 15.15 13.36 1.06 1.08 7.66 11.81 10.55 13.49 13.33 13.28 13.54 13.07 9.68 4.63 7.38 12.02 5.99 0.37 15.31 8.2 12.78 15.16 15.04 0.17 2.27 6.6 14.18 2.65 15.65 1.78 4.88 
1 1 1 1 1 1 1 1 1 1 1 1 1 1 1 1 1 1 1 1 1 1 1 1 1 1 1 1 1 1 1 1 1 1 1 1 1 1 1 1 1 1 1 1 1 1 1 1 
1 1 1 1 1 1 1 1 1 1 1 1 1 1 1 1 1 1 1 1 1 1 1 1 1 1 1 1 1 1 1 1 1 1 1 1 1 1 1 1 1 1 1 1 1 1 1 1 
1 1 1 1 1 1 1 1 1 1 1 1 1 1 1 1 1 1 1 1 1 1 1 1 1 1 1 1 1 1 1 1 1 1 1 1 1 1 1 1 1 1 1 1 1 1 1 1 
1 1 1 1 1 1 1 1 1 1 1 1 1 1 1 1 1 1 1 1 1 1 1 1 1 1 1 1 1 1 1 1 1 1 1 1 1 1 1 1 1 1 1 1 1 1 1 1 
1 1 1 1 1 1 1 1 1 1 1 1 1 1 1 1 1 1 1 1 1 1 1 1 1 1 1 1 1 1 1 1 1 1 1 1 1 1 1 1 1 1 1 1 1 1 1 1 
1 1 1 1 1 1 1 1 1 1 1 1 1 1 1 1 1 1 1 1 1 1 1 1 1 1 1 1 1 1 1 1 1 1 1 1 1 1 1 1 1 1 1 1 1 1 1 1 
0.01 0.01 0.01 0.01 0.01 0.01 0.01 0.01 0.01 0.01 0.01 0.01 0.01 0.01 0.01 0.01 0.01 0.01 0.01 0.01 0.01 0.01 0.01 0.01 0.01 0.01 0.01 0.01 0.01 0.01 0.01 0.01 0.01 0.01 0.01 0.01 0.01 0.01 0.01 0.01 0.01 0.01 0.01 0.01 0.01 0.01 0.01 0.01 
0.02 0.02 0.02 0.02 0.02 0.02 0.02 0.02 0.02 0.02 0.02 0.02 0.02 0.02 0.02 0.02 0.02 0.02 0.02 0.02 0.02 0.02 0.02 0.02 0.02 0.02 0.02 0.02 0.02 0.02 0.02 0.02 0.02 0.02 0.02 0.02 0.02 0.02 0.02 0.02 0.02 0.02 0.02 0.02 0.02 0.02 0.02 0.02 
0.03 0.03 0.03 0.03 0.03 0.03 0.03 0.03 0.03 0.03 0.03 0.03 0.03 0.03 0.03 0.03 0.03 0.03 0.03 0.03 0.03 0.03 0.03 0.03 0.03 0.03 0.03 0.03 0.03 0.03 0.03 0.03 0.03 0.03 0.03 0.03 0.03 0.03 0.03 0.03 0.03 0.03 0.03 0.03 0.03 0.03 0.03 0.03 
0.333333 0.333333 0.333333 0.333333 0.333333 0.333333 0.333333 0.333333 0.333333 0.333333 0.333333 0.333333 0.333333 0.333333 0.333333 0.333333 0.333333 0.333333 0.333333 0.333333 0.333333 0.333333 0.333333 0.333333 0.333333 0.333333 0.333333 0.333333 0.333333 0.333333 0.333333 0.333333 0.333333 0.333333 0.333333 0.333333 0.333333 0.333333 0.333333 0.333333 0.333333 0.333333 0.333333 0.333333 0.333333 0.333333 0.333333 0.333333 
0.666667 0.666667 0.666667 0.666667 0.666667 0.666667 0.666667 0.666667 0.666667 0.666667 0.666667 0.666667 0.666667 0.666667 0.666667 0.666667 0.666667 0.666667 0.666667 0.666667 0.666667 0.666667 0.666667 0.666667 0.666667 0.666667 0.666667 0.666667 0.666667 0.666667 0.666667 0.666667 0.666667 0.666667 0.666667 0.666667 0.666667 0.666667 0.666667 0.666667 0.666667 0.666667 0.666667 0.666667 0.666667 0.666667 0.666667 0.666667 
1 1 1 1 1 1 1 1 1 1 1 1 1 1 1 1 1 1 1 1 1 1 1 1 1 1 1 1 1 1 1 1 1 1 1 1 1 1 1 1 1 1 1 1 1 1 1 1 
