12 16 9 10
16 2 10 2 19 10 15 2 14 9 20 5 18 4 11 11 
5.42 15.1 7.14 12.68 4.43 0.59 9.75 15.75 15.96 14.93 12.16 3.71 5.15 5.14 4.78 14 
11.47 0.97 7.08 12.32 14.87 7.53 9.96 12.24 13.29 9.64 10.79 8.73 13.54 6.88 14.79 6.64 
6.23 10.19 7.36 2.57 13.18 9.3 10.39 13.28 6.57 9.22 12.76 0.01 12.01 7.29 7.97 2.85 
9.31 0.19 5.21 10.57 13.64 0.11 5.93 14.68 11.63 6.34 0.49 4.77 11.2 3 10.41 11.76 
4.68 14.11 15.04 1.21 15.05 0.41 3.7 1.11 5.96 9.99 2.96 10.48 2.59 7.89 5.73 11.89 
1.45 2.65 15.37 14.88 13.04 7.63 5.84 12.64 14.56 8.2 4.51 11.63 14.03 7.3 1.45 5.5 
7.76 13.19 10.54 10.72 2.04 3.03 3.06 5.94 6.93 6.77 14.08 13.45 3.15 11.29 8.34 3.51 
5.89 14.26 6.99 10.07 2.12 15.77 8.79 12.78 0.04 14.89 15.32 14.96 15.02 2.88 6.3 14.44 
13.92 10.29 10.35 7.76 5.67 7.19 7.59 5.46 12.33 3.34 9.81 13.7 11.26 1.71 2.29 5.28 
8 8 8 8 8 8 8 8 8 8 8 8 8 8 8 8 
5.52 15.45 6.14 9.34 9.84 3.2 3.15 8.19 1.34 7.73 2.2 14.95 5.59 0.9 7.58 0.14 
6.01 15.07 1.93 2.1 2.65 12.68 11.17 11.87 13.27 10.73 8.55 10.45 1.6 6.67 8.17 4.92 
1 1 1 1 1 1 1 1 1 1 1 1 1 1 1 1 
1 1 1 1 1 1 1 1 1 1 1 1 1 1 1 1 
1 1 1 1 1 1 1 1 1 1 1 1 1 1 1 1 
1 1 1 1 1 1 1 1 1 1 1 1 1 1 1 1 
1 1 1 1 1 1 1 1 1 1 1 1 1 1 1 1 
1 1 1 1 1 1 1 1 1 1 1 1 1 1 1 1 
1 1 1 1 1 1 1 1 1 1 1 1 1 1 1 1 
1 1 1 1 1 1 1 1 1 1 1 1 1 1 1 1 
1 1 1 1 1 1 1 1 1 1 1 1 1 1 1 1 
1 1 1 1 1 1 1 1 1 1 1 1 1 1 1 1 
1 1 1 1 1 1 1 1 1 1 1 1 1 1 1 1 
1 1 1 1 1 1 1 1 1 1 1 1 1 1 1 1 
0.01 0.01 0.01 0.01 0.01 0.01 0.01 0.01 0.01 0.01 0.01 0.01 0.01 0.01 0.01 0.01 
0.02 0.02 0.02 0.02 0.02 0.02 0.02 0.02 0.02 0.02 0.02 0.02 0.02 0.02 0.02 0.02 
0.03 0.03 0.03 0.03 0.03 0.03 0.03 0.03 0.03 0.03 0.03 0.03 0.03 0.03 0.03 0.03 
0.04 0.04 0.04 0.04 0.04 0.04 0.04 0.04 0.04 0.04 0.04 0.04 0.04 0.04 0.04 0.04 
0.05 0.05 0.05 0.05 0.05 0.05 0.05 0.05 0.05 0.05 0.05 0.05 0.05 0.05 0.05 0.05 
0.06 0.06 0.06 0.06 0.06 0.06 0.06 0.06 0.06 0.06 0.06 0.06 0.06 0.06 0.06 0.06 
0.07 0.07 0.07 0.07 0.07 0.07 0.07 0.07 0.07 0.07 0.07 0.07 0.07 0.07 0.07 0.07 
0.08 0.08 0.08 0.08 0.08 0.08 0.08 0.08 0.08 0.08 0.08 0.08 0.08 0.08 0.08 0.08 
0.09 0.09 0.09 0.09 0.09 0.09 0.09 0.09 0.09 0.09 0.09 0.09 0.09 0.09 0.09 0.09 
0.1 0.1 0.1 0.1 0.1 0.1 0.1 0.1 0.1 0.1 0.1 0.1 0.1 0.1 0.1 0.1 
0.5 0.5 0.5 0.5 0.5 0.5 0.5 0.5 0.5 0.5 0.5 0.5 0.5 0.5 0.5 0.5 
1 1 1 1 1 1 1 1 1 1 1 1 1 1 1 1 
