6 16 2 10
10 20 5 15 2 13 5 9 17 12 10 14 2 18 11 19 
11.15 2.64 6.97 2.11 8.31 13.72 1.44 9.79 2.48 9.54 9.24 11.22 5.64 14.72 7.02 8.27 
15.55 2.78 1.84 1.54 0.27 15.81 3.92 2.31 11.39 6.73 3.23 15.91 4.77 8 8.35 12.23 
8 8 8 8 8 8 8 8 8 8 8 8 8 8 8 8 
5.88 14.19 10.28 8.17 10.9 10.47 6.27 8.1 6.77 3.8 15.47 15.91 7.77 8.79 12.59 7.77 
16 9.75 1.97 4.73 1.78 4.64 2.93 14.45 1.89 11.9 11.74 8.51 3.98 12.85 1.13 14.4 
5.34 8.98 12.67 13.27 5.55 1.81 7.77 2.47 4.1 11.38 15.99 0.63 9.28 15.71 4.82 13.08 
1 1 1 1 1 1 1 1 1 1 1 1 1 1 1 1 
1 1 1 1 1 1 1 1 1 1 1 1 1 1 1 1 
1 1 1 1 1 1 1 1 1 1 1 1 1 1 1 1 
1 1 1 1 1 1 1 1 1 1 1 1 1 1 1 1 
1 1 1 1 1 1 1 1 1 1 1 1 1 1 1 1 
1 1 1 1 1 1 1 1 1 1 1 1 1 1 1 1 
0.01 0.01 0.01 0.01 0.01 0.01 0.01 0.01 0.01 0.01 0.01 0.01 0.01 0.01 0.01 0.01 
0.02 0.02 0.02 0.02 0.02 0.02 0.02 0.02 0.02 0.02 0.02 0.02 0.02 0.02 0.02 0.02 
0.03 0.03 0.03 0.03 0.03 0.03 0.03 0.03 0.03 0.03 0.03 0.03 0.03 0.03 0.03 0.03 
0.333333 0.333333 0.333333 0.333333 0.333333 0.333333 0.333333 0.333333 0.333333 0.333333 0.333333 0.333333 0.333333 0.333333 0.333333 0.333333 
0.666667 0.666667 0.666667 0.666667 0.666667 0.666667 0.666667 0.666667 0.666667 0.666667 0.666667 0.666667 0.666667 0.666667 0.666667 0.666667 
1 1 1 1 1 1 1 1 1 1 1 1 1 1 1 1 
