6 40 2 10
6 10 5 19 16 9 4 7 9 12 7 3 14 2 4 12 2 11 15 12 3 17 9 10 13 6 6 18 9 14 2 9 20 18 1 3 6 19 8 16 
8.8 9.55 3.54 6.19 7.63 11.01 11.25 12.98 7 6.76 12.54 0.77 2.07 1.96 0.2 5.08 14.66 8.23 4.28 13.29 7.08 4.56 2.44 0.57 11.7 9.47 1.91 10.52 0.71 12.45 0.27 7.45 10.34 14.48 15.85 5.18 8.72 7.05 6.28 10.05 
9.35 3.9 14.54 7.81 1.51 6.36 12.19 2.59 1.38 4.49 0.04 15.03 10.59 2.83 0.79 7.39 5.97 14.91 4.95 14.25 10.35 14.94 7.3 4.26 11.02 2.43 7.17 11.39 7.69 9.64 7.93 3.57 7.18 7.39 0.22 11.3 6.6 15.66 10.54 12.72 
8 8 8 8 8 8 8 8 8 8 8 8 8 8 8 8 8 8 8 8 8 8 8 8 8 8 8 8 8 8 8 8 8 8 8 8 8 8 8 8 
2.19 9.45 9.93 1.45 14.49 15.04 11.7 11.13 11.23 8.3 4.09 0.25 15.07 15.1 0.01 9.25 2.32 10.53 10.41 2.79 4.42 0.37 12.11 3.73 2.76 1.02 12.54 13.18 11.73 4.89 5.15 3.87 9.35 10.8 10.57 6.01 0.63 6.27 14.7 15.36 
15.94 5.01 9.55 4.46 4.12 10.85 13.83 13.23 8.14 6.34 10.52 5.19 15.85 8.27 2.86 4.44 2.36 15.28 11.63 4.84 9.65 11.72 3.05 3.27 0.05 12.64 10.21 12.14 3.34 2.37 10.91 14.13 7.22 4.17 0.61 5.13 2.57 2.39 8.17 6.7 
6.61 9.32 4.61 9.19 14.87 14.77 10.34 1.36 11.56 9.53 6.95 13.47 6.22 8.08 3.75 7.69 12.92 4.61 1.72 9.35 1.61 12.65 9.39 15.52 14.51 4.22 2.51 15.18 5.12 10.54 6.39 13.04 3.22 7.13 11.65 6.39 14.51 9.94 7.52 8.16 
1 1 1 1 1 1 1 1 1 1 1 1 1 1 1 1 1 1 1 1 1 1 1 1 1 1 1 1 1 1 1 1 1 1 1 1 1 1 1 1 
1 1 1 1 1 1 1 1 1 1 1 1 1 1 1 1 1 1 1 1 1 1 1 1 1 1 1 1 1 1 1 1 1 1 1 1 1 1 1 1 
1 1 1 1 1 1 1 1 1 1 1 1 1 1 1 1 1 1 1 1 1 1 1 1 1 1 1 1 1 1 1 1 1 1 1 1 1 1 1 1 
1 1 1 1 1 1 1 1 1 1 1 1 1 1 1 1 1 1 1 1 1 1 1 1 1 1 1 1 1 1 1 1 1 1 1 1 1 1 1 1 
1 1 1 1 1 1 1 1 1 1 1 1 1 1 1 1 1 1 1 1 1 1 1 1 1 1 1 1 1 1 1 1 1 1 1 1 1 1 1 1 
1 1 1 1 1 1 1 1 1 1 1 1 1 1 1 1 1 1 1 1 1 1 1 1 1 1 1 1 1 1 1 1 1 1 1 1 1 1 1 1 
0.01 0.01 0.01 0.01 0.01 0.01 0.01 0.01 0.01 0.01 0.01 0.01 0.01 0.01 0.01 0.01 0.01 0.01 0.01 0.01 0.01 0.01 0.01 0.01 0.01 0.01 0.01 0.01 0.01 0.01 0.01 0.01 0.01 0.01 0.01 0.01 0.01 0.01 0.01 0.01 
0.02 0.02 0.02 0.02 0.02 0.02 0.02 0.02 0.02 0.02 0.02 0.02 0.02 0.02 0.02 0.02 0.02 0.02 0.02 0.02 0.02 0.02 0.02 0.02 0.02 0.02 0.02 0.02 0.02 0.02 0.02 0.02 0.02 0.02 0.02 0.02 0.02 0.02 0.02 0.02 
0.03 0.03 0.03 0.03 0.03 0.03 0.03 0.03 0.03 0.03 0.03 0.03 0.03 0.03 0.03 0.03 0.03 0.03 0.03 0.03 0.03 0.03 0.03 0.03 0.03 0.03 0.03 0.03 0.03 0.03 0.03 0.03 0.03 0.03 0.03 0.03 0.03 0.03 0.03 0.03 
0.333333 0.333333 0.333333 0.333333 0.333333 0.333333 0.333333 0.333333 0.333333 0.333333 0.333333 0.333333 0.333333 0.333333 0.333333 0.333333 0.333333 0.333333 0.333333 0.333333 0.333333 0.333333 0.333333 0.333333 0.333333 0.333333 0.333333 0.333333 0.333333 0.333333 0.333333 0.333333 0.333333 0.333333 0.333333 0.333333 0.333333 0.333333 0.333333 0.333333 
0.666667 0.666667 0.666667 0.666667 0.666667 0.666667 0.666667 0.666667 0.666667 0.666667 0.666667 0.666667 0.666667 0.666667 0.666667 0.666667 0.666667 0.666667 0.666667 0.666667 0.666667 0.666667 0.666667 0.666667 0.666667 0.666667 0.666667 0.666667 0.666667 0.666667 0.666667 0.666667 0.666667 0.666667 0.666667 0.666667 0.666667 0.666667 0.666667 0.666667 
1 1 1 1 1 1 1 1 1 1 1 1 1 1 1 1 1 1 1 1 1 1 1 1 1 1 1 1 1 1 1 1 1 1 1 1 1 1 1 1 
