6 32 2 10
13 5 13 3 14 20 19 8 6 3 15 10 5 5 8 3 6 2 8 2 9 7 18 5 10 11 15 18 3 2 17 10 
11.92 9.56 12.75 12.69 14.36 7.3 3.87 14.42 4.09 10.17 2.48 7.07 1.54 15.84 3.26 1.81 11.69 5.52 4.26 1.01 4.09 5.84 4.68 2.97 7.55 0.82 14.28 6.28 14.56 6.31 12.87 7.98 
3.9 4.55 0.18 14.21 1.7 15.6 13.77 6.61 5.51 3.42 4.97 0.25 3.14 15.01 5.44 9.72 2.4 7.68 7.54 11.92 10.54 7.37 3.82 2.04 9.74 11.13 10.2 15.42 13.56 4.83 3.42 5.87 
8 8 8 8 8 8 8 8 8 8 8 8 8 8 8 8 8 8 8 8 8 8 8 8 8 8 8 8 8 8 8 8 
11.72 15.15 7.54 0.59 14.4 1.62 11.8 4.8 9.31 9.63 9.99 2.6 1.79 14.86 8.78 4.77 15.77 9.95 4.12 6.93 2.57 8.93 14.82 13.58 15.6 10.47 11.62 12.69 3.28 3.25 6.77 12.09 
7.61 4.18 12.04 14.77 9.98 9.43 14.76 12.62 10.59 15.81 1.58 2.01 7.29 13.09 15.69 15.39 15.76 11.69 7.52 14.03 7.25 7.92 1.57 3.66 2.28 3.35 4.58 15.23 5.4 5.94 8.18 7.18 
7.25 10.46 2.97 1.74 9.48 13.02 11.98 12.93 11.8 14.06 6.01 9.11 1.01 14.32 9.48 12.06 1.13 13.59 1.45 3.52 12.67 8.51 7.58 3.86 3.91 11.69 12.53 5.71 10.7 0.46 3.05 11.55 
1 1 1 1 1 1 1 1 1 1 1 1 1 1 1 1 1 1 1 1 1 1 1 1 1 1 1 1 1 1 1 1 
1 1 1 1 1 1 1 1 1 1 1 1 1 1 1 1 1 1 1 1 1 1 1 1 1 1 1 1 1 1 1 1 
1 1 1 1 1 1 1 1 1 1 1 1 1 1 1 1 1 1 1 1 1 1 1 1 1 1 1 1 1 1 1 1 
1 1 1 1 1 1 1 1 1 1 1 1 1 1 1 1 1 1 1 1 1 1 1 1 1 1 1 1 1 1 1 1 
1 1 1 1 1 1 1 1 1 1 1 1 1 1 1 1 1 1 1 1 1 1 1 1 1 1 1 1 1 1 1 1 
1 1 1 1 1 1 1 1 1 1 1 1 1 1 1 1 1 1 1 1 1 1 1 1 1 1 1 1 1 1 1 1 
0.01 0.01 0.01 0.01 0.01 0.01 0.01 0.01 0.01 0.01 0.01 0.01 0.01 0.01 0.01 0.01 0.01 0.01 0.01 0.01 0.01 0.01 0.01 0.01 0.01 0.01 0.01 0.01 0.01 0.01 0.01 0.01 
0.02 0.02 0.02 0.02 0.02 0.02 0.02 0.02 0.02 0.02 0.02 0.02 0.02 0.02 0.02 0.02 0.02 0.02 0.02 0.02 0.02 0.02 0.02 0.02 0.02 0.02 0.02 0.02 0.02 0.02 0.02 0.02 
0.03 0.03 0.03 0.03 0.03 0.03 0.03 0.03 0.03 0.03 0.03 0.03 0.03 0.03 0.03 0.03 0.03 0.03 0.03 0.03 0.03 0.03 0.03 0.03 0.03 0.03 0.03 0.03 0.03 0.03 0.03 0.03 
0.333333 0.333333 0.333333 0.333333 0.333333 0.333333 0.333333 0.333333 0.333333 0.333333 0.333333 0.333333 0.333333 0.333333 0.333333 0.333333 0.333333 0.333333 0.333333 0.333333 0.333333 0.333333 0.333333 0.333333 0.333333 0.333333 0.333333 0.333333 0.333333 0.333333 0.333333 0.333333 
0.666667 0.666667 0.666667 0.666667 0.666667 0.666667 0.666667 0.666667 0.666667 0.666667 0.666667 0.666667 0.666667 0.666667 0.666667 0.666667 0.666667 0.666667 0.666667 0.666667 0.666667 0.666667 0.666667 0.666667 0.666667 0.666667 0.666667 0.666667 0.666667 0.666667 0.666667 0.666667 
1 1 1 1 1 1 1 1 1 1 1 1 1 1 1 1 1 1 1 1 1 1 1 1 1 1 1 1 1 1 1 1 
