6 40 2 10
5 20 10 12 15 7 2 20 11 9 15 9 11 9 10 20 13 14 18 2 15 7 20 17 20 16 2 14 20 15 5 8 7 17 8 2 17 14 3 3 
0.58 0.51 3.12 4.02 11.64 8.89 2.06 14.72 4.28 8.42 7.46 0.34 6.8 1.67 9.02 0.25 4.94 10.78 12.77 5.68 7.38 1.19 6.58 9.49 1.21 0.86 0.04 9.2 5.45 11.75 9.72 0.96 12.25 4.95 5.8 3.6 10.21 10.75 3.27 11.57 
0.42 7.41 1.92 12.37 7.5 5.65 3.87 14.4 5.07 3.61 0.96 0.5 11.75 12.42 5.14 13.17 9.37 13.6 5.91 0.95 1.85 10.83 6.76 15.67 13.86 3.26 12.08 13.29 0.66 14.53 6.52 5.7 1.83 4.59 13.32 11.46 8.17 5.63 11.4 3.5 
8 8 8 8 8 8 8 8 8 8 8 8 8 8 8 8 8 8 8 8 8 8 8 8 8 8 8 8 8 8 8 8 8 8 8 8 8 8 8 8 
10.2 11.36 6.66 0.54 7.94 5.32 14.9 4.63 10.94 0.94 4.37 0.06 3.59 13.8 2.35 7.13 3.81 7.88 6.58 8.36 8.42 8.03 10.66 12.9 4.54 9.7 12.62 8.58 7.54 0.17 8.21 4.3 1.94 8.31 0.9 5.08 7.07 5.29 7.8 5.77 
14.87 1.57 10.17 10.06 3.77 12.69 9.22 0.63 0.72 1.53 5.27 15.36 13.76 4.69 9.05 6.23 13.57 14.05 14.57 3.97 12.46 6.79 3.73 15.59 12.76 2.58 11.88 3.28 0.88 14.32 12.66 13.3 4.18 15.38 3.78 8.69 14.85 13.1 0.18 4.84 
1.23 0.43 15.29 15.91 3.11 7.9 5.9 12.03 2.34 9.81 0.09 9.71 4.03 5.53 4.37 4.18 1.44 7.62 10.53 2.04 3.55 7.8 12.97 6.77 7.93 12.12 11.72 8.54 2.82 6.16 7.57 5.24 12 3.29 10.91 15.48 14.22 0.83 5.04 10.11 
1 1 1 1 1 1 1 1 1 1 1 1 1 1 1 1 1 1 1 1 1 1 1 1 1 1 1 1 1 1 1 1 1 1 1 1 1 1 1 1 
1 1 1 1 1 1 1 1 1 1 1 1 1 1 1 1 1 1 1 1 1 1 1 1 1 1 1 1 1 1 1 1 1 1 1 1 1 1 1 1 
1 1 1 1 1 1 1 1 1 1 1 1 1 1 1 1 1 1 1 1 1 1 1 1 1 1 1 1 1 1 1 1 1 1 1 1 1 1 1 1 
1 1 1 1 1 1 1 1 1 1 1 1 1 1 1 1 1 1 1 1 1 1 1 1 1 1 1 1 1 1 1 1 1 1 1 1 1 1 1 1 
1 1 1 1 1 1 1 1 1 1 1 1 1 1 1 1 1 1 1 1 1 1 1 1 1 1 1 1 1 1 1 1 1 1 1 1 1 1 1 1 
1 1 1 1 1 1 1 1 1 1 1 1 1 1 1 1 1 1 1 1 1 1 1 1 1 1 1 1 1 1 1 1 1 1 1 1 1 1 1 1 
0.01 0.01 0.01 0.01 0.01 0.01 0.01 0.01 0.01 0.01 0.01 0.01 0.01 0.01 0.01 0.01 0.01 0.01 0.01 0.01 0.01 0.01 0.01 0.01 0.01 0.01 0.01 0.01 0.01 0.01 0.01 0.01 0.01 0.01 0.01 0.01 0.01 0.01 0.01 0.01 
0.02 0.02 0.02 0.02 0.02 0.02 0.02 0.02 0.02 0.02 0.02 0.02 0.02 0.02 0.02 0.02 0.02 0.02 0.02 0.02 0.02 0.02 0.02 0.02 0.02 0.02 0.02 0.02 0.02 0.02 0.02 0.02 0.02 0.02 0.02 0.02 0.02 0.02 0.02 0.02 
0.03 0.03 0.03 0.03 0.03 0.03 0.03 0.03 0.03 0.03 0.03 0.03 0.03 0.03 0.03 0.03 0.03 0.03 0.03 0.03 0.03 0.03 0.03 0.03 0.03 0.03 0.03 0.03 0.03 0.03 0.03 0.03 0.03 0.03 0.03 0.03 0.03 0.03 0.03 0.03 
0.333333 0.333333 0.333333 0.333333 0.333333 0.333333 0.333333 0.333333 0.333333 0.333333 0.333333 0.333333 0.333333 0.333333 0.333333 0.333333 0.333333 0.333333 0.333333 0.333333 0.333333 0.333333 0.333333 0.333333 0.333333 0.333333 0.333333 0.333333 0.333333 0.333333 0.333333 0.333333 0.333333 0.333333 0.333333 0.333333 0.333333 0.333333 0.333333 0.333333 
0.666667 0.666667 0.666667 0.666667 0.666667 0.666667 0.666667 0.666667 0.666667 0.666667 0.666667 0.666667 0.666667 0.666667 0.666667 0.666667 0.666667 0.666667 0.666667 0.666667 0.666667 0.666667 0.666667 0.666667 0.666667 0.666667 0.666667 0.666667 0.666667 0.666667 0.666667 0.666667 0.666667 0.666667 0.666667 0.666667 0.666667 0.666667 0.666667 0.666667 
1 1 1 1 1 1 1 1 1 1 1 1 1 1 1 1 1 1 1 1 1 1 1 1 1 1 1 1 1 1 1 1 1 1 1 1 1 1 1 1 
