6 24 2 10
13 3 6 6 3 8 11 7 1 10 13 7 8 6 20 15 2 2 6 6 11 1 6 3 
3.17 15.87 10.43 14.16 13.81 6.94 9.94 8.87 12.97 15.19 15.08 14.75 12.28 13.04 10.81 3.23 3.05 9.73 0.17 1.74 4.2 13.85 13.26 7.78 
7.94 6.32 10.9 8.74 12.07 10.79 5.99 14.34 12.25 5.27 3.83 4.39 11.95 5.85 4.96 5.91 6.07 14.28 12.83 14.19 5.09 4.76 0.4 11.72 
8 8 8 8 8 8 8 8 8 8 8 8 8 8 8 8 8 8 8 8 8 8 8 8 
13.25 5.3 12.12 1.1 15.34 1.51 6.28 1.84 0.99 12.07 6.64 5.43 9.57 5.81 2.06 15.39 13.35 0.88 11.44 2.53 13.53 6.04 11.86 13.68 
12.77 7.2 1.18 13.06 11.65 13.64 7.29 15.19 12.16 3.57 3.84 15 1.02 14.06 4.4 2.78 8.69 4.01 10.48 11.04 10.17 1 2.64 5.48 
11.1 9.3 7.4 13.82 9.3 10.83 1.13 5.37 2.62 12.91 3.27 9.25 12.07 10.93 10.7 12.37 7.79 13.68 13.29 6.33 13.33 6.64 3.66 7.7 
1 1 1 1 1 1 1 1 1 1 1 1 1 1 1 1 1 1 1 1 1 1 1 1 
1 1 1 1 1 1 1 1 1 1 1 1 1 1 1 1 1 1 1 1 1 1 1 1 
1 1 1 1 1 1 1 1 1 1 1 1 1 1 1 1 1 1 1 1 1 1 1 1 
1 1 1 1 1 1 1 1 1 1 1 1 1 1 1 1 1 1 1 1 1 1 1 1 
1 1 1 1 1 1 1 1 1 1 1 1 1 1 1 1 1 1 1 1 1 1 1 1 
1 1 1 1 1 1 1 1 1 1 1 1 1 1 1 1 1 1 1 1 1 1 1 1 
0.01 0.01 0.01 0.01 0.01 0.01 0.01 0.01 0.01 0.01 0.01 0.01 0.01 0.01 0.01 0.01 0.01 0.01 0.01 0.01 0.01 0.01 0.01 0.01 
0.02 0.02 0.02 0.02 0.02 0.02 0.02 0.02 0.02 0.02 0.02 0.02 0.02 0.02 0.02 0.02 0.02 0.02 0.02 0.02 0.02 0.02 0.02 0.02 
0.03 0.03 0.03 0.03 0.03 0.03 0.03 0.03 0.03 0.03 0.03 0.03 0.03 0.03 0.03 0.03 0.03 0.03 0.03 0.03 0.03 0.03 0.03 0.03 
0.333333 0.333333 0.333333 0.333333 0.333333 0.333333 0.333333 0.333333 0.333333 0.333333 0.333333 0.333333 0.333333 0.333333 0.333333 0.333333 0.333333 0.333333 0.333333 0.333333 0.333333 0.333333 0.333333 0.333333 
0.666667 0.666667 0.666667 0.666667 0.666667 0.666667 0.666667 0.666667 0.666667 0.666667 0.666667 0.666667 0.666667 0.666667 0.666667 0.666667 0.666667 0.666667 0.666667 0.666667 0.666667 0.666667 0.666667 0.666667 
1 1 1 1 1 1 1 1 1 1 1 1 1 1 1 1 1 1 1 1 1 1 1 1 
