12 32 9 10
4 11 9 11 12 10 14 12 13 2 8 2 5 8 4 7 16 4 2 20 8 20 19 17 15 14 9 9 2 13 14 19 
14.35 0.32 13 5.66 13.58 4.8 11.25 7.11 11.34 0.92 15.65 4.37 12.88 0.29 3.04 2.66 7.59 7.16 14.14 5.98 7.46 13.03 12.24 4.83 2.82 7.84 6.2 7.59 4 5.98 3.03 8.91 
11.76 14.52 12.52 7.6 2.74 14.91 14.58 2.87 5.76 0.67 5.35 14.41 12.01 13.7 10.69 12.64 3.52 10.31 7.99 1.02 0.54 11.27 14.37 9.94 10.55 4.95 6.3 11.16 14.55 7.19 7.96 9.15 
1.42 1.56 5.83 11.3 9.84 15.33 13.53 13.2 8.23 11.34 13.33 11.42 7.18 5.87 2.43 6.47 4.69 12.06 12.2 13.42 7.49 7.47 15.87 13.32 13.84 11.68 1.29 7.01 8.07 5.38 2.52 14.3 
8.58 8.68 8.77 5.96 1.72 1.13 7.39 3.49 7.08 7.86 1.1 1.91 15.07 15.82 7.06 13.04 9.9 10.38 13.68 7.85 12.4 13 14.06 0.2 12.48 15.7 12.39 2.42 10.51 3.08 0.01 12.3 
8.15 14.2 0.7 1.7 10.58 2.11 7.95 1.99 13.43 9.34 8.96 9.17 2.66 4.01 3.89 7.25 8.95 8.64 15.7 5.44 0.6 8.97 15.05 3.64 5.27 7.97 12.68 3.13 4.52 12.16 1.89 7.54 
1.62 5.72 8.17 7.02 9.81 7.59 15.59 4.94 10.78 0.79 9.18 0.31 2.99 13.14 15.62 10.03 12.09 7.31 0.36 5.67 4.89 5.7 4.18 12.77 13.97 15.95 10.13 3.39 5.32 4.34 15.66 5.82 
3.34 15.71 2.96 7.58 7.7 1.86 15.82 1.37 13.13 14.08 2.02 7.51 3.41 13.14 4.17 10.23 5.69 5.63 15.25 8.54 15.94 6.13 0.04 13.32 5.42 10.08 7 7.39 13.04 1.78 4.96 14.4 
10.06 2.3 10.54 0.11 13.87 14.17 12.53 3.81 13.3 13.37 15.95 8.15 13.33 5.56 12.46 0.2 15.35 1.25 14.28 13.33 1.2 6.95 13.66 3.2 7.85 0 13.59 11.55 15.76 4.1 10.51 1.71 
1.83 4.8 10.14 7.74 2.84 1.85 13.11 9.63 3.57 13.98 1.33 4.91 3.6 12.76 2.67 6.13 1.8 4.92 15.04 0.37 4.76 7.88 10.95 5.63 9.23 14.03 3.99 5.66 14.28 1.17 13.44 11.96 
8 8 8 8 8 8 8 8 8 8 8 8 8 8 8 8 8 8 8 8 8 8 8 8 8 8 8 8 8 8 8 8 
14.02 9.68 10.52 12.8 7.29 7.56 7.66 1 10.46 3.06 5.96 14.12 10.96 12.98 6.47 13.46 10.02 6.36 6.53 14.72 0.25 2.82 15.02 13.14 3.02 8.93 11.45 9.36 13.95 12.31 14.56 8.27 
6.44 13.69 13.15 14.84 15.85 14.35 13.66 6.08 14.18 4.25 15.1 15.54 5.86 15.28 1.6 13.95 0.85 13 13 2.42 11.58 15.73 7.77 8.94 1.02 7.33 4.72 8.04 3.57 6.02 13.93 1.3 
1 1 1 1 1 1 1 1 1 1 1 1 1 1 1 1 1 1 1 1 1 1 1 1 1 1 1 1 1 1 1 1 
1 1 1 1 1 1 1 1 1 1 1 1 1 1 1 1 1 1 1 1 1 1 1 1 1 1 1 1 1 1 1 1 
1 1 1 1 1 1 1 1 1 1 1 1 1 1 1 1 1 1 1 1 1 1 1 1 1 1 1 1 1 1 1 1 
1 1 1 1 1 1 1 1 1 1 1 1 1 1 1 1 1 1 1 1 1 1 1 1 1 1 1 1 1 1 1 1 
1 1 1 1 1 1 1 1 1 1 1 1 1 1 1 1 1 1 1 1 1 1 1 1 1 1 1 1 1 1 1 1 
1 1 1 1 1 1 1 1 1 1 1 1 1 1 1 1 1 1 1 1 1 1 1 1 1 1 1 1 1 1 1 1 
1 1 1 1 1 1 1 1 1 1 1 1 1 1 1 1 1 1 1 1 1 1 1 1 1 1 1 1 1 1 1 1 
1 1 1 1 1 1 1 1 1 1 1 1 1 1 1 1 1 1 1 1 1 1 1 1 1 1 1 1 1 1 1 1 
1 1 1 1 1 1 1 1 1 1 1 1 1 1 1 1 1 1 1 1 1 1 1 1 1 1 1 1 1 1 1 1 
1 1 1 1 1 1 1 1 1 1 1 1 1 1 1 1 1 1 1 1 1 1 1 1 1 1 1 1 1 1 1 1 
1 1 1 1 1 1 1 1 1 1 1 1 1 1 1 1 1 1 1 1 1 1 1 1 1 1 1 1 1 1 1 1 
1 1 1 1 1 1 1 1 1 1 1 1 1 1 1 1 1 1 1 1 1 1 1 1 1 1 1 1 1 1 1 1 
0.01 0.01 0.01 0.01 0.01 0.01 0.01 0.01 0.01 0.01 0.01 0.01 0.01 0.01 0.01 0.01 0.01 0.01 0.01 0.01 0.01 0.01 0.01 0.01 0.01 0.01 0.01 0.01 0.01 0.01 0.01 0.01 
0.02 0.02 0.02 0.02 0.02 0.02 0.02 0.02 0.02 0.02 0.02 0.02 0.02 0.02 0.02 0.02 0.02 0.02 0.02 0.02 0.02 0.02 0.02 0.02 0.02 0.02 0.02 0.02 0.02 0.02 0.02 0.02 
0.03 0.03 0.03 0.03 0.03 0.03 0.03 0.03 0.03 0.03 0.03 0.03 0.03 0.03 0.03 0.03 0.03 0.03 0.03 0.03 0.03 0.03 0.03 0.03 0.03 0.03 0.03 0.03 0.03 0.03 0.03 0.03 
0.04 0.04 0.04 0.04 0.04 0.04 0.04 0.04 0.04 0.04 0.04 0.04 0.04 0.04 0.04 0.04 0.04 0.04 0.04 0.04 0.04 0.04 0.04 0.04 0.04 0.04 0.04 0.04 0.04 0.04 0.04 0.04 
0.05 0.05 0.05 0.05 0.05 0.05 0.05 0.05 0.05 0.05 0.05 0.05 0.05 0.05 0.05 0.05 0.05 0.05 0.05 0.05 0.05 0.05 0.05 0.05 0.05 0.05 0.05 0.05 0.05 0.05 0.05 0.05 
0.06 0.06 0.06 0.06 0.06 0.06 0.06 0.06 0.06 0.06 0.06 0.06 0.06 0.06 0.06 0.06 0.06 0.06 0.06 0.06 0.06 0.06 0.06 0.06 0.06 0.06 0.06 0.06 0.06 0.06 0.06 0.06 
0.07 0.07 0.07 0.07 0.07 0.07 0.07 0.07 0.07 0.07 0.07 0.07 0.07 0.07 0.07 0.07 0.07 0.07 0.07 0.07 0.07 0.07 0.07 0.07 0.07 0.07 0.07 0.07 0.07 0.07 0.07 0.07 
0.08 0.08 0.08 0.08 0.08 0.08 0.08 0.08 0.08 0.08 0.08 0.08 0.08 0.08 0.08 0.08 0.08 0.08 0.08 0.08 0.08 0.08 0.08 0.08 0.08 0.08 0.08 0.08 0.08 0.08 0.08 0.08 
0.09 0.09 0.09 0.09 0.09 0.09 0.09 0.09 0.09 0.09 0.09 0.09 0.09 0.09 0.09 0.09 0.09 0.09 0.09 0.09 0.09 0.09 0.09 0.09 0.09 0.09 0.09 0.09 0.09 0.09 0.09 0.09 
0.1 0.1 0.1 0.1 0.1 0.1 0.1 0.1 0.1 0.1 0.1 0.1 0.1 0.1 0.1 0.1 0.1 0.1 0.1 0.1 0.1 0.1 0.1 0.1 0.1 0.1 0.1 0.1 0.1 0.1 0.1 0.1 
0.5 0.5 0.5 0.5 0.5 0.5 0.5 0.5 0.5 0.5 0.5 0.5 0.5 0.5 0.5 0.5 0.5 0.5 0.5 0.5 0.5 0.5 0.5 0.5 0.5 0.5 0.5 0.5 0.5 0.5 0.5 0.5 
1 1 1 1 1 1 1 1 1 1 1 1 1 1 1 1 1 1 1 1 1 1 1 1 1 1 1 1 1 1 1 1 
