12 48 6 10
18 16 17 9 15 8 6 20 17 6 17 7 1 13 16 8 14 4 2 8 15 2 19 1 15 13 5 18 1 3 8 12 14 17 5 19 12 8 10 4 12 16 9 5 4 12 2 14 
8.38 3.06 10.97 0.58 15.26 13.86 3.25 15.05 14.24 14.34 15.74 8.87 11.69 0.91 12.62 15.46 10.4 9.89 11.58 7.32 3.5 13.17 8.78 0.56 8.89 11.72 5.81 12.25 11.05 8.33 14.12 4.36 14.51 6.06 11.25 14.49 0.07 9.38 4.55 6.16 7.31 2.5 3.98 3.94 0.88 12.14 4.71 15.12 
3.9 5 9.47 7.09 11.78 13.77 15.93 2.88 13.5 11.83 13.35 6.84 12.73 15.73 6.26 6.11 5.63 8.85 7.42 15.66 13.22 9.29 13.73 12.25 14.75 12.91 6.03 5.91 14.14 7.77 6.67 5.59 8.79 14.26 0.28 7.28 4.7 3.21 8.88 11.01 3.08 10.09 13.34 7.77 4.33 11.24 14.7 14.79 
1.2 12.19 4 2.88 4.03 10.9 5.11 2.63 7.07 15.53 3.34 3.62 2.73 12.3 15.14 9.94 10.51 12.36 8.66 0.41 11.4 9.05 8.66 14.63 0.03 15.57 3.29 12.71 3.88 1.14 9.27 11.81 3.39 1.97 8.57 5.75 9.41 5.49 8.47 2.43 10.89 5.19 3 13.21 0.76 11.85 0.85 3.89 
10.7 6.99 10.43 2.25 4.33 14.43 2.77 4.84 3.36 3.92 15.41 15.85 11.07 4.51 3.61 10.35 11.29 14.82 9.56 0.12 5.86 4.31 12.93 8.55 7.07 10.54 5.65 2.13 11.17 0.5 4.78 8.69 12.06 15.02 1.03 8.92 14.32 15.8 3.5 11.58 12.85 11.07 0.34 15.15 6.11 15.01 1.14 5.86 
8.13 4.16 3.91 7.39 7.65 2.63 11.92 5.96 5.62 6.19 13.57 4.26 7.04 5.47 7.89 13.71 2.61 15.46 15.68 3.38 1.22 8.46 10.57 4.33 5.44 10.12 11.88 15.86 4.83 14.43 6.02 14.15 7.87 4.24 10.33 6.27 1.56 12.8 11.45 0.31 14.43 4.89 15.05 3.13 4.85 7.03 1.28 3.76 
13.55 5.84 10.98 0.33 13.83 3.5 4.52 3.87 8.76 2.06 1.48 13.88 2.61 10 10.2 6.22 6.76 13.5 3.29 9.31 1.71 4.86 14.3 15.52 8.61 12.2 11.33 7.68 12.7 1.23 1.77 12.73 1.33 6.88 6.12 11.55 7.48 5.16 11.56 3.98 10.9 12.23 7.51 15.7 4.84 14.21 0.92 4.71 
8 8 8 8 8 8 8 8 8 8 8 8 8 8 8 8 8 8 8 8 8 8 8 8 8 8 8 8 8 8 8 8 8 8 8 8 8 8 8 8 8 8 8 8 8 8 8 8 
7.8 0.04 14.72 0.43 6.16 2.97 4.71 0.91 14.22 11.31 15.37 9.34 8.14 5.28 15.01 7.02 2.44 12.08 8.85 10.72 9.09 11.76 8.31 0.26 1.41 9.67 14.51 3.61 3.68 6.73 0.95 2.11 11.58 9.58 7.75 0.94 11.51 0.86 9.03 4.92 2.12 8.42 3.05 2.46 4.18 0.34 8.98 12.41 
1.79 11.02 9.25 3.09 14.65 2.75 0.6 0.25 8.01 0.7 7.99 0.1 15.14 5.76 13.05 12.64 0.11 12.49 10.58 5.2 0.32 6.84 13.84 7.17 2.21 15.24 8.11 3.46 14.2 4.75 1.67 3.74 0.84 5.93 3.41 13.67 10.36 2.97 7.43 3.34 7.34 5.76 4.59 0.89 14.02 11.61 4.13 11.78 
7.07 4.33 15.41 0.79 13.93 10.54 5.64 13.57 7.02 11.05 14.6 10.96 12.5 4.39 12.1 2.07 3.39 6.51 4.69 4.83 2.85 10.54 4.28 10.68 1.16 14.22 8.3 7.98 0.17 0.41 13.3 13.94 10.32 13.6 13.09 14.12 1.86 11.56 12.05 12.71 7.23 12.06 1.48 7.59 8.93 4.78 10.4 13.72 
10.96 6.06 14.88 1.94 2.52 1.73 14.59 2.64 13.34 10.85 10.83 12.23 9.92 1.39 3.33 12.04 13.86 8.98 3.16 12.77 11.26 1.12 8.54 2.01 3.74 10.45 9.62 0.15 13.16 10.75 5.76 11.84 2.2 6.58 11.2 11.36 11.49 9.38 5.06 8.5 1.81 13.15 13.79 14 3.33 13.83 10.55 9.16 
11.15 13.49 2.59 15.66 2.07 11.22 9.31 14.79 0.49 9.32 3.51 14.54 11.33 7.19 3.38 6.39 11.13 5.06 10.14 15.11 4.97 2.34 6.08 12.38 12.32 14.17 1.72 10.18 1.66 15.46 8.07 15.2 10.33 3.76 13.23 7.08 9.6 6.07 3.94 8.43 9.15 1.94 6.68 11.99 8.49 8.14 14.79 10.01 
1 1 1 1 1 1 1 1 1 1 1 1 1 1 1 1 1 1 1 1 1 1 1 1 1 1 1 1 1 1 1 1 1 1 1 1 1 1 1 1 1 1 1 1 1 1 1 1 
1 1 1 1 1 1 1 1 1 1 1 1 1 1 1 1 1 1 1 1 1 1 1 1 1 1 1 1 1 1 1 1 1 1 1 1 1 1 1 1 1 1 1 1 1 1 1 1 
1 1 1 1 1 1 1 1 1 1 1 1 1 1 1 1 1 1 1 1 1 1 1 1 1 1 1 1 1 1 1 1 1 1 1 1 1 1 1 1 1 1 1 1 1 1 1 1 
1 1 1 1 1 1 1 1 1 1 1 1 1 1 1 1 1 1 1 1 1 1 1 1 1 1 1 1 1 1 1 1 1 1 1 1 1 1 1 1 1 1 1 1 1 1 1 1 
1 1 1 1 1 1 1 1 1 1 1 1 1 1 1 1 1 1 1 1 1 1 1 1 1 1 1 1 1 1 1 1 1 1 1 1 1 1 1 1 1 1 1 1 1 1 1 1 
1 1 1 1 1 1 1 1 1 1 1 1 1 1 1 1 1 1 1 1 1 1 1 1 1 1 1 1 1 1 1 1 1 1 1 1 1 1 1 1 1 1 1 1 1 1 1 1 
1 1 1 1 1 1 1 1 1 1 1 1 1 1 1 1 1 1 1 1 1 1 1 1 1 1 1 1 1 1 1 1 1 1 1 1 1 1 1 1 1 1 1 1 1 1 1 1 
1 1 1 1 1 1 1 1 1 1 1 1 1 1 1 1 1 1 1 1 1 1 1 1 1 1 1 1 1 1 1 1 1 1 1 1 1 1 1 1 1 1 1 1 1 1 1 1 
1 1 1 1 1 1 1 1 1 1 1 1 1 1 1 1 1 1 1 1 1 1 1 1 1 1 1 1 1 1 1 1 1 1 1 1 1 1 1 1 1 1 1 1 1 1 1 1 
1 1 1 1 1 1 1 1 1 1 1 1 1 1 1 1 1 1 1 1 1 1 1 1 1 1 1 1 1 1 1 1 1 1 1 1 1 1 1 1 1 1 1 1 1 1 1 1 
1 1 1 1 1 1 1 1 1 1 1 1 1 1 1 1 1 1 1 1 1 1 1 1 1 1 1 1 1 1 1 1 1 1 1 1 1 1 1 1 1 1 1 1 1 1 1 1 
1 1 1 1 1 1 1 1 1 1 1 1 1 1 1 1 1 1 1 1 1 1 1 1 1 1 1 1 1 1 1 1 1 1 1 1 1 1 1 1 1 1 1 1 1 1 1 1 
0.01 0.01 0.01 0.01 0.01 0.01 0.01 0.01 0.01 0.01 0.01 0.01 0.01 0.01 0.01 0.01 0.01 0.01 0.01 0.01 0.01 0.01 0.01 0.01 0.01 0.01 0.01 0.01 0.01 0.01 0.01 0.01 0.01 0.01 0.01 0.01 0.01 0.01 0.01 0.01 0.01 0.01 0.01 0.01 0.01 0.01 0.01 0.01 
0.02 0.02 0.02 0.02 0.02 0.02 0.02 0.02 0.02 0.02 0.02 0.02 0.02 0.02 0.02 0.02 0.02 0.02 0.02 0.02 0.02 0.02 0.02 0.02 0.02 0.02 0.02 0.02 0.02 0.02 0.02 0.02 0.02 0.02 0.02 0.02 0.02 0.02 0.02 0.02 0.02 0.02 0.02 0.02 0.02 0.02 0.02 0.02 
0.03 0.03 0.03 0.03 0.03 0.03 0.03 0.03 0.03 0.03 0.03 0.03 0.03 0.03 0.03 0.03 0.03 0.03 0.03 0.03 0.03 0.03 0.03 0.03 0.03 0.03 0.03 0.03 0.03 0.03 0.03 0.03 0.03 0.03 0.03 0.03 0.03 0.03 0.03 0.03 0.03 0.03 0.03 0.03 0.03 0.03 0.03 0.03 
0.04 0.04 0.04 0.04 0.04 0.04 0.04 0.04 0.04 0.04 0.04 0.04 0.04 0.04 0.04 0.04 0.04 0.04 0.04 0.04 0.04 0.04 0.04 0.04 0.04 0.04 0.04 0.04 0.04 0.04 0.04 0.04 0.04 0.04 0.04 0.04 0.04 0.04 0.04 0.04 0.04 0.04 0.04 0.04 0.04 0.04 0.04 0.04 
0.05 0.05 0.05 0.05 0.05 0.05 0.05 0.05 0.05 0.05 0.05 0.05 0.05 0.05 0.05 0.05 0.05 0.05 0.05 0.05 0.05 0.05 0.05 0.05 0.05 0.05 0.05 0.05 0.05 0.05 0.05 0.05 0.05 0.05 0.05 0.05 0.05 0.05 0.05 0.05 0.05 0.05 0.05 0.05 0.05 0.05 0.05 0.05 
0.06 0.06 0.06 0.06 0.06 0.06 0.06 0.06 0.06 0.06 0.06 0.06 0.06 0.06 0.06 0.06 0.06 0.06 0.06 0.06 0.06 0.06 0.06 0.06 0.06 0.06 0.06 0.06 0.06 0.06 0.06 0.06 0.06 0.06 0.06 0.06 0.06 0.06 0.06 0.06 0.06 0.06 0.06 0.06 0.06 0.06 0.06 0.06 
0.07 0.07 0.07 0.07 0.07 0.07 0.07 0.07 0.07 0.07 0.07 0.07 0.07 0.07 0.07 0.07 0.07 0.07 0.07 0.07 0.07 0.07 0.07 0.07 0.07 0.07 0.07 0.07 0.07 0.07 0.07 0.07 0.07 0.07 0.07 0.07 0.07 0.07 0.07 0.07 0.07 0.07 0.07 0.07 0.07 0.07 0.07 0.07 
0.2 0.2 0.2 0.2 0.2 0.2 0.2 0.2 0.2 0.2 0.2 0.2 0.2 0.2 0.2 0.2 0.2 0.2 0.2 0.2 0.2 0.2 0.2 0.2 0.2 0.2 0.2 0.2 0.2 0.2 0.2 0.2 0.2 0.2 0.2 0.2 0.2 0.2 0.2 0.2 0.2 0.2 0.2 0.2 0.2 0.2 0.2 0.2 
0.4 0.4 0.4 0.4 0.4 0.4 0.4 0.4 0.4 0.4 0.4 0.4 0.4 0.4 0.4 0.4 0.4 0.4 0.4 0.4 0.4 0.4 0.4 0.4 0.4 0.4 0.4 0.4 0.4 0.4 0.4 0.4 0.4 0.4 0.4 0.4 0.4 0.4 0.4 0.4 0.4 0.4 0.4 0.4 0.4 0.4 0.4 0.4 
0.6 0.6 0.6 0.6 0.6 0.6 0.6 0.6 0.6 0.6 0.6 0.6 0.6 0.6 0.6 0.6 0.6 0.6 0.6 0.6 0.6 0.6 0.6 0.6 0.6 0.6 0.6 0.6 0.6 0.6 0.6 0.6 0.6 0.6 0.6 0.6 0.6 0.6 0.6 0.6 0.6 0.6 0.6 0.6 0.6 0.6 0.6 0.6 
0.8 0.8 0.8 0.8 0.8 0.8 0.8 0.8 0.8 0.8 0.8 0.8 0.8 0.8 0.8 0.8 0.8 0.8 0.8 0.8 0.8 0.8 0.8 0.8 0.8 0.8 0.8 0.8 0.8 0.8 0.8 0.8 0.8 0.8 0.8 0.8 0.8 0.8 0.8 0.8 0.8 0.8 0.8 0.8 0.8 0.8 0.8 0.8 
1 1 1 1 1 1 1 1 1 1 1 1 1 1 1 1 1 1 1 1 1 1 1 1 1 1 1 1 1 1 1 1 1 1 1 1 1 1 1 1 1 1 1 1 1 1 1 1 
