6 48 4 10
5 16 6 7 9 18 14 15 11 8 15 5 12 3 8 2 9 19 19 10 6 7 15 12 15 13 20 12 16 14 8 3 11 20 11 17 19 11 9 3 2 1 6 15 3 18 5 16 
4.92 12.29 4.23 9.13 7.33 14.22 2.77 15.97 4.13 15.4 9.73 11.67 10.97 10.63 14.01 2.94 1.96 15.17 14.8 7.71 4.72 1.75 0.79 6.33 6.84 9.21 14.38 13.73 12.61 0.12 6.58 1.22 7.35 14.24 8.47 8.83 9.2 5.27 12.6 6.95 8.23 13.88 7.66 10.61 7.31 15.68 13.79 5.25 
5.56 9.4 4.22 6.93 1.92 13.91 6.61 14.92 13.24 11.42 12.19 11.21 7.51 12.92 1.41 7.98 2.64 3.88 13.35 0.13 14.38 4.06 13.42 11.57 8.9 13.38 8.15 1.15 5.36 1.84 10.42 1.1 5.02 4 12.37 4.93 14.68 5.37 10.15 4.76 2 6.26 5.7 0.57 0.82 11.18 4.73 10.81 
10.86 12.78 3.69 5.24 4.59 5.33 10.49 0.2 3.81 5.21 0.83 2.45 1.83 4.16 11.98 7.65 3.45 0.54 9.91 12.06 13.02 7.07 3.44 0.46 10 14.2 12.24 5.67 6.89 3.62 4.71 6.94 12 4.72 11.43 14.42 14.95 9.83 11.38 10.89 12.36 9.04 8.14 7.69 4.09 12.66 12.83 7.26 
12.81 8.45 2.43 0.69 12.75 9.29 2.75 2.73 10.86 14.46 5.21 6.69 3.47 1.73 15.47 3.62 0.9 6.07 13.65 2.85 6.4 14.25 0.51 6.18 6.97 8.55 13.58 11.59 9.38 0.55 2.48 4.32 11.89 9.54 15.13 9.39 13.87 10.02 11.97 2.45 2.71 10.75 7.91 3.39 1.01 14.13 0.91 11.22 
8 8 8 8 8 8 8 8 8 8 8 8 8 8 8 8 8 8 8 8 8 8 8 8 8 8 8 8 8 8 8 8 8 8 8 8 8 8 8 8 8 8 8 8 8 8 8 8 
8.93 14.27 9.86 10.85 12.49 3.09 14.51 13.71 1.11 15.89 10.94 7.02 15.28 10.48 14.33 7.76 4.53 15.63 6.41 7.23 15.73 4.06 15.44 6.04 6.32 12.76 11.36 8.69 12.63 13.3 5.25 10.83 14.87 1.1 3.4 5.34 9.13 9.17 5.88 3.8 8.32 5.83 0.06 2.73 5.92 3.77 2.87 14.29 
1 1 1 1 1 1 1 1 1 1 1 1 1 1 1 1 1 1 1 1 1 1 1 1 1 1 1 1 1 1 1 1 1 1 1 1 1 1 1 1 1 1 1 1 1 1 1 1 
1 1 1 1 1 1 1 1 1 1 1 1 1 1 1 1 1 1 1 1 1 1 1 1 1 1 1 1 1 1 1 1 1 1 1 1 1 1 1 1 1 1 1 1 1 1 1 1 
1 1 1 1 1 1 1 1 1 1 1 1 1 1 1 1 1 1 1 1 1 1 1 1 1 1 1 1 1 1 1 1 1 1 1 1 1 1 1 1 1 1 1 1 1 1 1 1 
1 1 1 1 1 1 1 1 1 1 1 1 1 1 1 1 1 1 1 1 1 1 1 1 1 1 1 1 1 1 1 1 1 1 1 1 1 1 1 1 1 1 1 1 1 1 1 1 
1 1 1 1 1 1 1 1 1 1 1 1 1 1 1 1 1 1 1 1 1 1 1 1 1 1 1 1 1 1 1 1 1 1 1 1 1 1 1 1 1 1 1 1 1 1 1 1 
1 1 1 1 1 1 1 1 1 1 1 1 1 1 1 1 1 1 1 1 1 1 1 1 1 1 1 1 1 1 1 1 1 1 1 1 1 1 1 1 1 1 1 1 1 1 1 1 
0.01 0.01 0.01 0.01 0.01 0.01 0.01 0.01 0.01 0.01 0.01 0.01 0.01 0.01 0.01 0.01 0.01 0.01 0.01 0.01 0.01 0.01 0.01 0.01 0.01 0.01 0.01 0.01 0.01 0.01 0.01 0.01 0.01 0.01 0.01 0.01 0.01 0.01 0.01 0.01 0.01 0.01 0.01 0.01 0.01 0.01 0.01 0.01 
0.02 0.02 0.02 0.02 0.02 0.02 0.02 0.02 0.02 0.02 0.02 0.02 0.02 0.02 0.02 0.02 0.02 0.02 0.02 0.02 0.02 0.02 0.02 0.02 0.02 0.02 0.02 0.02 0.02 0.02 0.02 0.02 0.02 0.02 0.02 0.02 0.02 0.02 0.02 0.02 0.02 0.02 0.02 0.02 0.02 0.02 0.02 0.02 
0.03 0.03 0.03 0.03 0.03 0.03 0.03 0.03 0.03 0.03 0.03 0.03 0.03 0.03 0.03 0.03 0.03 0.03 0.03 0.03 0.03 0.03 0.03 0.03 0.03 0.03 0.03 0.03 0.03 0.03 0.03 0.03 0.03 0.03 0.03 0.03 0.03 0.03 0.03 0.03 0.03 0.03 0.03 0.03 0.03 0.03 0.03 0.03 
0.04 0.04 0.04 0.04 0.04 0.04 0.04 0.04 0.04 0.04 0.04 0.04 0.04 0.04 0.04 0.04 0.04 0.04 0.04 0.04 0.04 0.04 0.04 0.04 0.04 0.04 0.04 0.04 0.04 0.04 0.04 0.04 0.04 0.04 0.04 0.04 0.04 0.04 0.04 0.04 0.04 0.04 0.04 0.04 0.04 0.04 0.04 0.04 
0.05 0.05 0.05 0.05 0.05 0.05 0.05 0.05 0.05 0.05 0.05 0.05 0.05 0.05 0.05 0.05 0.05 0.05 0.05 0.05 0.05 0.05 0.05 0.05 0.05 0.05 0.05 0.05 0.05 0.05 0.05 0.05 0.05 0.05 0.05 0.05 0.05 0.05 0.05 0.05 0.05 0.05 0.05 0.05 0.05 0.05 0.05 0.05 
1 1 1 1 1 1 1 1 1 1 1 1 1 1 1 1 1 1 1 1 1 1 1 1 1 1 1 1 1 1 1 1 1 1 1 1 1 1 1 1 1 1 1 1 1 1 1 1 
