6 24 4 10
3 19 4 1 20 16 7 17 4 16 12 9 10 17 14 13 17 15 7 14 2 3 17 2 
6.29 4.69 9.26 12.42 15.54 7.3 0.77 10.62 8.35 6.48 7.4 13.41 15.69 9.28 4.53 8.31 1.29 8.95 9.22 7.34 9.53 10.7 5.71 12.75 
9.3 13.85 12.43 4.38 6.22 5.45 8.88 3.14 1.05 4.89 9.7 13.49 1.15 9.14 9.66 12.27 2.26 4.53 4.68 14.22 6.12 4.2 1.84 10.33 
4.13 14.44 1.57 6.67 14.17 15.03 5.46 14.67 12.74 8.68 12.82 2.46 1.86 6.23 9.51 1.85 12.29 1.25 2.84 5.52 13.96 14.27 10.15 8.37 
13.49 8.69 11.23 2.62 11.21 5.55 13.71 6.16 15 10.55 4.16 8.43 4.37 13.58 5.58 8.67 5.92 0.75 9.95 11.73 0.19 15.38 12.31 11.96 
8 8 8 8 8 8 8 8 8 8 8 8 8 8 8 8 8 8 8 8 8 8 8 8 
2.71 7.17 3.39 10.3 11.89 7.8 15.37 10.12 2.55 6.8 1.88 2.63 6.88 10.95 0.25 3.71 0.5 7.7 14.36 10.92 9.21 7.66 6.7 14.71 
1 1 1 1 1 1 1 1 1 1 1 1 1 1 1 1 1 1 1 1 1 1 1 1 
1 1 1 1 1 1 1 1 1 1 1 1 1 1 1 1 1 1 1 1 1 1 1 1 
1 1 1 1 1 1 1 1 1 1 1 1 1 1 1 1 1 1 1 1 1 1 1 1 
1 1 1 1 1 1 1 1 1 1 1 1 1 1 1 1 1 1 1 1 1 1 1 1 
1 1 1 1 1 1 1 1 1 1 1 1 1 1 1 1 1 1 1 1 1 1 1 1 
1 1 1 1 1 1 1 1 1 1 1 1 1 1 1 1 1 1 1 1 1 1 1 1 
0.01 0.01 0.01 0.01 0.01 0.01 0.01 0.01 0.01 0.01 0.01 0.01 0.01 0.01 0.01 0.01 0.01 0.01 0.01 0.01 0.01 0.01 0.01 0.01 
0.02 0.02 0.02 0.02 0.02 0.02 0.02 0.02 0.02 0.02 0.02 0.02 0.02 0.02 0.02 0.02 0.02 0.02 0.02 0.02 0.02 0.02 0.02 0.02 
0.03 0.03 0.03 0.03 0.03 0.03 0.03 0.03 0.03 0.03 0.03 0.03 0.03 0.03 0.03 0.03 0.03 0.03 0.03 0.03 0.03 0.03 0.03 0.03 
0.04 0.04 0.04 0.04 0.04 0.04 0.04 0.04 0.04 0.04 0.04 0.04 0.04 0.04 0.04 0.04 0.04 0.04 0.04 0.04 0.04 0.04 0.04 0.04 
0.05 0.05 0.05 0.05 0.05 0.05 0.05 0.05 0.05 0.05 0.05 0.05 0.05 0.05 0.05 0.05 0.05 0.05 0.05 0.05 0.05 0.05 0.05 0.05 
1 1 1 1 1 1 1 1 1 1 1 1 1 1 1 1 1 1 1 1 1 1 1 1 
