12 16 6 10
4 1 13 18 14 9 10 12 6 19 2 6 5 4 17 18 
8.81 7.71 10.14 2.05 15.13 13.89 10.04 13.75 0.01 8.39 7.77 11.22 6.3 6.76 5.04 12.09 
15.27 5.11 12.77 13.16 10.07 4.01 13.82 11.98 2.6 12.38 6.09 4.52 7.14 7.27 14.74 13.2 
12.1 3.83 11.04 6 2.31 8.08 4.87 15.27 5.79 8.47 9.82 1.44 7.29 4.39 14.57 14.06 
15.56 1.13 11.59 4.54 11.43 9.5 6.45 7.82 14.95 4.7 8.48 8.69 4.13 8.33 15.6 14.92 
8.35 15.02 9.74 7.71 10.5 6.3 14.09 2.14 3.04 13.89 2.4 10.29 0.68 14.38 12.66 12.93 
12.35 7.49 1.31 11.75 4.36 2.01 5.96 2.59 5.86 5.46 1.74 13.17 3.45 1.38 13.27 3.41 
8 8 8 8 8 8 8 8 8 8 8 8 8 8 8 8 
15.4 0.43 4.44 4.22 2.9 11.85 15.91 13.62 10.14 14.27 13.06 12.04 14.53 10.64 11.08 6.41 
15.12 11.17 13.4 8.18 5.22 1.76 8.56 13.17 8.5 15.89 10.04 2.21 5.28 14.4 1.28 5.9 
0.32 3.63 7.7 1.55 13.34 2.5 3.45 14.72 6.51 14.56 5.78 5.54 15.62 13.54 11.92 9.29 
8.03 11.19 3.05 13.1 15.7 9 14.15 7.21 12.26 1.64 7.6 2.12 9.3 12.72 11.49 7.49 
8.79 15.15 2.07 15.56 6.43 15.81 5.11 7.68 11.88 1.98 2.27 12.93 8.54 7.26 12.25 3.97 
1 1 1 1 1 1 1 1 1 1 1 1 1 1 1 1 
1 1 1 1 1 1 1 1 1 1 1 1 1 1 1 1 
1 1 1 1 1 1 1 1 1 1 1 1 1 1 1 1 
1 1 1 1 1 1 1 1 1 1 1 1 1 1 1 1 
1 1 1 1 1 1 1 1 1 1 1 1 1 1 1 1 
1 1 1 1 1 1 1 1 1 1 1 1 1 1 1 1 
1 1 1 1 1 1 1 1 1 1 1 1 1 1 1 1 
1 1 1 1 1 1 1 1 1 1 1 1 1 1 1 1 
1 1 1 1 1 1 1 1 1 1 1 1 1 1 1 1 
1 1 1 1 1 1 1 1 1 1 1 1 1 1 1 1 
1 1 1 1 1 1 1 1 1 1 1 1 1 1 1 1 
1 1 1 1 1 1 1 1 1 1 1 1 1 1 1 1 
0.01 0.01 0.01 0.01 0.01 0.01 0.01 0.01 0.01 0.01 0.01 0.01 0.01 0.01 0.01 0.01 
0.02 0.02 0.02 0.02 0.02 0.02 0.02 0.02 0.02 0.02 0.02 0.02 0.02 0.02 0.02 0.02 
0.03 0.03 0.03 0.03 0.03 0.03 0.03 0.03 0.03 0.03 0.03 0.03 0.03 0.03 0.03 0.03 
0.04 0.04 0.04 0.04 0.04 0.04 0.04 0.04 0.04 0.04 0.04 0.04 0.04 0.04 0.04 0.04 
0.05 0.05 0.05 0.05 0.05 0.05 0.05 0.05 0.05 0.05 0.05 0.05 0.05 0.05 0.05 0.05 
0.06 0.06 0.06 0.06 0.06 0.06 0.06 0.06 0.06 0.06 0.06 0.06 0.06 0.06 0.06 0.06 
0.07 0.07 0.07 0.07 0.07 0.07 0.07 0.07 0.07 0.07 0.07 0.07 0.07 0.07 0.07 0.07 
0.2 0.2 0.2 0.2 0.2 0.2 0.2 0.2 0.2 0.2 0.2 0.2 0.2 0.2 0.2 0.2 
0.4 0.4 0.4 0.4 0.4 0.4 0.4 0.4 0.4 0.4 0.4 0.4 0.4 0.4 0.4 0.4 
0.6 0.6 0.6 0.6 0.6 0.6 0.6 0.6 0.6 0.6 0.6 0.6 0.6 0.6 0.6 0.6 
0.8 0.8 0.8 0.8 0.8 0.8 0.8 0.8 0.8 0.8 0.8 0.8 0.8 0.8 0.8 0.8 
1 1 1 1 1 1 1 1 1 1 1 1 1 1 1 1 
