6 40 2 10
14 12 18 15 7 12 16 8 11 8 17 9 11 8 20 1 20 16 19 7 16 13 13 2 7 18 10 1 20 6 11 14 6 18 4 3 11 4 6 12 
14.36 8 0.24 7.05 10.68 0.2 4.02 5.4 10.45 7.83 9.31 13.52 10.91 4.92 11.27 14.36 11.2 14.15 7.97 4.83 10.91 10.73 15.46 8.97 7.09 3.05 6.51 3.45 6.52 7.42 10.98 7.12 5.48 15.78 4.08 4.31 12.38 14.52 11.26 15.32 
3.24 11.5 12.76 8.51 14.28 4.33 4.3 6.44 13.67 15 3.45 11.82 1.44 1.58 14.79 13.81 15.61 3.13 1.81 4.55 10.23 1.4 5.07 8.18 0.77 6.3 11.33 13.89 1.23 4.87 3.18 15.55 6.29 12.94 7.55 11.42 5.74 8.75 12.37 15.58 
8 8 8 8 8 8 8 8 8 8 8 8 8 8 8 8 8 8 8 8 8 8 8 8 8 8 8 8 8 8 8 8 8 8 8 8 8 8 8 8 
1.69 7.82 3.17 14.43 6.2 14.29 14.34 0.48 9.04 13.16 11 8.71 2.61 9.99 3.77 8.88 7.51 8.41 9.25 13.94 3.07 12.18 1.11 5.46 3.34 5.51 5.81 9.01 1.16 13.13 11.97 14.92 5.18 5.66 11.16 12.25 9.66 15.73 6.52 2.3 
7.96 3.87 6.87 3.13 8.75 5.95 5 11.11 11.25 15.5 3.04 5.18 14.19 10.74 13.32 14.08 0.23 6.69 0.17 6.1 10.21 8.49 0.97 3.97 7.45 2.12 2.95 6.85 12.36 4.93 14.65 2.75 11.49 14.87 12 12.11 7.62 9.68 8.72 8.97 
5.54 14.3 15.34 11.37 12.54 15.8 9.64 2.43 9.02 12.51 9.35 11.11 4.65 10.54 4.5 1.02 7.29 14.04 2.15 6.73 7.25 6.34 4.08 12.69 7.19 7.06 4.47 0.24 13.82 9.81 7.28 1.01 4.16 13.01 15.77 5.85 13.53 0.26 1.99 7.28 
1 1 1 1 1 1 1 1 1 1 1 1 1 1 1 1 1 1 1 1 1 1 1 1 1 1 1 1 1 1 1 1 1 1 1 1 1 1 1 1 
1 1 1 1 1 1 1 1 1 1 1 1 1 1 1 1 1 1 1 1 1 1 1 1 1 1 1 1 1 1 1 1 1 1 1 1 1 1 1 1 
1 1 1 1 1 1 1 1 1 1 1 1 1 1 1 1 1 1 1 1 1 1 1 1 1 1 1 1 1 1 1 1 1 1 1 1 1 1 1 1 
1 1 1 1 1 1 1 1 1 1 1 1 1 1 1 1 1 1 1 1 1 1 1 1 1 1 1 1 1 1 1 1 1 1 1 1 1 1 1 1 
1 1 1 1 1 1 1 1 1 1 1 1 1 1 1 1 1 1 1 1 1 1 1 1 1 1 1 1 1 1 1 1 1 1 1 1 1 1 1 1 
1 1 1 1 1 1 1 1 1 1 1 1 1 1 1 1 1 1 1 1 1 1 1 1 1 1 1 1 1 1 1 1 1 1 1 1 1 1 1 1 
0.01 0.01 0.01 0.01 0.01 0.01 0.01 0.01 0.01 0.01 0.01 0.01 0.01 0.01 0.01 0.01 0.01 0.01 0.01 0.01 0.01 0.01 0.01 0.01 0.01 0.01 0.01 0.01 0.01 0.01 0.01 0.01 0.01 0.01 0.01 0.01 0.01 0.01 0.01 0.01 
0.02 0.02 0.02 0.02 0.02 0.02 0.02 0.02 0.02 0.02 0.02 0.02 0.02 0.02 0.02 0.02 0.02 0.02 0.02 0.02 0.02 0.02 0.02 0.02 0.02 0.02 0.02 0.02 0.02 0.02 0.02 0.02 0.02 0.02 0.02 0.02 0.02 0.02 0.02 0.02 
0.03 0.03 0.03 0.03 0.03 0.03 0.03 0.03 0.03 0.03 0.03 0.03 0.03 0.03 0.03 0.03 0.03 0.03 0.03 0.03 0.03 0.03 0.03 0.03 0.03 0.03 0.03 0.03 0.03 0.03 0.03 0.03 0.03 0.03 0.03 0.03 0.03 0.03 0.03 0.03 
0.333333 0.333333 0.333333 0.333333 0.333333 0.333333 0.333333 0.333333 0.333333 0.333333 0.333333 0.333333 0.333333 0.333333 0.333333 0.333333 0.333333 0.333333 0.333333 0.333333 0.333333 0.333333 0.333333 0.333333 0.333333 0.333333 0.333333 0.333333 0.333333 0.333333 0.333333 0.333333 0.333333 0.333333 0.333333 0.333333 0.333333 0.333333 0.333333 0.333333 
0.666667 0.666667 0.666667 0.666667 0.666667 0.666667 0.666667 0.666667 0.666667 0.666667 0.666667 0.666667 0.666667 0.666667 0.666667 0.666667 0.666667 0.666667 0.666667 0.666667 0.666667 0.666667 0.666667 0.666667 0.666667 0.666667 0.666667 0.666667 0.666667 0.666667 0.666667 0.666667 0.666667 0.666667 0.666667 0.666667 0.666667 0.666667 0.666667 0.666667 
1 1 1 1 1 1 1 1 1 1 1 1 1 1 1 1 1 1 1 1 1 1 1 1 1 1 1 1 1 1 1 1 1 1 1 1 1 1 1 1 
