3 32 1 10
19 1 15 19 7 3 13 4 6 11 14 13 13 3 13 7 4 20 15 16 11 5 15 20 1 1 15 7 20 20 12 12 
2.24 9.19 14.78 14.52 8.89 11.66 4.44 8.87 9.95 14 13.74 1.05 1.73 12.09 8.95 7.57 10.12 2.27 14.82 7.96 0.61 13.55 8.12 11.45 11.72 7 10.56 11.74 13.78 3.94 10.5 1.82 
8 8 8 8 8 8 8 8 8 8 8 8 8 8 8 8 8 8 8 8 8 8 8 8 8 8 8 8 8 8 8 8 
10.11 0.91 9.76 3.3 2.64 15.2 13.67 11.94 8.25 13.22 0.34 12.31 13.13 2.93 11.02 9.86 10.52 11.86 0.83 9.37 11.29 5.44 5.41 8.32 13.03 12.89 2.5 5.07 5.37 9.11 1.65 9.82 
1 1 1 1 1 1 1 1 1 1 1 1 1 1 1 1 1 1 1 1 1 1 1 1 1 1 1 1 1 1 1 1 
1 1 1 1 1 1 1 1 1 1 1 1 1 1 1 1 1 1 1 1 1 1 1 1 1 1 1 1 1 1 1 1 
1 1 1 1 1 1 1 1 1 1 1 1 1 1 1 1 1 1 1 1 1 1 1 1 1 1 1 1 1 1 1 1 
0.01 0.01 0.01 0.01 0.01 0.01 0.01 0.01 0.01 0.01 0.01 0.01 0.01 0.01 0.01 0.01 0.01 0.01 0.01 0.01 0.01 0.01 0.01 0.01 0.01 0.01 0.01 0.01 0.01 0.01 0.01 0.01 
0.02 0.02 0.02 0.02 0.02 0.02 0.02 0.02 0.02 0.02 0.02 0.02 0.02 0.02 0.02 0.02 0.02 0.02 0.02 0.02 0.02 0.02 0.02 0.02 0.02 0.02 0.02 0.02 0.02 0.02 0.02 0.02 
1 1 1 1 1 1 1 1 1 1 1 1 1 1 1 1 1 1 1 1 1 1 1 1 1 1 1 1 1 1 1 1 
