6 24 2 10
7 16 7 1 2 11 16 17 16 13 15 6 18 2 1 12 2 18 1 5 11 5 20 10 
8.01 13.84 15.55 13.25 2.19 0.55 12.67 8.83 4.81 15.39 3.69 4.92 12.04 11.17 8.57 4.94 4.15 4.09 5.02 10.52 12.5 6.45 12.47 12.1 
12.81 13.46 0.7 7.17 14.66 14.31 12.79 1.37 3.95 9.24 3.09 9.53 10.91 15.96 1.5 6.89 15.92 11.35 5.76 12.26 7.81 1.06 8.75 13.83 
8 8 8 8 8 8 8 8 8 8 8 8 8 8 8 8 8 8 8 8 8 8 8 8 
1.34 6.34 11.08 9.86 15.48 9.51 9.99 15.21 14.43 2.38 13.2 0.03 15.08 3.48 2.66 11.73 2.1 1.92 9.25 3.01 3.83 3.42 14.86 14.08 
11.27 2.13 4.05 8.76 12.07 10.64 14.76 8.22 14.17 7.5 15.64 13.92 2.55 0.38 11.36 6.25 4.98 4.34 11.82 8.62 12.7 3.6 0.95 4.25 
4.98 6.53 4.77 5.16 9.67 12.85 7.86 7.29 15.72 13.2 6.2 2.13 6.56 15.48 12.39 14.27 0.54 8.59 3.21 5.78 6.22 13.89 4.36 13.47 
1 1 1 1 1 1 1 1 1 1 1 1 1 1 1 1 1 1 1 1 1 1 1 1 
1 1 1 1 1 1 1 1 1 1 1 1 1 1 1 1 1 1 1 1 1 1 1 1 
1 1 1 1 1 1 1 1 1 1 1 1 1 1 1 1 1 1 1 1 1 1 1 1 
1 1 1 1 1 1 1 1 1 1 1 1 1 1 1 1 1 1 1 1 1 1 1 1 
1 1 1 1 1 1 1 1 1 1 1 1 1 1 1 1 1 1 1 1 1 1 1 1 
1 1 1 1 1 1 1 1 1 1 1 1 1 1 1 1 1 1 1 1 1 1 1 1 
0.01 0.01 0.01 0.01 0.01 0.01 0.01 0.01 0.01 0.01 0.01 0.01 0.01 0.01 0.01 0.01 0.01 0.01 0.01 0.01 0.01 0.01 0.01 0.01 
0.02 0.02 0.02 0.02 0.02 0.02 0.02 0.02 0.02 0.02 0.02 0.02 0.02 0.02 0.02 0.02 0.02 0.02 0.02 0.02 0.02 0.02 0.02 0.02 
0.03 0.03 0.03 0.03 0.03 0.03 0.03 0.03 0.03 0.03 0.03 0.03 0.03 0.03 0.03 0.03 0.03 0.03 0.03 0.03 0.03 0.03 0.03 0.03 
0.333333 0.333333 0.333333 0.333333 0.333333 0.333333 0.333333 0.333333 0.333333 0.333333 0.333333 0.333333 0.333333 0.333333 0.333333 0.333333 0.333333 0.333333 0.333333 0.333333 0.333333 0.333333 0.333333 0.333333 
0.666667 0.666667 0.666667 0.666667 0.666667 0.666667 0.666667 0.666667 0.666667 0.666667 0.666667 0.666667 0.666667 0.666667 0.666667 0.666667 0.666667 0.666667 0.666667 0.666667 0.666667 0.666667 0.666667 0.666667 
1 1 1 1 1 1 1 1 1 1 1 1 1 1 1 1 1 1 1 1 1 1 1 1 
