12 16 6 10
8 13 19 4 5 4 4 19 20 6 5 4 15 1 10 13 
15.08 15.58 15.06 8.01 3.72 8.49 1.84 12.11 11.39 12.16 15.78 15.89 8.8 12.89 12.93 0.45 
9.4 15.94 12.57 2.12 13.03 11.52 15.98 12.82 10.53 5.14 3.41 11.41 6.28 1.94 4.67 10.36 
14.9 10.81 3.46 10.29 12.19 4.95 7.49 9.88 6.83 8.1 4.43 2.44 2.74 1.31 0.37 10.56 
0.04 14.13 2.16 15.1 6.53 5.66 1.84 15.29 14.43 6.06 14.84 10.52 13.88 10.81 1.73 12.13 
3.04 11.32 15.91 0.55 3.61 4.2 8.46 14.73 15.83 0.61 2.33 15.83 14.09 1.28 3.35 15.99 
14.07 9.16 4.97 5.45 5.51 8.6 15.82 10.73 8.97 12.6 3.32 6.95 0.18 11.79 11.9 11.69 
8 8 8 8 8 8 8 8 8 8 8 8 8 8 8 8 
12.56 15.46 14.13 15.56 11.83 9.01 9.99 1.5 12.55 4.11 7.65 3.06 15.54 15.61 4.76 13.4 
9.79 7.46 15.11 5.62 6.18 0.45 8.43 1.87 4.33 2.36 1.46 6.98 0.21 5.17 11.6 4.1 
11.95 12.58 8.72 1.42 13.71 2.42 0.12 5.43 3.4 1.53 10.13 11.96 8.52 0.32 7.8 13.83 
11.46 14.31 14.65 15.35 6.87 11.23 4.38 9.27 4.86 6.86 8.05 6.93 10.19 7.12 14.48 15.37 
8.95 12.45 1.25 1.46 9.09 15.77 2.31 6.15 15.65 11.25 0.02 1.51 7.27 11.99 4.77 5.85 
1 1 1 1 1 1 1 1 1 1 1 1 1 1 1 1 
1 1 1 1 1 1 1 1 1 1 1 1 1 1 1 1 
1 1 1 1 1 1 1 1 1 1 1 1 1 1 1 1 
1 1 1 1 1 1 1 1 1 1 1 1 1 1 1 1 
1 1 1 1 1 1 1 1 1 1 1 1 1 1 1 1 
1 1 1 1 1 1 1 1 1 1 1 1 1 1 1 1 
1 1 1 1 1 1 1 1 1 1 1 1 1 1 1 1 
1 1 1 1 1 1 1 1 1 1 1 1 1 1 1 1 
1 1 1 1 1 1 1 1 1 1 1 1 1 1 1 1 
1 1 1 1 1 1 1 1 1 1 1 1 1 1 1 1 
1 1 1 1 1 1 1 1 1 1 1 1 1 1 1 1 
1 1 1 1 1 1 1 1 1 1 1 1 1 1 1 1 
0.01 0.01 0.01 0.01 0.01 0.01 0.01 0.01 0.01 0.01 0.01 0.01 0.01 0.01 0.01 0.01 
0.02 0.02 0.02 0.02 0.02 0.02 0.02 0.02 0.02 0.02 0.02 0.02 0.02 0.02 0.02 0.02 
0.03 0.03 0.03 0.03 0.03 0.03 0.03 0.03 0.03 0.03 0.03 0.03 0.03 0.03 0.03 0.03 
0.04 0.04 0.04 0.04 0.04 0.04 0.04 0.04 0.04 0.04 0.04 0.04 0.04 0.04 0.04 0.04 
0.05 0.05 0.05 0.05 0.05 0.05 0.05 0.05 0.05 0.05 0.05 0.05 0.05 0.05 0.05 0.05 
0.06 0.06 0.06 0.06 0.06 0.06 0.06 0.06 0.06 0.06 0.06 0.06 0.06 0.06 0.06 0.06 
0.07 0.07 0.07 0.07 0.07 0.07 0.07 0.07 0.07 0.07 0.07 0.07 0.07 0.07 0.07 0.07 
0.2 0.2 0.2 0.2 0.2 0.2 0.2 0.2 0.2 0.2 0.2 0.2 0.2 0.2 0.2 0.2 
0.4 0.4 0.4 0.4 0.4 0.4 0.4 0.4 0.4 0.4 0.4 0.4 0.4 0.4 0.4 0.4 
0.6 0.6 0.6 0.6 0.6 0.6 0.6 0.6 0.6 0.6 0.6 0.6 0.6 0.6 0.6 0.6 
0.8 0.8 0.8 0.8 0.8 0.8 0.8 0.8 0.8 0.8 0.8 0.8 0.8 0.8 0.8 0.8 
1 1 1 1 1 1 1 1 1 1 1 1 1 1 1 1 
