6 16 4 10
3 11 11 5 8 18 20 10 15 5 1 1 18 4 11 13 
7.22 6.77 3.4 6.31 9.51 1.13 7.76 9.6 6.89 2.14 3.36 6.25 12.83 4.04 12.23 3.43 
4.12 7.16 1.61 9.28 14.38 11.12 0.15 15.98 9.22 10.99 2.03 7.08 5.75 13.25 3.41 12.09 
4.38 12.56 15.47 7.38 13.13 10.82 13.36 7.24 13.92 2.04 14.48 9.89 7.79 7.37 8.44 4.65 
3.17 15.53 3.16 13.06 10.78 11.63 10.42 8.18 10.32 7.13 2.77 6.54 9.65 15.8 3.27 5.42 
8 8 8 8 8 8 8 8 8 8 8 8 8 8 8 8 
0.86 1.11 11.5 1.15 11.83 10.68 8.5 4.41 3.4 6.86 8.95 10.42 2 6.43 12.81 0.8 
1 1 1 1 1 1 1 1 1 1 1 1 1 1 1 1 
1 1 1 1 1 1 1 1 1 1 1 1 1 1 1 1 
1 1 1 1 1 1 1 1 1 1 1 1 1 1 1 1 
1 1 1 1 1 1 1 1 1 1 1 1 1 1 1 1 
1 1 1 1 1 1 1 1 1 1 1 1 1 1 1 1 
1 1 1 1 1 1 1 1 1 1 1 1 1 1 1 1 
0.01 0.01 0.01 0.01 0.01 0.01 0.01 0.01 0.01 0.01 0.01 0.01 0.01 0.01 0.01 0.01 
0.02 0.02 0.02 0.02 0.02 0.02 0.02 0.02 0.02 0.02 0.02 0.02 0.02 0.02 0.02 0.02 
0.03 0.03 0.03 0.03 0.03 0.03 0.03 0.03 0.03 0.03 0.03 0.03 0.03 0.03 0.03 0.03 
0.04 0.04 0.04 0.04 0.04 0.04 0.04 0.04 0.04 0.04 0.04 0.04 0.04 0.04 0.04 0.04 
0.05 0.05 0.05 0.05 0.05 0.05 0.05 0.05 0.05 0.05 0.05 0.05 0.05 0.05 0.05 0.05 
1 1 1 1 1 1 1 1 1 1 1 1 1 1 1 1 
