6 48 2 10
2 18 1 10 13 10 1 13 19 2 2 5 9 3 7 1 16 3 7 16 17 11 20 14 6 4 2 13 10 15 9 10 4 10 4 13 18 10 1 18 5 12 10 14 13 12 20 3 
1.49 5.2 3.84 11.8 8.4 0.16 9.23 10.35 12.02 13.05 2.31 1.49 1.77 3.15 15.18 10.76 0.71 14.97 6.84 5.84 15.02 1.85 6.02 9.32 13.45 8.05 9.54 10.85 8.09 3.51 4.03 2.29 12.75 8.09 0.17 8.94 5.7 4.73 9.41 1.56 10.94 12.7 5.08 2.16 15.77 4.79 3.5 4.31 
13.72 5.46 4.45 9.07 10.5 5.38 0.8 6.35 2.08 11.51 15.79 14.5 0.55 13.58 5.99 13.07 1.32 3.14 7.7 3.43 12.52 15.47 3.5 2.68 13.97 14.54 5.47 15.52 10.32 10.01 6.13 4.46 8.88 10.18 6.75 15.42 13.52 0.98 2.46 5.39 3 6.09 6.85 0.34 13.64 7.24 4.87 3.84 
8 8 8 8 8 8 8 8 8 8 8 8 8 8 8 8 8 8 8 8 8 8 8 8 8 8 8 8 8 8 8 8 8 8 8 8 8 8 8 8 8 8 8 8 8 8 8 8 
12.33 4.24 7.55 2.85 2.23 1.01 3.08 11.21 15.78 5.34 12.74 13.49 7.18 12.87 13.73 6.25 15.95 9.4 15.3 12.12 14.28 1.16 9.01 11.91 1.22 8.42 14.88 4.44 0.4 4.9 15.98 3.23 9.86 6.61 9.13 7.75 1.39 15.99 0.67 4.37 15.73 2.98 2.86 15.86 2.5 1.99 11.67 8.89 
6.72 13.47 3.17 8.94 10.12 4.13 6.52 6.11 14.9 3.05 0.86 4.93 0.74 1.28 5.86 8.75 13.11 4.1 1.75 6.34 15.69 4.29 1.18 5.23 13.05 2.7 15.01 1.48 11.55 0.96 4.13 15.53 4.13 6.89 5.88 2.37 2.04 7.96 1.27 0.9 3.95 7.13 15.46 4.2 9.8 9.92 13.12 0.69 
7.81 14.24 11.46 8.46 7.3 14.69 12.23 10.18 5.89 12.24 0.31 1.27 8.83 10.98 5.75 8.83 2.8 8.28 10.55 8.98 0.45 2.57 6.93 15.02 12.51 3.92 15.15 15.65 9.49 10.9 4.69 1.59 2.26 9.92 14.4 9.94 2.95 7.65 4.19 6.35 3.88 7.28 4.09 8.71 10.28 8.63 5.52 1.61 
1 1 1 1 1 1 1 1 1 1 1 1 1 1 1 1 1 1 1 1 1 1 1 1 1 1 1 1 1 1 1 1 1 1 1 1 1 1 1 1 1 1 1 1 1 1 1 1 
1 1 1 1 1 1 1 1 1 1 1 1 1 1 1 1 1 1 1 1 1 1 1 1 1 1 1 1 1 1 1 1 1 1 1 1 1 1 1 1 1 1 1 1 1 1 1 1 
1 1 1 1 1 1 1 1 1 1 1 1 1 1 1 1 1 1 1 1 1 1 1 1 1 1 1 1 1 1 1 1 1 1 1 1 1 1 1 1 1 1 1 1 1 1 1 1 
1 1 1 1 1 1 1 1 1 1 1 1 1 1 1 1 1 1 1 1 1 1 1 1 1 1 1 1 1 1 1 1 1 1 1 1 1 1 1 1 1 1 1 1 1 1 1 1 
1 1 1 1 1 1 1 1 1 1 1 1 1 1 1 1 1 1 1 1 1 1 1 1 1 1 1 1 1 1 1 1 1 1 1 1 1 1 1 1 1 1 1 1 1 1 1 1 
1 1 1 1 1 1 1 1 1 1 1 1 1 1 1 1 1 1 1 1 1 1 1 1 1 1 1 1 1 1 1 1 1 1 1 1 1 1 1 1 1 1 1 1 1 1 1 1 
0.01 0.01 0.01 0.01 0.01 0.01 0.01 0.01 0.01 0.01 0.01 0.01 0.01 0.01 0.01 0.01 0.01 0.01 0.01 0.01 0.01 0.01 0.01 0.01 0.01 0.01 0.01 0.01 0.01 0.01 0.01 0.01 0.01 0.01 0.01 0.01 0.01 0.01 0.01 0.01 0.01 0.01 0.01 0.01 0.01 0.01 0.01 0.01 
0.02 0.02 0.02 0.02 0.02 0.02 0.02 0.02 0.02 0.02 0.02 0.02 0.02 0.02 0.02 0.02 0.02 0.02 0.02 0.02 0.02 0.02 0.02 0.02 0.02 0.02 0.02 0.02 0.02 0.02 0.02 0.02 0.02 0.02 0.02 0.02 0.02 0.02 0.02 0.02 0.02 0.02 0.02 0.02 0.02 0.02 0.02 0.02 
0.03 0.03 0.03 0.03 0.03 0.03 0.03 0.03 0.03 0.03 0.03 0.03 0.03 0.03 0.03 0.03 0.03 0.03 0.03 0.03 0.03 0.03 0.03 0.03 0.03 0.03 0.03 0.03 0.03 0.03 0.03 0.03 0.03 0.03 0.03 0.03 0.03 0.03 0.03 0.03 0.03 0.03 0.03 0.03 0.03 0.03 0.03 0.03 
0.333333 0.333333 0.333333 0.333333 0.333333 0.333333 0.333333 0.333333 0.333333 0.333333 0.333333 0.333333 0.333333 0.333333 0.333333 0.333333 0.333333 0.333333 0.333333 0.333333 0.333333 0.333333 0.333333 0.333333 0.333333 0.333333 0.333333 0.333333 0.333333 0.333333 0.333333 0.333333 0.333333 0.333333 0.333333 0.333333 0.333333 0.333333 0.333333 0.333333 0.333333 0.333333 0.333333 0.333333 0.333333 0.333333 0.333333 0.333333 
0.666667 0.666667 0.666667 0.666667 0.666667 0.666667 0.666667 0.666667 0.666667 0.666667 0.666667 0.666667 0.666667 0.666667 0.666667 0.666667 0.666667 0.666667 0.666667 0.666667 0.666667 0.666667 0.666667 0.666667 0.666667 0.666667 0.666667 0.666667 0.666667 0.666667 0.666667 0.666667 0.666667 0.666667 0.666667 0.666667 0.666667 0.666667 0.666667 0.666667 0.666667 0.666667 0.666667 0.666667 0.666667 0.666667 0.666667 0.666667 
1 1 1 1 1 1 1 1 1 1 1 1 1 1 1 1 1 1 1 1 1 1 1 1 1 1 1 1 1 1 1 1 1 1 1 1 1 1 1 1 1 1 1 1 1 1 1 1 
