12 24 9 10
8 2 5 8 11 8 19 4 20 13 7 5 9 18 15 14 2 12 12 4 17 11 11 5 
9.61 4.65 15.11 1.25 0.83 4.61 15.72 0.97 4.12 3.31 1.47 12.23 7.05 7.77 10.96 5.95 15.37 8.71 8.58 8.03 0.26 10.83 3.53 0.44 
8.8 10.62 13.55 1.27 2.43 15.65 7.69 3.84 12.34 15.83 3.35 14.47 3.19 6.01 12.13 8.37 13.36 5.74 11.7 1.64 12.66 3.43 15.82 10.05 
5.85 1.22 2.4 6.11 1.97 8.74 1.46 15.82 13.16 0.4 11.31 12.21 6.82 15.95 1.79 9.37 6.56 14.75 8.14 13.98 5.69 9.74 14.59 14.96 
10.98 14 8.32 0.07 7.02 10.07 6.79 5.91 7.45 10.55 5.46 1.47 12.34 9.28 11.55 14.19 9.22 2.23 3.97 7.4 8.77 8.21 7.63 10.17 
5.54 4.46 4.01 4.53 9.67 0.12 4.75 3.12 4.75 14.9 10.5 9.39 14.39 11.59 2.7 8.73 1.11 6.83 2.86 1.57 15.86 7.03 10.42 10.73 
6.88 13.64 11.9 3.7 3.04 8.29 4.56 14.7 8.27 4.62 4.6 5.59 0.39 10.76 11.72 13.03 14.54 7.49 3.96 7.57 5.57 0.37 15.76 12.21 
12.43 3.15 9.1 2.88 1.95 5.14 15.66 10.99 11 2.61 8.7 4.39 8.73 3.96 10.45 12.96 14.95 11.05 15.46 3.47 12.2 8.81 10.09 11.29 
2.57 3.72 13.16 4.49 1.46 7.91 11.75 13.16 5.8 2.19 7.67 5.06 7.04 9.38 8.63 1.14 4.13 3.23 12.45 4.22 1.06 14.56 8.61 0.68 
6.04 11.26 6.53 7.31 12.39 12.48 10.33 4.59 3.85 11.25 0.03 8.46 5.67 5.67 8.48 11.07 9.73 11.32 7.79 6.97 5.09 9.98 4.12 0.8 
8 8 8 8 8 8 8 8 8 8 8 8 8 8 8 8 8 8 8 8 8 8 8 8 
11.14 6.81 5.11 0.68 8.23 14.72 6.64 0.5 13.71 2.79 11.09 15.39 2.91 5.15 9.04 8.77 10.09 1.47 8.89 2.8 14.45 12.13 5.76 11.7 
15.04 10.76 11.76 3.22 1.76 5.28 3.31 7.69 8.96 2.82 8.56 14.86 14.48 9.44 14.52 15.01 6.25 6.23 5.59 10.48 7 10.32 6.89 10.49 
1 1 1 1 1 1 1 1 1 1 1 1 1 1 1 1 1 1 1 1 1 1 1 1 
1 1 1 1 1 1 1 1 1 1 1 1 1 1 1 1 1 1 1 1 1 1 1 1 
1 1 1 1 1 1 1 1 1 1 1 1 1 1 1 1 1 1 1 1 1 1 1 1 
1 1 1 1 1 1 1 1 1 1 1 1 1 1 1 1 1 1 1 1 1 1 1 1 
1 1 1 1 1 1 1 1 1 1 1 1 1 1 1 1 1 1 1 1 1 1 1 1 
1 1 1 1 1 1 1 1 1 1 1 1 1 1 1 1 1 1 1 1 1 1 1 1 
1 1 1 1 1 1 1 1 1 1 1 1 1 1 1 1 1 1 1 1 1 1 1 1 
1 1 1 1 1 1 1 1 1 1 1 1 1 1 1 1 1 1 1 1 1 1 1 1 
1 1 1 1 1 1 1 1 1 1 1 1 1 1 1 1 1 1 1 1 1 1 1 1 
1 1 1 1 1 1 1 1 1 1 1 1 1 1 1 1 1 1 1 1 1 1 1 1 
1 1 1 1 1 1 1 1 1 1 1 1 1 1 1 1 1 1 1 1 1 1 1 1 
1 1 1 1 1 1 1 1 1 1 1 1 1 1 1 1 1 1 1 1 1 1 1 1 
0.01 0.01 0.01 0.01 0.01 0.01 0.01 0.01 0.01 0.01 0.01 0.01 0.01 0.01 0.01 0.01 0.01 0.01 0.01 0.01 0.01 0.01 0.01 0.01 
0.02 0.02 0.02 0.02 0.02 0.02 0.02 0.02 0.02 0.02 0.02 0.02 0.02 0.02 0.02 0.02 0.02 0.02 0.02 0.02 0.02 0.02 0.02 0.02 
0.03 0.03 0.03 0.03 0.03 0.03 0.03 0.03 0.03 0.03 0.03 0.03 0.03 0.03 0.03 0.03 0.03 0.03 0.03 0.03 0.03 0.03 0.03 0.03 
0.04 0.04 0.04 0.04 0.04 0.04 0.04 0.04 0.04 0.04 0.04 0.04 0.04 0.04 0.04 0.04 0.04 0.04 0.04 0.04 0.04 0.04 0.04 0.04 
0.05 0.05 0.05 0.05 0.05 0.05 0.05 0.05 0.05 0.05 0.05 0.05 0.05 0.05 0.05 0.05 0.05 0.05 0.05 0.05 0.05 0.05 0.05 0.05 
0.06 0.06 0.06 0.06 0.06 0.06 0.06 0.06 0.06 0.06 0.06 0.06 0.06 0.06 0.06 0.06 0.06 0.06 0.06 0.06 0.06 0.06 0.06 0.06 
0.07 0.07 0.07 0.07 0.07 0.07 0.07 0.07 0.07 0.07 0.07 0.07 0.07 0.07 0.07 0.07 0.07 0.07 0.07 0.07 0.07 0.07 0.07 0.07 
0.08 0.08 0.08 0.08 0.08 0.08 0.08 0.08 0.08 0.08 0.08 0.08 0.08 0.08 0.08 0.08 0.08 0.08 0.08 0.08 0.08 0.08 0.08 0.08 
0.09 0.09 0.09 0.09 0.09 0.09 0.09 0.09 0.09 0.09 0.09 0.09 0.09 0.09 0.09 0.09 0.09 0.09 0.09 0.09 0.09 0.09 0.09 0.09 
0.1 0.1 0.1 0.1 0.1 0.1 0.1 0.1 0.1 0.1 0.1 0.1 0.1 0.1 0.1 0.1 0.1 0.1 0.1 0.1 0.1 0.1 0.1 0.1 
0.5 0.5 0.5 0.5 0.5 0.5 0.5 0.5 0.5 0.5 0.5 0.5 0.5 0.5 0.5 0.5 0.5 0.5 0.5 0.5 0.5 0.5 0.5 0.5 
1 1 1 1 1 1 1 1 1 1 1 1 1 1 1 1 1 1 1 1 1 1 1 1 
