6 16 2 10
9 19 5 10 9 18 9 5 20 1 5 1 17 20 17 18 
4.5 15.4 13.44 0.5 15.54 3.53 7.5 6.12 5.5 0.86 7.49 5.06 8.81 10.26 9.49 14.95 
8.21 2.31 13.55 13.62 5.28 15.32 15.89 5.53 8.34 10.81 1.31 2.68 3.26 4.97 8.85 8.68 
8 8 8 8 8 8 8 8 8 8 8 8 8 8 8 8 
13.08 10.89 3.19 6.58 15.46 13.76 1.72 9.6 15.54 9.01 3.05 11.95 9.56 1.02 11.94 5.59 
3.23 1.5 6.45 12.96 1.71 12.49 13.74 12.56 8.16 15 10.88 12.65 8.22 0.06 14.93 10.27 
9.34 15.59 7.17 14.21 12.35 5.61 10.37 1.59 7.7 6.75 1.17 5.27 15.81 13.47 1.43 7.81 
1 1 1 1 1 1 1 1 1 1 1 1 1 1 1 1 
1 1 1 1 1 1 1 1 1 1 1 1 1 1 1 1 
1 1 1 1 1 1 1 1 1 1 1 1 1 1 1 1 
1 1 1 1 1 1 1 1 1 1 1 1 1 1 1 1 
1 1 1 1 1 1 1 1 1 1 1 1 1 1 1 1 
1 1 1 1 1 1 1 1 1 1 1 1 1 1 1 1 
0.01 0.01 0.01 0.01 0.01 0.01 0.01 0.01 0.01 0.01 0.01 0.01 0.01 0.01 0.01 0.01 
0.02 0.02 0.02 0.02 0.02 0.02 0.02 0.02 0.02 0.02 0.02 0.02 0.02 0.02 0.02 0.02 
0.03 0.03 0.03 0.03 0.03 0.03 0.03 0.03 0.03 0.03 0.03 0.03 0.03 0.03 0.03 0.03 
0.333333 0.333333 0.333333 0.333333 0.333333 0.333333 0.333333 0.333333 0.333333 0.333333 0.333333 0.333333 0.333333 0.333333 0.333333 0.333333 
0.666667 0.666667 0.666667 0.666667 0.666667 0.666667 0.666667 0.666667 0.666667 0.666667 0.666667 0.666667 0.666667 0.666667 0.666667 0.666667 
1 1 1 1 1 1 1 1 1 1 1 1 1 1 1 1 
