6 24 2 10
6 2 9 18 10 17 1 5 12 5 14 5 1 7 11 14 7 12 9 20 8 16 10 15 
12.46 0.2 7.13 9.37 11.37 14.32 1.48 0.04 5.92 2.86 6.95 10.31 0.6 4.78 10.04 11.22 1.1 13.64 15.76 3.91 7.5 12.16 15.79 12.92 
2.42 4.43 12.13 7.27 13.88 11.24 10.66 0.56 4.12 10.37 2.41 14.32 10.31 14.03 13.9 14.02 4.1 15.25 7.18 12.07 12.72 9.47 6.59 6.48 
8 8 8 8 8 8 8 8 8 8 8 8 8 8 8 8 8 8 8 8 8 8 8 8 
4.55 5.67 1.65 13.14 6.64 8.82 2.01 4.99 14.2 12.91 3.08 14.49 13.04 15.03 15.97 2.14 14.35 5.01 2.75 3.49 3.94 14.91 5.45 1.99 
4.18 1.16 0.21 11.04 8.05 3.86 11.17 10.92 6.22 10.5 2.04 10.18 13.85 13.79 10.12 2.3 0.97 7.12 10.8 11.59 3.64 7.69 9.13 11.39 
11.3 15.57 4.9 0.75 1.03 9.63 11.77 14.6 3.89 11.7 5.6 12.96 4.57 1.38 15.17 8.53 6.25 6.04 10.97 10.85 15.48 0.69 11.97 2.05 
1 1 1 1 1 1 1 1 1 1 1 1 1 1 1 1 1 1 1 1 1 1 1 1 
1 1 1 1 1 1 1 1 1 1 1 1 1 1 1 1 1 1 1 1 1 1 1 1 
1 1 1 1 1 1 1 1 1 1 1 1 1 1 1 1 1 1 1 1 1 1 1 1 
1 1 1 1 1 1 1 1 1 1 1 1 1 1 1 1 1 1 1 1 1 1 1 1 
1 1 1 1 1 1 1 1 1 1 1 1 1 1 1 1 1 1 1 1 1 1 1 1 
1 1 1 1 1 1 1 1 1 1 1 1 1 1 1 1 1 1 1 1 1 1 1 1 
0.01 0.01 0.01 0.01 0.01 0.01 0.01 0.01 0.01 0.01 0.01 0.01 0.01 0.01 0.01 0.01 0.01 0.01 0.01 0.01 0.01 0.01 0.01 0.01 
0.02 0.02 0.02 0.02 0.02 0.02 0.02 0.02 0.02 0.02 0.02 0.02 0.02 0.02 0.02 0.02 0.02 0.02 0.02 0.02 0.02 0.02 0.02 0.02 
0.03 0.03 0.03 0.03 0.03 0.03 0.03 0.03 0.03 0.03 0.03 0.03 0.03 0.03 0.03 0.03 0.03 0.03 0.03 0.03 0.03 0.03 0.03 0.03 
0.333333 0.333333 0.333333 0.333333 0.333333 0.333333 0.333333 0.333333 0.333333 0.333333 0.333333 0.333333 0.333333 0.333333 0.333333 0.333333 0.333333 0.333333 0.333333 0.333333 0.333333 0.333333 0.333333 0.333333 
0.666667 0.666667 0.666667 0.666667 0.666667 0.666667 0.666667 0.666667 0.666667 0.666667 0.666667 0.666667 0.666667 0.666667 0.666667 0.666667 0.666667 0.666667 0.666667 0.666667 0.666667 0.666667 0.666667 0.666667 
1 1 1 1 1 1 1 1 1 1 1 1 1 1 1 1 1 1 1 1 1 1 1 1 
