6 48 4 10
13 16 13 10 19 8 14 6 8 3 19 14 4 15 1 20 13 15 9 13 4 1 8 1 17 20 20 3 12 14 20 12 14 1 13 11 6 13 12 6 14 9 20 14 20 15 14 19 
3.87 5.86 1.35 4.77 10.49 3.53 3.92 11.26 4.28 3.6 15.18 3.54 2.79 9.85 9.7 11.26 7.94 12.38 10.53 3.78 5.2 10.24 12.96 12.4 14.15 10.67 1.17 2.13 7.11 14.99 12.41 11.91 14.41 3.24 3.55 1.77 7.71 6.92 12.66 3.56 5.26 0.31 10.69 9.97 10.98 11.52 5.84 10.9 
15.3 3.91 0.95 11.81 7.12 4.96 2.52 6.87 5.75 7.31 3.54 1.1 11.07 5.32 2.28 4.29 15.22 4.41 5.25 14.94 3.77 4.55 8.38 11.13 15.06 0.24 4.6 5.49 5.46 14.55 8.53 8.56 5.2 13.07 15.69 4.07 11.68 10.97 3.18 13.86 11.59 5.36 13.49 13.49 3.37 8.25 11.09 2.62 
4.44 11.37 0.09 2.5 1.62 7.45 3.46 14.63 11.93 14.37 15.79 0.94 7 2.92 15.05 9.12 7.58 7.9 16 6 13.07 10.74 10.68 5.76 12.94 15.68 9.74 10.49 4.65 3.67 0.59 13.15 2.1 7.38 15.53 3.74 0.97 3.77 0 1.55 4.23 1.24 8.61 3.95 10.55 15.53 11.31 4.28 
2.97 15.24 3.39 13.27 8.37 2.27 7.62 12.19 0.61 13.56 8.72 1.87 2.39 12.96 6.24 12.66 14.89 9.23 8.2 10.56 14.57 11.05 2.12 7.53 1.47 8.46 11.64 15.05 15.73 7.25 9.03 0.74 14.06 7.63 4.28 8.29 3.32 2.14 9.44 11.33 6.21 9.93 2.64 7.1 10.52 10.74 8.01 8.18 
8 8 8 8 8 8 8 8 8 8 8 8 8 8 8 8 8 8 8 8 8 8 8 8 8 8 8 8 8 8 8 8 8 8 8 8 8 8 8 8 8 8 8 8 8 8 8 8 
2.39 10.18 2.31 9.7 14.47 11.09 4.23 12.22 0.46 11.62 3.4 6.08 2.17 4.65 2.45 8.26 13.56 12.39 2.68 14.23 12.28 14.49 3.98 13.64 10.39 12.22 12.48 10.49 4.76 5.07 8.02 1.86 8.44 14.67 8.14 2.95 1.12 3.41 12.28 6.48 2.97 8.05 8.35 13.28 0.59 7.41 15.5 7.68 
1 1 1 1 1 1 1 1 1 1 1 1 1 1 1 1 1 1 1 1 1 1 1 1 1 1 1 1 1 1 1 1 1 1 1 1 1 1 1 1 1 1 1 1 1 1 1 1 
1 1 1 1 1 1 1 1 1 1 1 1 1 1 1 1 1 1 1 1 1 1 1 1 1 1 1 1 1 1 1 1 1 1 1 1 1 1 1 1 1 1 1 1 1 1 1 1 
1 1 1 1 1 1 1 1 1 1 1 1 1 1 1 1 1 1 1 1 1 1 1 1 1 1 1 1 1 1 1 1 1 1 1 1 1 1 1 1 1 1 1 1 1 1 1 1 
1 1 1 1 1 1 1 1 1 1 1 1 1 1 1 1 1 1 1 1 1 1 1 1 1 1 1 1 1 1 1 1 1 1 1 1 1 1 1 1 1 1 1 1 1 1 1 1 
1 1 1 1 1 1 1 1 1 1 1 1 1 1 1 1 1 1 1 1 1 1 1 1 1 1 1 1 1 1 1 1 1 1 1 1 1 1 1 1 1 1 1 1 1 1 1 1 
1 1 1 1 1 1 1 1 1 1 1 1 1 1 1 1 1 1 1 1 1 1 1 1 1 1 1 1 1 1 1 1 1 1 1 1 1 1 1 1 1 1 1 1 1 1 1 1 
0.01 0.01 0.01 0.01 0.01 0.01 0.01 0.01 0.01 0.01 0.01 0.01 0.01 0.01 0.01 0.01 0.01 0.01 0.01 0.01 0.01 0.01 0.01 0.01 0.01 0.01 0.01 0.01 0.01 0.01 0.01 0.01 0.01 0.01 0.01 0.01 0.01 0.01 0.01 0.01 0.01 0.01 0.01 0.01 0.01 0.01 0.01 0.01 
0.02 0.02 0.02 0.02 0.02 0.02 0.02 0.02 0.02 0.02 0.02 0.02 0.02 0.02 0.02 0.02 0.02 0.02 0.02 0.02 0.02 0.02 0.02 0.02 0.02 0.02 0.02 0.02 0.02 0.02 0.02 0.02 0.02 0.02 0.02 0.02 0.02 0.02 0.02 0.02 0.02 0.02 0.02 0.02 0.02 0.02 0.02 0.02 
0.03 0.03 0.03 0.03 0.03 0.03 0.03 0.03 0.03 0.03 0.03 0.03 0.03 0.03 0.03 0.03 0.03 0.03 0.03 0.03 0.03 0.03 0.03 0.03 0.03 0.03 0.03 0.03 0.03 0.03 0.03 0.03 0.03 0.03 0.03 0.03 0.03 0.03 0.03 0.03 0.03 0.03 0.03 0.03 0.03 0.03 0.03 0.03 
0.04 0.04 0.04 0.04 0.04 0.04 0.04 0.04 0.04 0.04 0.04 0.04 0.04 0.04 0.04 0.04 0.04 0.04 0.04 0.04 0.04 0.04 0.04 0.04 0.04 0.04 0.04 0.04 0.04 0.04 0.04 0.04 0.04 0.04 0.04 0.04 0.04 0.04 0.04 0.04 0.04 0.04 0.04 0.04 0.04 0.04 0.04 0.04 
0.05 0.05 0.05 0.05 0.05 0.05 0.05 0.05 0.05 0.05 0.05 0.05 0.05 0.05 0.05 0.05 0.05 0.05 0.05 0.05 0.05 0.05 0.05 0.05 0.05 0.05 0.05 0.05 0.05 0.05 0.05 0.05 0.05 0.05 0.05 0.05 0.05 0.05 0.05 0.05 0.05 0.05 0.05 0.05 0.05 0.05 0.05 0.05 
1 1 1 1 1 1 1 1 1 1 1 1 1 1 1 1 1 1 1 1 1 1 1 1 1 1 1 1 1 1 1 1 1 1 1 1 1 1 1 1 1 1 1 1 1 1 1 1 
