6 48 2 10
15 1 4 2 13 14 19 18 19 15 14 18 13 13 16 13 14 3 8 16 6 16 14 8 8 19 6 16 1 2 17 19 12 18 14 18 10 7 8 6 4 17 17 13 8 10 12 19 
14.77 5.76 15.02 5.77 12.8 9.59 14.31 4.42 12.05 13.63 15.24 15.72 15.8 12.82 15 12.93 0.62 11.59 3.99 7.1 15.37 10.62 3.59 14.63 2.63 15.91 12.39 14.66 4.23 7.43 10.83 13.94 2.78 13.26 12.93 0.5 11.5 0.34 8.88 4.99 3.63 12.34 3.87 12.57 2.31 13.63 13.79 9.25 
2.4 13.85 7.98 13.4 13.15 15.75 5.28 0.83 12.31 11.88 3.02 0.81 15.71 15.16 1.02 7.52 7.2 4.14 8.14 10.86 8.18 0.84 4.61 9.85 7.82 14.36 14.2 7.5 1.9 14.41 7.15 10.27 0.31 3.83 9.48 13.9 10.99 7.3 10.14 4.05 6.19 1.78 8.23 0.72 14.57 9.35 8.24 5.31 
8 8 8 8 8 8 8 8 8 8 8 8 8 8 8 8 8 8 8 8 8 8 8 8 8 8 8 8 8 8 8 8 8 8 8 8 8 8 8 8 8 8 8 8 8 8 8 8 
12.08 7.2 7.49 12.82 4.9 13.08 6.45 10.64 5.06 2.02 12.78 10.44 14.22 13.54 13.68 11.92 6.49 10.5 2.07 4.44 6.48 4.01 2.3 1.11 4.77 11.13 2.03 3.9 4.78 3.49 11.37 11.74 13.75 5.22 11.69 12.84 3 6.93 6.56 13.68 12.69 14.7 10.94 11.94 2.93 2.68 2.99 2.79 
12.09 10.32 1.43 0.08 2.14 9.72 13.18 14.03 11.51 4.02 13.13 2.94 12.88 14.87 7.04 1.83 10.53 3.46 9.22 6.12 12.86 4.33 1.1 6.98 11.75 13.46 7.06 0.61 0.74 8.7 5.27 11.83 0.04 14.86 6.29 0.18 15.23 9.54 3.3 4.33 4.25 14.9 8.04 9 11.73 7.33 12.49 9.4 
5.91 1.09 1.69 7.98 7.57 0.44 13.15 6.7 14.65 7.15 5.52 4.42 2.27 1.43 7.27 8.34 1.04 1.73 3.32 6.45 2.83 10.93 1.62 6.18 4.29 4.46 6.82 8.83 6.04 5.33 1.16 2.68 2.83 6.15 2.58 0.75 8.07 4.96 5.01 11.15 4.97 1.62 14.04 3.94 11.85 5.91 4.46 7.71 
1 1 1 1 1 1 1 1 1 1 1 1 1 1 1 1 1 1 1 1 1 1 1 1 1 1 1 1 1 1 1 1 1 1 1 1 1 1 1 1 1 1 1 1 1 1 1 1 
1 1 1 1 1 1 1 1 1 1 1 1 1 1 1 1 1 1 1 1 1 1 1 1 1 1 1 1 1 1 1 1 1 1 1 1 1 1 1 1 1 1 1 1 1 1 1 1 
1 1 1 1 1 1 1 1 1 1 1 1 1 1 1 1 1 1 1 1 1 1 1 1 1 1 1 1 1 1 1 1 1 1 1 1 1 1 1 1 1 1 1 1 1 1 1 1 
1 1 1 1 1 1 1 1 1 1 1 1 1 1 1 1 1 1 1 1 1 1 1 1 1 1 1 1 1 1 1 1 1 1 1 1 1 1 1 1 1 1 1 1 1 1 1 1 
1 1 1 1 1 1 1 1 1 1 1 1 1 1 1 1 1 1 1 1 1 1 1 1 1 1 1 1 1 1 1 1 1 1 1 1 1 1 1 1 1 1 1 1 1 1 1 1 
1 1 1 1 1 1 1 1 1 1 1 1 1 1 1 1 1 1 1 1 1 1 1 1 1 1 1 1 1 1 1 1 1 1 1 1 1 1 1 1 1 1 1 1 1 1 1 1 
0.01 0.01 0.01 0.01 0.01 0.01 0.01 0.01 0.01 0.01 0.01 0.01 0.01 0.01 0.01 0.01 0.01 0.01 0.01 0.01 0.01 0.01 0.01 0.01 0.01 0.01 0.01 0.01 0.01 0.01 0.01 0.01 0.01 0.01 0.01 0.01 0.01 0.01 0.01 0.01 0.01 0.01 0.01 0.01 0.01 0.01 0.01 0.01 
0.02 0.02 0.02 0.02 0.02 0.02 0.02 0.02 0.02 0.02 0.02 0.02 0.02 0.02 0.02 0.02 0.02 0.02 0.02 0.02 0.02 0.02 0.02 0.02 0.02 0.02 0.02 0.02 0.02 0.02 0.02 0.02 0.02 0.02 0.02 0.02 0.02 0.02 0.02 0.02 0.02 0.02 0.02 0.02 0.02 0.02 0.02 0.02 
0.03 0.03 0.03 0.03 0.03 0.03 0.03 0.03 0.03 0.03 0.03 0.03 0.03 0.03 0.03 0.03 0.03 0.03 0.03 0.03 0.03 0.03 0.03 0.03 0.03 0.03 0.03 0.03 0.03 0.03 0.03 0.03 0.03 0.03 0.03 0.03 0.03 0.03 0.03 0.03 0.03 0.03 0.03 0.03 0.03 0.03 0.03 0.03 
0.333333 0.333333 0.333333 0.333333 0.333333 0.333333 0.333333 0.333333 0.333333 0.333333 0.333333 0.333333 0.333333 0.333333 0.333333 0.333333 0.333333 0.333333 0.333333 0.333333 0.333333 0.333333 0.333333 0.333333 0.333333 0.333333 0.333333 0.333333 0.333333 0.333333 0.333333 0.333333 0.333333 0.333333 0.333333 0.333333 0.333333 0.333333 0.333333 0.333333 0.333333 0.333333 0.333333 0.333333 0.333333 0.333333 0.333333 0.333333 
0.666667 0.666667 0.666667 0.666667 0.666667 0.666667 0.666667 0.666667 0.666667 0.666667 0.666667 0.666667 0.666667 0.666667 0.666667 0.666667 0.666667 0.666667 0.666667 0.666667 0.666667 0.666667 0.666667 0.666667 0.666667 0.666667 0.666667 0.666667 0.666667 0.666667 0.666667 0.666667 0.666667 0.666667 0.666667 0.666667 0.666667 0.666667 0.666667 0.666667 0.666667 0.666667 0.666667 0.666667 0.666667 0.666667 0.666667 0.666667 
1 1 1 1 1 1 1 1 1 1 1 1 1 1 1 1 1 1 1 1 1 1 1 1 1 1 1 1 1 1 1 1 1 1 1 1 1 1 1 1 1 1 1 1 1 1 1 1 
