6 32 4 10
18 8 17 19 14 3 20 2 8 2 4 12 11 19 5 13 19 4 6 18 8 5 1 6 3 11 13 6 10 18 18 9 
9.04 9.89 1.91 7.7 0.67 3.68 1.12 6.33 1.85 3.69 8.64 2.82 4.39 8.13 3.64 3.27 13.97 12.31 15.2 11.53 7.61 10.33 12.63 8.59 13.47 11.03 11.92 11.35 11.03 8.4 14.05 11.97 
9.82 9.75 10.14 14.19 12.76 15.51 5.69 5.1 13.35 6.69 15.93 14.48 13.23 3.88 2.42 2.18 8.53 3.29 8.57 4.17 7.43 14.87 13.64 10.53 13.98 1.68 13.17 8.56 11.54 4.3 5.13 2.64 
12.35 4.91 8.26 14.97 5.18 8.41 7.51 0.57 6.04 4.04 12.57 15.96 12.64 4.19 4.27 13.97 2.66 9.95 12.66 12.6 8.6 8.09 12.59 3.74 5.02 1.84 1.38 13.91 10.08 6.56 9.2 3.15 
5.01 5.62 5.53 1.26 13.56 8.13 8.16 6.24 6.9 1.74 0.81 12.46 0.42 7.55 8.22 0.02 7.97 11.82 5.85 4.78 12.9 14.22 7.93 0.34 15.8 12.2 9.87 9.79 4.49 13.15 9.48 1.55 
8 8 8 8 8 8 8 8 8 8 8 8 8 8 8 8 8 8 8 8 8 8 8 8 8 8 8 8 8 8 8 8 
1.34 9.26 8.55 12.47 0.02 8.74 14.23 11.28 9.11 3.73 10.06 12.28 3.18 1.63 10.35 15.22 4.91 4.84 3.9 15.43 9.68 11.06 10.69 12.29 12.47 3.46 0.52 15.23 1.54 10.43 8.58 0.31 
1 1 1 1 1 1 1 1 1 1 1 1 1 1 1 1 1 1 1 1 1 1 1 1 1 1 1 1 1 1 1 1 
1 1 1 1 1 1 1 1 1 1 1 1 1 1 1 1 1 1 1 1 1 1 1 1 1 1 1 1 1 1 1 1 
1 1 1 1 1 1 1 1 1 1 1 1 1 1 1 1 1 1 1 1 1 1 1 1 1 1 1 1 1 1 1 1 
1 1 1 1 1 1 1 1 1 1 1 1 1 1 1 1 1 1 1 1 1 1 1 1 1 1 1 1 1 1 1 1 
1 1 1 1 1 1 1 1 1 1 1 1 1 1 1 1 1 1 1 1 1 1 1 1 1 1 1 1 1 1 1 1 
1 1 1 1 1 1 1 1 1 1 1 1 1 1 1 1 1 1 1 1 1 1 1 1 1 1 1 1 1 1 1 1 
0.01 0.01 0.01 0.01 0.01 0.01 0.01 0.01 0.01 0.01 0.01 0.01 0.01 0.01 0.01 0.01 0.01 0.01 0.01 0.01 0.01 0.01 0.01 0.01 0.01 0.01 0.01 0.01 0.01 0.01 0.01 0.01 
0.02 0.02 0.02 0.02 0.02 0.02 0.02 0.02 0.02 0.02 0.02 0.02 0.02 0.02 0.02 0.02 0.02 0.02 0.02 0.02 0.02 0.02 0.02 0.02 0.02 0.02 0.02 0.02 0.02 0.02 0.02 0.02 
0.03 0.03 0.03 0.03 0.03 0.03 0.03 0.03 0.03 0.03 0.03 0.03 0.03 0.03 0.03 0.03 0.03 0.03 0.03 0.03 0.03 0.03 0.03 0.03 0.03 0.03 0.03 0.03 0.03 0.03 0.03 0.03 
0.04 0.04 0.04 0.04 0.04 0.04 0.04 0.04 0.04 0.04 0.04 0.04 0.04 0.04 0.04 0.04 0.04 0.04 0.04 0.04 0.04 0.04 0.04 0.04 0.04 0.04 0.04 0.04 0.04 0.04 0.04 0.04 
0.05 0.05 0.05 0.05 0.05 0.05 0.05 0.05 0.05 0.05 0.05 0.05 0.05 0.05 0.05 0.05 0.05 0.05 0.05 0.05 0.05 0.05 0.05 0.05 0.05 0.05 0.05 0.05 0.05 0.05 0.05 0.05 
1 1 1 1 1 1 1 1 1 1 1 1 1 1 1 1 1 1 1 1 1 1 1 1 1 1 1 1 1 1 1 1 
