12 40 3 10
7 18 16 15 13 8 13 20 14 2 6 9 14 13 14 9 16 20 17 3 5 14 2 4 13 13 12 10 10 18 3 5 17 6 20 15 15 18 11 3 
8.46 9.55 11.43 15.08 14.71 13.4 7.22 5.27 10.5 2.44 6.69 15.35 4.18 7.98 12.73 12.66 10.97 12.14 2.52 2.88 4.81 10.14 12.8 8.8 12.52 8.43 8.47 14.7 0.76 11.92 10.22 14.64 12.81 14.84 2.03 13.75 8.99 14.06 0.04 5.5 
6.15 11.35 0.2 0.98 15.84 15.51 3.54 13.05 6.63 4.04 1.24 12.67 0.45 8.76 5.5 4.36 9.52 10.25 7.62 2.81 15.79 10.11 9.9 14.73 2.97 6.2 14.45 15.92 8.65 4.18 5.86 10 10.74 7.17 0.83 12.59 6.31 2.67 0.63 2.26 
3.55 14.14 10.67 2.9 11.65 15 14.72 3.77 10.61 11.04 1.06 12.83 15.44 9.44 2.28 0.04 14.63 11.82 8.54 6.24 9.49 11.38 12.85 6.05 12.07 14.69 1.59 12.9 2.81 14.87 15.6 2.05 14.28 3.56 9.73 5.17 15.01 3 8.9 9.79 
8 8 8 8 8 8 8 8 8 8 8 8 8 8 8 8 8 8 8 8 8 8 8 8 8 8 8 8 8 8 8 8 8 8 8 8 8 8 8 8 
12.43 1.37 9.81 15.8 6.15 12.51 9.84 6.01 7.36 7.07 13.07 12.35 3.78 9.56 1 8.47 2.32 4.8 6.3 8.46 5.3 11.61 12.05 8.13 13 4.97 4.73 11.5 14.08 2.23 6.56 15.84 2.99 7.81 3.8 5.41 10.72 1.71 12.41 7.41 
13.33 14.87 2.56 9.85 4.35 1.44 13.42 2.58 10.04 14.17 2.09 11.96 2.95 10.04 13.98 12.68 8.49 12.66 9.34 10.02 5.7 12.73 10.11 1.74 6.34 11.02 1.21 10.52 10.99 4.08 1.39 0.54 2.46 3.73 3.98 6 3.64 8.64 1.39 1.36 
0.85 2.07 1.16 2.69 7.85 15.4 15.73 14.68 6.84 12.74 5.71 10.42 12.14 3.82 0.18 11.07 9.85 9.12 12.31 1.74 8.07 1.12 13.21 13.39 5.92 4.88 1.35 3.76 13.29 0.58 12.09 9.41 7.04 9.51 0.93 4.77 1.39 1.81 12.47 0.79 
7.76 10.48 13.84 2.64 13.37 6.08 10.72 7.32 15.78 2.87 13.84 3.94 9.68 6.33 13.02 0.73 9.69 6.74 11.44 10.09 3.89 10.68 9.67 8.92 11.14 6.85 8.51 12 1.76 10.14 15.14 13.26 3.24 14.73 1.41 5.65 15.33 11.54 1.07 2.46 
0.31 15.92 11.84 2.07 10.34 13.44 15.78 9.94 5.19 2.26 8.77 10.71 12.45 0.86 0.94 3.52 1.44 12.03 6.17 13.19 13.51 0.78 1.87 3.43 12.11 9.55 8.31 1.86 15.57 8.71 13.46 12.39 9.1 1.91 14.97 2.3 4.07 10.42 14.24 9.94 
9.64 11.27 12.39 10.41 15.83 6.73 1.4 7.82 2.25 4.74 13.46 13.37 12.76 8.51 0.29 9.61 8.74 13.58 1.15 3.33 12.69 6.64 13.95 15.97 1.9 8.08 6.89 4.61 11.93 1.11 4.87 5.99 9.51 9.97 10.45 5.44 3.24 15.24 8.7 3.88 
15.2 0.87 8.79 5.78 12.79 5.95 13.78 2.7 11.22 8.98 8.54 5.51 1.39 12.55 4.49 5.98 9.6 15.32 5.57 1.39 11.2 14.75 7.41 2 4.86 12.85 3.41 15.18 11.02 3.29 13.72 3.56 8.88 14.77 9.72 6.87 6.62 14.36 8.05 2.82 
11.72 14.52 13.97 15.06 8.36 15.5 13.93 4.11 6 5.67 0.85 15.08 10.26 2.61 0.47 7.96 2.76 1.32 14.22 10.74 2.82 6.88 6.59 6.52 4.38 0.97 8.33 2.9 12.75 9.61 6.08 4.23 1.8 12.44 7.99 10.06 3.92 10.25 4.73 12.21 
1 1 1 1 1 1 1 1 1 1 1 1 1 1 1 1 1 1 1 1 1 1 1 1 1 1 1 1 1 1 1 1 1 1 1 1 1 1 1 1 
1 1 1 1 1 1 1 1 1 1 1 1 1 1 1 1 1 1 1 1 1 1 1 1 1 1 1 1 1 1 1 1 1 1 1 1 1 1 1 1 
1 1 1 1 1 1 1 1 1 1 1 1 1 1 1 1 1 1 1 1 1 1 1 1 1 1 1 1 1 1 1 1 1 1 1 1 1 1 1 1 
1 1 1 1 1 1 1 1 1 1 1 1 1 1 1 1 1 1 1 1 1 1 1 1 1 1 1 1 1 1 1 1 1 1 1 1 1 1 1 1 
1 1 1 1 1 1 1 1 1 1 1 1 1 1 1 1 1 1 1 1 1 1 1 1 1 1 1 1 1 1 1 1 1 1 1 1 1 1 1 1 
1 1 1 1 1 1 1 1 1 1 1 1 1 1 1 1 1 1 1 1 1 1 1 1 1 1 1 1 1 1 1 1 1 1 1 1 1 1 1 1 
1 1 1 1 1 1 1 1 1 1 1 1 1 1 1 1 1 1 1 1 1 1 1 1 1 1 1 1 1 1 1 1 1 1 1 1 1 1 1 1 
1 1 1 1 1 1 1 1 1 1 1 1 1 1 1 1 1 1 1 1 1 1 1 1 1 1 1 1 1 1 1 1 1 1 1 1 1 1 1 1 
1 1 1 1 1 1 1 1 1 1 1 1 1 1 1 1 1 1 1 1 1 1 1 1 1 1 1 1 1 1 1 1 1 1 1 1 1 1 1 1 
1 1 1 1 1 1 1 1 1 1 1 1 1 1 1 1 1 1 1 1 1 1 1 1 1 1 1 1 1 1 1 1 1 1 1 1 1 1 1 1 
1 1 1 1 1 1 1 1 1 1 1 1 1 1 1 1 1 1 1 1 1 1 1 1 1 1 1 1 1 1 1 1 1 1 1 1 1 1 1 1 
1 1 1 1 1 1 1 1 1 1 1 1 1 1 1 1 1 1 1 1 1 1 1 1 1 1 1 1 1 1 1 1 1 1 1 1 1 1 1 1 
0.01 0.01 0.01 0.01 0.01 0.01 0.01 0.01 0.01 0.01 0.01 0.01 0.01 0.01 0.01 0.01 0.01 0.01 0.01 0.01 0.01 0.01 0.01 0.01 0.01 0.01 0.01 0.01 0.01 0.01 0.01 0.01 0.01 0.01 0.01 0.01 0.01 0.01 0.01 0.01 
0.02 0.02 0.02 0.02 0.02 0.02 0.02 0.02 0.02 0.02 0.02 0.02 0.02 0.02 0.02 0.02 0.02 0.02 0.02 0.02 0.02 0.02 0.02 0.02 0.02 0.02 0.02 0.02 0.02 0.02 0.02 0.02 0.02 0.02 0.02 0.02 0.02 0.02 0.02 0.02 
0.03 0.03 0.03 0.03 0.03 0.03 0.03 0.03 0.03 0.03 0.03 0.03 0.03 0.03 0.03 0.03 0.03 0.03 0.03 0.03 0.03 0.03 0.03 0.03 0.03 0.03 0.03 0.03 0.03 0.03 0.03 0.03 0.03 0.03 0.03 0.03 0.03 0.03 0.03 0.03 
0.04 0.04 0.04 0.04 0.04 0.04 0.04 0.04 0.04 0.04 0.04 0.04 0.04 0.04 0.04 0.04 0.04 0.04 0.04 0.04 0.04 0.04 0.04 0.04 0.04 0.04 0.04 0.04 0.04 0.04 0.04 0.04 0.04 0.04 0.04 0.04 0.04 0.04 0.04 0.04 
0.125 0.125 0.125 0.125 0.125 0.125 0.125 0.125 0.125 0.125 0.125 0.125 0.125 0.125 0.125 0.125 0.125 0.125 0.125 0.125 0.125 0.125 0.125 0.125 0.125 0.125 0.125 0.125 0.125 0.125 0.125 0.125 0.125 0.125 0.125 0.125 0.125 0.125 0.125 0.125 
0.25 0.25 0.25 0.25 0.25 0.25 0.25 0.25 0.25 0.25 0.25 0.25 0.25 0.25 0.25 0.25 0.25 0.25 0.25 0.25 0.25 0.25 0.25 0.25 0.25 0.25 0.25 0.25 0.25 0.25 0.25 0.25 0.25 0.25 0.25 0.25 0.25 0.25 0.25 0.25 
0.375 0.375 0.375 0.375 0.375 0.375 0.375 0.375 0.375 0.375 0.375 0.375 0.375 0.375 0.375 0.375 0.375 0.375 0.375 0.375 0.375 0.375 0.375 0.375 0.375 0.375 0.375 0.375 0.375 0.375 0.375 0.375 0.375 0.375 0.375 0.375 0.375 0.375 0.375 0.375 
0.5 0.5 0.5 0.5 0.5 0.5 0.5 0.5 0.5 0.5 0.5 0.5 0.5 0.5 0.5 0.5 0.5 0.5 0.5 0.5 0.5 0.5 0.5 0.5 0.5 0.5 0.5 0.5 0.5 0.5 0.5 0.5 0.5 0.5 0.5 0.5 0.5 0.5 0.5 0.5 
0.625 0.625 0.625 0.625 0.625 0.625 0.625 0.625 0.625 0.625 0.625 0.625 0.625 0.625 0.625 0.625 0.625 0.625 0.625 0.625 0.625 0.625 0.625 0.625 0.625 0.625 0.625 0.625 0.625 0.625 0.625 0.625 0.625 0.625 0.625 0.625 0.625 0.625 0.625 0.625 
0.75 0.75 0.75 0.75 0.75 0.75 0.75 0.75 0.75 0.75 0.75 0.75 0.75 0.75 0.75 0.75 0.75 0.75 0.75 0.75 0.75 0.75 0.75 0.75 0.75 0.75 0.75 0.75 0.75 0.75 0.75 0.75 0.75 0.75 0.75 0.75 0.75 0.75 0.75 0.75 
0.875 0.875 0.875 0.875 0.875 0.875 0.875 0.875 0.875 0.875 0.875 0.875 0.875 0.875 0.875 0.875 0.875 0.875 0.875 0.875 0.875 0.875 0.875 0.875 0.875 0.875 0.875 0.875 0.875 0.875 0.875 0.875 0.875 0.875 0.875 0.875 0.875 0.875 0.875 0.875 
1 1 1 1 1 1 1 1 1 1 1 1 1 1 1 1 1 1 1 1 1 1 1 1 1 1 1 1 1 1 1 1 1 1 1 1 1 1 1 1 
