6 24 4 10
3 4 12 1 10 16 11 1 3 16 11 4 3 19 2 18 16 18 1 20 11 14 18 6 
12.45 8.29 14.08 8.77 14.36 14.12 14.1 0.07 4.86 13.07 6.91 8.26 10.9 15.99 5.8 14.45 6 2.62 15.35 7.29 8.2 9.01 14.68 5.67 
9.59 15.19 14.54 5.66 11 14.45 1.9 4.91 4.04 6.3 13.96 10.7 8.38 3.36 2.74 15.97 1.39 0.56 10 15.14 0.94 5.65 5.25 14.53 
7.33 11.3 7.71 7.61 1.22 0.81 10.82 11.62 13.83 12.42 11.81 15.84 6.97 4.53 7.69 5.93 2.84 11.54 10.34 12.36 6.73 0.08 0.39 3.34 
10.84 11.13 4.7 15.29 10.15 10.84 13.19 12.46 0.88 3.65 14.35 14.37 7.62 8.52 2.53 2.05 9.44 7.55 7.85 7.93 12.97 0.22 9.46 12.84 
8 8 8 8 8 8 8 8 8 8 8 8 8 8 8 8 8 8 8 8 8 8 8 8 
15.37 6.68 13.65 4.04 7.15 15.75 0.91 11.67 9.3 12.33 10.69 2.32 5.52 11.27 10.57 13.17 14.16 13.23 4.68 11.4 3.17 12.72 14.98 8.59 
1 1 1 1 1 1 1 1 1 1 1 1 1 1 1 1 1 1 1 1 1 1 1 1 
1 1 1 1 1 1 1 1 1 1 1 1 1 1 1 1 1 1 1 1 1 1 1 1 
1 1 1 1 1 1 1 1 1 1 1 1 1 1 1 1 1 1 1 1 1 1 1 1 
1 1 1 1 1 1 1 1 1 1 1 1 1 1 1 1 1 1 1 1 1 1 1 1 
1 1 1 1 1 1 1 1 1 1 1 1 1 1 1 1 1 1 1 1 1 1 1 1 
1 1 1 1 1 1 1 1 1 1 1 1 1 1 1 1 1 1 1 1 1 1 1 1 
0.01 0.01 0.01 0.01 0.01 0.01 0.01 0.01 0.01 0.01 0.01 0.01 0.01 0.01 0.01 0.01 0.01 0.01 0.01 0.01 0.01 0.01 0.01 0.01 
0.02 0.02 0.02 0.02 0.02 0.02 0.02 0.02 0.02 0.02 0.02 0.02 0.02 0.02 0.02 0.02 0.02 0.02 0.02 0.02 0.02 0.02 0.02 0.02 
0.03 0.03 0.03 0.03 0.03 0.03 0.03 0.03 0.03 0.03 0.03 0.03 0.03 0.03 0.03 0.03 0.03 0.03 0.03 0.03 0.03 0.03 0.03 0.03 
0.04 0.04 0.04 0.04 0.04 0.04 0.04 0.04 0.04 0.04 0.04 0.04 0.04 0.04 0.04 0.04 0.04 0.04 0.04 0.04 0.04 0.04 0.04 0.04 
0.05 0.05 0.05 0.05 0.05 0.05 0.05 0.05 0.05 0.05 0.05 0.05 0.05 0.05 0.05 0.05 0.05 0.05 0.05 0.05 0.05 0.05 0.05 0.05 
1 1 1 1 1 1 1 1 1 1 1 1 1 1 1 1 1 1 1 1 1 1 1 1 
