6 40 2 10
16 5 10 5 8 3 9 2 18 17 20 9 4 3 19 8 4 9 7 16 4 18 6 18 13 7 10 14 14 8 10 4 2 5 8 13 20 16 20 9 
8.15 1.61 5.34 7.38 14.81 15.03 13.62 11.3 9.4 0.85 8.24 5.16 6.87 9.81 5.4 6.99 3.81 13.42 1.96 8.96 1.81 0.59 6.84 10.71 13.15 6.21 1.22 9.54 2.33 6.65 6.9 4.43 8.65 6.5 2.28 1.22 5.02 0.48 12.08 2.84 
0.42 1.79 14.78 6.88 0.51 2.35 14.37 15.32 13.08 10.34 14.84 13.08 7.15 5.26 5.46 7.69 1.31 11.44 3.8 3.5 15.65 13.55 13.18 2.16 4.98 7.88 10.83 11.61 2.15 10.26 4.98 0.03 13.52 13.6 15.71 11.05 8.55 15.73 12.14 14.21 
8 8 8 8 8 8 8 8 8 8 8 8 8 8 8 8 8 8 8 8 8 8 8 8 8 8 8 8 8 8 8 8 8 8 8 8 8 8 8 8 
2.42 10.82 5.59 8.53 1.69 0.17 1.57 15.35 4.51 14.01 9.81 2.25 11.29 2.23 11.65 1.03 9.01 12.42 15.41 3.16 14.99 13.3 7.39 1.86 14.03 6.64 5.92 13.83 0.23 14.96 4.91 8.55 9.83 11.76 5.72 15.59 13.62 8.81 7.02 5.35 
1.54 5.81 11 8.15 1.34 12.88 6.07 8.16 1.31 1.7 14.32 0.1 4.46 12.49 9.72 3.86 9.81 3.85 4.78 11.51 2.32 10.01 9.57 12.31 3.68 4.36 9.59 0.98 3.25 14.21 7.99 7.91 6.44 2.47 15.01 4.88 5.67 7.89 8.18 9.42 
5.76 0.16 6.31 12.63 6.42 13.63 0.87 11.7 7 1.92 5.12 5.21 13.45 8.97 2.55 2.9 10.3 14.38 0.51 12.68 5.78 12.64 9.42 4.22 5.22 1.08 9.93 5.74 1.65 12.39 6.83 1.55 0.8 11.95 10.78 0.13 5.64 3.98 9.54 8.35 
1 1 1 1 1 1 1 1 1 1 1 1 1 1 1 1 1 1 1 1 1 1 1 1 1 1 1 1 1 1 1 1 1 1 1 1 1 1 1 1 
1 1 1 1 1 1 1 1 1 1 1 1 1 1 1 1 1 1 1 1 1 1 1 1 1 1 1 1 1 1 1 1 1 1 1 1 1 1 1 1 
1 1 1 1 1 1 1 1 1 1 1 1 1 1 1 1 1 1 1 1 1 1 1 1 1 1 1 1 1 1 1 1 1 1 1 1 1 1 1 1 
1 1 1 1 1 1 1 1 1 1 1 1 1 1 1 1 1 1 1 1 1 1 1 1 1 1 1 1 1 1 1 1 1 1 1 1 1 1 1 1 
1 1 1 1 1 1 1 1 1 1 1 1 1 1 1 1 1 1 1 1 1 1 1 1 1 1 1 1 1 1 1 1 1 1 1 1 1 1 1 1 
1 1 1 1 1 1 1 1 1 1 1 1 1 1 1 1 1 1 1 1 1 1 1 1 1 1 1 1 1 1 1 1 1 1 1 1 1 1 1 1 
0.01 0.01 0.01 0.01 0.01 0.01 0.01 0.01 0.01 0.01 0.01 0.01 0.01 0.01 0.01 0.01 0.01 0.01 0.01 0.01 0.01 0.01 0.01 0.01 0.01 0.01 0.01 0.01 0.01 0.01 0.01 0.01 0.01 0.01 0.01 0.01 0.01 0.01 0.01 0.01 
0.02 0.02 0.02 0.02 0.02 0.02 0.02 0.02 0.02 0.02 0.02 0.02 0.02 0.02 0.02 0.02 0.02 0.02 0.02 0.02 0.02 0.02 0.02 0.02 0.02 0.02 0.02 0.02 0.02 0.02 0.02 0.02 0.02 0.02 0.02 0.02 0.02 0.02 0.02 0.02 
0.03 0.03 0.03 0.03 0.03 0.03 0.03 0.03 0.03 0.03 0.03 0.03 0.03 0.03 0.03 0.03 0.03 0.03 0.03 0.03 0.03 0.03 0.03 0.03 0.03 0.03 0.03 0.03 0.03 0.03 0.03 0.03 0.03 0.03 0.03 0.03 0.03 0.03 0.03 0.03 
0.333333 0.333333 0.333333 0.333333 0.333333 0.333333 0.333333 0.333333 0.333333 0.333333 0.333333 0.333333 0.333333 0.333333 0.333333 0.333333 0.333333 0.333333 0.333333 0.333333 0.333333 0.333333 0.333333 0.333333 0.333333 0.333333 0.333333 0.333333 0.333333 0.333333 0.333333 0.333333 0.333333 0.333333 0.333333 0.333333 0.333333 0.333333 0.333333 0.333333 
0.666667 0.666667 0.666667 0.666667 0.666667 0.666667 0.666667 0.666667 0.666667 0.666667 0.666667 0.666667 0.666667 0.666667 0.666667 0.666667 0.666667 0.666667 0.666667 0.666667 0.666667 0.666667 0.666667 0.666667 0.666667 0.666667 0.666667 0.666667 0.666667 0.666667 0.666667 0.666667 0.666667 0.666667 0.666667 0.666667 0.666667 0.666667 0.666667 0.666667 
1 1 1 1 1 1 1 1 1 1 1 1 1 1 1 1 1 1 1 1 1 1 1 1 1 1 1 1 1 1 1 1 1 1 1 1 1 1 1 1 
