6 32 2 10
11 2 17 12 11 4 17 4 6 8 4 19 20 9 15 9 6 17 12 2 20 7 2 1 2 10 13 8 5 14 16 4 
9.09 7.55 10.66 14.25 1.73 12.98 1.35 10.76 10 8.21 6.56 15.36 1.4 8.26 5.94 10.28 10.75 8.83 3.03 1.78 14.33 13.6 15.2 4.23 15.39 15.24 11.68 2.44 6.5 10.83 11.9 5.38 
4.61 10.08 5.03 3.73 9.69 0.1 9.52 12.05 14.06 14.77 4.07 15.55 12.26 9.56 15.06 11.04 0.02 13.99 7.62 11.9 10.51 2.66 13.49 11.87 2.94 6.5 13.7 11.66 5.83 13.89 14.28 8.66 
8 8 8 8 8 8 8 8 8 8 8 8 8 8 8 8 8 8 8 8 8 8 8 8 8 8 8 8 8 8 8 8 
0.44 12.77 1.37 7.47 15.7 15.18 9.75 11.02 6.68 11.66 2.71 6.64 10.4 3.08 0.59 10.69 4.99 7.65 5.18 14 9.72 13.43 10.41 9.32 13.54 1.18 14.84 10.42 10.57 10.24 9.25 11.48 
6.38 6.15 15.47 9.9 2.47 6.01 14.32 13.11 4.98 5.6 8.78 7.16 10.91 8.84 3.78 5.47 2.68 12.32 8.14 9.14 12.67 4.26 11.08 15.14 1.9 0.13 14.41 9.93 7.68 4.57 15.15 0.61 
8.85 10.42 1.36 13.34 3.24 10.44 13.67 14.34 11.29 4.8 14.32 1.48 5.27 8.66 8.45 13.4 10.41 10.2 9.51 2.23 3.7 5.18 6.83 12.56 3.97 15.95 13.53 15.9 15.79 14.92 1.07 15.16 
1 1 1 1 1 1 1 1 1 1 1 1 1 1 1 1 1 1 1 1 1 1 1 1 1 1 1 1 1 1 1 1 
1 1 1 1 1 1 1 1 1 1 1 1 1 1 1 1 1 1 1 1 1 1 1 1 1 1 1 1 1 1 1 1 
1 1 1 1 1 1 1 1 1 1 1 1 1 1 1 1 1 1 1 1 1 1 1 1 1 1 1 1 1 1 1 1 
1 1 1 1 1 1 1 1 1 1 1 1 1 1 1 1 1 1 1 1 1 1 1 1 1 1 1 1 1 1 1 1 
1 1 1 1 1 1 1 1 1 1 1 1 1 1 1 1 1 1 1 1 1 1 1 1 1 1 1 1 1 1 1 1 
1 1 1 1 1 1 1 1 1 1 1 1 1 1 1 1 1 1 1 1 1 1 1 1 1 1 1 1 1 1 1 1 
0.01 0.01 0.01 0.01 0.01 0.01 0.01 0.01 0.01 0.01 0.01 0.01 0.01 0.01 0.01 0.01 0.01 0.01 0.01 0.01 0.01 0.01 0.01 0.01 0.01 0.01 0.01 0.01 0.01 0.01 0.01 0.01 
0.02 0.02 0.02 0.02 0.02 0.02 0.02 0.02 0.02 0.02 0.02 0.02 0.02 0.02 0.02 0.02 0.02 0.02 0.02 0.02 0.02 0.02 0.02 0.02 0.02 0.02 0.02 0.02 0.02 0.02 0.02 0.02 
0.03 0.03 0.03 0.03 0.03 0.03 0.03 0.03 0.03 0.03 0.03 0.03 0.03 0.03 0.03 0.03 0.03 0.03 0.03 0.03 0.03 0.03 0.03 0.03 0.03 0.03 0.03 0.03 0.03 0.03 0.03 0.03 
0.333333 0.333333 0.333333 0.333333 0.333333 0.333333 0.333333 0.333333 0.333333 0.333333 0.333333 0.333333 0.333333 0.333333 0.333333 0.333333 0.333333 0.333333 0.333333 0.333333 0.333333 0.333333 0.333333 0.333333 0.333333 0.333333 0.333333 0.333333 0.333333 0.333333 0.333333 0.333333 
0.666667 0.666667 0.666667 0.666667 0.666667 0.666667 0.666667 0.666667 0.666667 0.666667 0.666667 0.666667 0.666667 0.666667 0.666667 0.666667 0.666667 0.666667 0.666667 0.666667 0.666667 0.666667 0.666667 0.666667 0.666667 0.666667 0.666667 0.666667 0.666667 0.666667 0.666667 0.666667 
1 1 1 1 1 1 1 1 1 1 1 1 1 1 1 1 1 1 1 1 1 1 1 1 1 1 1 1 1 1 1 1 
