5 10 1 10
12 5 5 10 1 16 10 7 17 11 
2 2 2 2 2 2 2 2 2 2 
2.5 3.1 1.69 1.93 0.03 2.47 2.59 0.05 2.11 1.19 
2.71 3.57 3.99 3.85 0.15 1.27 3.61 0.43 0.15 2.78 
2.77 0.9 0.8 3.33 0.92 0.54 1.87 2.08 1.13 0.11 
1.44 1.89 0.91 0.2 3.56 0.18 3.41 3.75 3.85 3.72 
0 0 0 0 0 0 0 0 0 0 
0.01 0.22 0.78 0.73 0.85 0.99 0.16 0.34 0.85 0.78 
0.96 0.71 0.98 0.37 0.63 0.84 0.5 0.32 0.68 0.1 
0.75 0.01 0.7 0.48 0.59 0.67 0.56 0.65 0.89 0.24 
0.44 0.64 0.2 0.43 0.37 0.72 0.18 0.67 0.59 0.57 
0.01 0.01 0.01 0.01 0.01 0.01 0.01 0.01 0.01 0.01 
0.26 0.26 0.26 0.26 0.26 0.26 0.26 0.26 0.26 0.26 
0.51 0.51 0.51 0.51 0.51 0.51 0.51 0.51 0.51 0.51 
0.76 0.76 0.76 0.76 0.76 0.76 0.76 0.76 0.76 0.76 
1.01 1.01 1.01 1.01 1.01 1.01 1.01 1.01 1.01 1.01 
