6 8 2 10
18 9 6 6 17 7 13 6 
2.1 0.73 1.7 1.48 2.79 3.96 2.19 1.07 
0.54 0.81 1.93 0.09 2.39 2.93 2.52 0.29 
2 2 2 2 2 2 2 2 
0.33 3.73 0.37 3.22 1.6 3.94 3.95 0.46 
0.52 0.46 1.7 3.61 1.15 2.23 3.47 0.52 
0.15 0.07 0.39 2.67 2.56 3.29 0.44 3.6 
1 1 1 1 1 1 1 1 
1 1 1 1 1 1 1 1 
1 1 1 1 1 1 1 1 
0.31 0.44 0.51 0.06 0.03 0.47 0.16 0.1 
0.83 0.33 0.42 0.78 0.05 0.9 0.61 0.15 
0.03 0.07 0.88 0.17 0.1 0.79 0.33 0.41 
0.01 0.01 0.01 0.01 0.01 0.01 0.01 0.01 
0.02 0.02 0.02 0.02 0.02 0.02 0.02 0.02 
0.03 0.03 0.03 0.03 0.03 0.03 0.03 0.03 
0.343333 0.343333 0.343333 0.343333 0.343333 0.343333 0.343333 0.343333 
0.676667 0.676667 0.676667 0.676667 0.676667 0.676667 0.676667 0.676667 
1.01 1.01 1.01 1.01 1.01 1.01 1.01 1.01 
