12 32 6 10
8 17 1 5 7 13 11 10 12 2 19 1 15 5 13 7 18 5 3 11 13 12 4 7 17 12 16 19 1 15 6 15 
0.45 4.4 2.23 0.74 3.36 3.23 1.16 0.32 7.01 4.18 0.82 1.5 1.89 0.01 0.54 0.87 6.04 7.81 6.88 6.89 3.37 5.15 6.41 3.26 0.64 6.13 7.88 4.96 5.77 7.25 5.65 0.1 
2.53 5.18 0.28 6.97 2.87 2.32 0.95 3.16 0.62 1.34 1.19 5.93 4.71 2.01 2.31 3.67 1.62 2.58 4.27 5.81 3.96 2.44 4.41 7.27 5.49 1.36 1.03 0.24 5.74 6.1 6.83 4.7 
0.11 6.87 1.88 1.07 4.39 1.18 2.96 1.7 4.24 0.36 3.74 3.96 6.5 0.09 4.89 4.45 4.78 0.44 4.14 5.88 0.15 6.5 4.69 0.01 3.07 1.19 6.45 3.12 4.82 0.23 5.44 0.86 
3.22 3.23 7.59 3.84 1.3 7.12 3.19 4.42 6.88 5.87 0.14 2.42 0.23 3.91 0.04 7.1 7.7 0.23 3.13 2.98 6.8 7.05 3.86 4.32 5.63 0.87 2.19 2.37 7.35 6.33 3.02 0.88 
5.32 1.15 3.57 3.95 5.54 6.17 2.93 2.63 6.49 1.51 4.51 0.25 3.54 7.58 3.9 0.49 2.52 7.4 7.06 4.81 5.16 4.55 3.96 4.47 7.21 1.73 3.76 3.88 5.53 6.74 4.05 3.47 
4.39 0.53 2.31 1.22 6.61 1.47 0.98 5.39 2.94 1.97 2.2 4.33 6.43 7.57 1.79 4.1 4.94 2.09 7.06 5.52 1.8 7.25 5.7 2.84 2.62 4.19 5.26 1.92 5.36 7.27 5.3 3.96 
4 4 4 4 4 4 4 4 4 4 4 4 4 4 4 4 4 4 4 4 4 4 4 4 4 4 4 4 4 4 4 4 
2.15 7.09 5.21 1.3 1.86 7.47 1.65 6.99 3.15 4.04 0.31 1.71 3.65 5.66 4.39 0.88 2.87 7.21 1.51 0.06 4.99 3.3 5.41 2.73 7.39 0.74 7.12 0.25 3.07 7.03 3.15 2.09 
6.97 2.98 2.24 4 6.71 4.29 1.57 3.43 2.18 1.44 7.05 1.76 4.14 5.45 2.64 4.75 3.2 4.63 4.35 7.83 3.31 2.6 7.55 7.1 1.85 6.8 7.6 3.81 5.37 0.52 0.54 3.26 
5.98 3.96 4.89 0.56 0.45 3.62 2.01 4.11 0.02 0.76 4.41 5.97 0.71 5.44 0.44 2.36 2.62 1.77 2.42 1.63 2.77 0.02 7.23 0.24 3.24 1.92 2.88 6.25 5.81 0.66 4.12 2.2 
1.41 5.95 1.2 5.75 0.73 5.22 5.48 2.91 7.5 1.74 2.38 1.97 5.87 1.1 3.87 2.38 4.19 1.12 6.67 7.38 4.42 7.84 7.75 5.84 0.64 1.28 3.77 7.31 0.69 7.65 7.62 5.74 
0.96 6.24 7.11 7.14 6.41 6.86 5.11 5.16 1.07 4.46 3.47 2.07 6.13 3.4 6.11 7.89 3.65 3.65 6.9 1.12 6.44 3.7 6.8 2.32 2.57 3.12 1.23 4.06 4 4.17 4.71 2.82 
1 1 1 1 1 1 1 1 1 1 1 1 1 1 1 1 1 1 1 1 1 1 1 1 1 1 1 1 1 1 1 1 
1 1 1 1 1 1 1 1 1 1 1 1 1 1 1 1 1 1 1 1 1 1 1 1 1 1 1 1 1 1 1 1 
1 1 1 1 1 1 1 1 1 1 1 1 1 1 1 1 1 1 1 1 1 1 1 1 1 1 1 1 1 1 1 1 
1 1 1 1 1 1 1 1 1 1 1 1 1 1 1 1 1 1 1 1 1 1 1 1 1 1 1 1 1 1 1 1 
1 1 1 1 1 1 1 1 1 1 1 1 1 1 1 1 1 1 1 1 1 1 1 1 1 1 1 1 1 1 1 1 
1 1 1 1 1 1 1 1 1 1 1 1 1 1 1 1 1 1 1 1 1 1 1 1 1 1 1 1 1 1 1 1 
1 1 1 1 1 1 1 1 1 1 1 1 1 1 1 1 1 1 1 1 1 1 1 1 1 1 1 1 1 1 1 1 
0.79 0.44 0.78 0.39 0.59 0.64 0.55 0 0.21 0.04 0.23 0.48 0.01 0.71 0.96 0.98 0.55 0.92 0.29 0.74 0.9 0.54 0.22 0.29 0.02 0.48 0.64 0.66 0.02 0.31 0.62 0.59 
0.46 0.26 0.32 0.76 0.83 0.7 0.9 0.39 0.56 0.06 0.63 0.69 0.76 0.11 0.92 0.93 0.3 0.65 0.03 0.8 0.49 0.74 0.7 0.64 0.38 0.97 0.34 0.05 0.64 0.79 0.77 0.83 
0.11 0.38 0.63 0.37 0.48 0.04 0.48 0.21 0.35 0.2 0.81 0.79 0.09 0.33 0.67 0.08 0.44 0.68 0.2 0.01 0 0.58 0.31 0.4 0.2 0.26 0.35 0.04 0.59 0.56 0.84 0.46 
0.16 0.23 0.65 0.3 0.62 0.58 0.75 0.22 0.66 0.49 0 0.18 0.05 0.99 0.6 0.21 0.89 0.51 0.93 0.86 0.49 0.38 0.38 0.06 0.42 0.08 0.36 0.34 0.16 0.5 0.59 0.03 
0.13 0.26 0.04 0.49 0.46 0.36 0.92 0.08 0.23 0.9 0.53 0.48 0.51 0.62 0.91 0.77 0.07 0.75 0.73 0.32 0.5 0.19 0.35 0.76 0 0.15 0.31 0.66 0.6 0.27 0.15 0.86 
0.01 0.01 0.01 0.01 0.01 0.01 0.01 0.01 0.01 0.01 0.01 0.01 0.01 0.01 0.01 0.01 0.01 0.01 0.01 0.01 0.01 0.01 0.01 0.01 0.01 0.01 0.01 0.01 0.01 0.01 0.01 0.01 
0.02 0.02 0.02 0.02 0.02 0.02 0.02 0.02 0.02 0.02 0.02 0.02 0.02 0.02 0.02 0.02 0.02 0.02 0.02 0.02 0.02 0.02 0.02 0.02 0.02 0.02 0.02 0.02 0.02 0.02 0.02 0.02 
0.03 0.03 0.03 0.03 0.03 0.03 0.03 0.03 0.03 0.03 0.03 0.03 0.03 0.03 0.03 0.03 0.03 0.03 0.03 0.03 0.03 0.03 0.03 0.03 0.03 0.03 0.03 0.03 0.03 0.03 0.03 0.03 
0.04 0.04 0.04 0.04 0.04 0.04 0.04 0.04 0.04 0.04 0.04 0.04 0.04 0.04 0.04 0.04 0.04 0.04 0.04 0.04 0.04 0.04 0.04 0.04 0.04 0.04 0.04 0.04 0.04 0.04 0.04 0.04 
0.05 0.05 0.05 0.05 0.05 0.05 0.05 0.05 0.05 0.05 0.05 0.05 0.05 0.05 0.05 0.05 0.05 0.05 0.05 0.05 0.05 0.05 0.05 0.05 0.05 0.05 0.05 0.05 0.05 0.05 0.05 0.05 
0.06 0.06 0.06 0.06 0.06 0.06 0.06 0.06 0.06 0.06 0.06 0.06 0.06 0.06 0.06 0.06 0.06 0.06 0.06 0.06 0.06 0.06 0.06 0.06 0.06 0.06 0.06 0.06 0.06 0.06 0.06 0.06 
0.07 0.07 0.07 0.07 0.07 0.07 0.07 0.07 0.07 0.07 0.07 0.07 0.07 0.07 0.07 0.07 0.07 0.07 0.07 0.07 0.07 0.07 0.07 0.07 0.07 0.07 0.07 0.07 0.07 0.07 0.07 0.07 
0.2 0.2 0.2 0.2 0.2 0.2 0.2 0.2 0.2 0.2 0.2 0.2 0.2 0.2 0.2 0.2 0.2 0.2 0.2 0.2 0.2 0.2 0.2 0.2 0.2 0.2 0.2 0.2 0.2 0.2 0.2 0.2 
0.4 0.4 0.4 0.4 0.4 0.4 0.4 0.4 0.4 0.4 0.4 0.4 0.4 0.4 0.4 0.4 0.4 0.4 0.4 0.4 0.4 0.4 0.4 0.4 0.4 0.4 0.4 0.4 0.4 0.4 0.4 0.4 
0.6 0.6 0.6 0.6 0.6 0.6 0.6 0.6 0.6 0.6 0.6 0.6 0.6 0.6 0.6 0.6 0.6 0.6 0.6 0.6 0.6 0.6 0.6 0.6 0.6 0.6 0.6 0.6 0.6 0.6 0.6 0.6 
0.8 0.8 0.8 0.8 0.8 0.8 0.8 0.8 0.8 0.8 0.8 0.8 0.8 0.8 0.8 0.8 0.8 0.8 0.8 0.8 0.8 0.8 0.8 0.8 0.8 0.8 0.8 0.8 0.8 0.8 0.8 0.8 
1 1 1 1 1 1 1 1 1 1 1 1 1 1 1 1 1 1 1 1 1 1 1 1 1 1 1 1 1 1 1 1 
