12 24 3 10
17 7 12 11 6 9 1 6 13 15 5 20 8 12 1 19 16 1 8 11 20 18 19 12 
5.09 5.03 4 4.73 5.58 0.58 5.03 5.45 2.1 1.06 0.3 6.22 4.33 2.04 7.91 7.78 2.26 5.85 1.07 2.74 4.19 2.45 2.69 1.65 
7.56 3.33 0.37 0.3 5 6.64 3.57 7.75 6.11 4.01 6.33 0.98 6.08 3.78 4.58 7.85 1.17 6.37 5.46 0.02 6.02 7.78 6.76 1.37 
5.25 5.83 2.91 3.6 6.95 3.85 0.82 6.98 1.79 3.99 1.83 2.43 6.74 5 0.97 4.5 4.86 4.7 2.5 4.56 6.83 2.28 5.51 5.17 
4 4 4 4 4 4 4 4 4 4 4 4 4 4 4 4 4 4 4 4 4 4 4 4 
4.19 2.58 1.61 5.17 7.59 5.81 6.82 4.75 5.98 7.54 2.09 1.52 3.05 5.86 7.77 4.15 2.62 4.47 1.08 2.38 5.89 3.66 4.38 3.31 
7.55 4.15 3.82 6.61 5.34 7.03 0.4 1.72 0.03 4.58 1.11 1.27 6.37 3.72 4.22 7.91 4.93 4.77 3.07 4.41 4.69 6.89 7.35 2.87 
7.83 3.57 1.48 3.49 0.88 6.35 7.42 1.91 3.5 2.37 3.03 7.09 4.24 5.02 6.01 1.73 1.7 6.79 0.58 7.15 1.43 2.71 2.82 5.18 
4.48 4.61 1.7 1.35 2.76 6.87 4.94 3.33 7.8 7.52 7.22 3.27 0.01 2.34 4.11 6.2 2.89 2.52 0.03 2.56 6.17 6.72 7.97 5.77 
7.63 5.41 1.33 7.98 0.22 3.12 1.45 2.46 0.28 2.88 4.87 2.97 5.12 3.49 1.63 6.36 2.33 2.08 4.77 3.23 6.12 2.88 0.71 1.11 
0.06 6.69 3.25 2.32 1.16 4.55 4.2 0.95 5.86 2.37 2.26 2.15 7.9 7.92 2.47 2.29 4.37 2.22 3.21 1.36 7.66 7.63 1.48 3.8 
5.63 0.94 1.75 1.98 3.07 7.51 2.37 5.95 1.55 2.35 0.45 1.75 1.69 5.28 3.79 0.63 3.76 5.1 3.7 0.41 7.48 1.29 6.26 3.19 
3.42 3.45 7.16 3.42 3.03 7.26 7.16 3.29 0.28 7.32 7.04 4.77 4.58 3.01 0.14 3.54 4.34 6.86 0.19 1.33 1.02 4.27 5.82 2.55 
1 1 1 1 1 1 1 1 1 1 1 1 1 1 1 1 1 1 1 1 1 1 1 1 
1 1 1 1 1 1 1 1 1 1 1 1 1 1 1 1 1 1 1 1 1 1 1 1 
1 1 1 1 1 1 1 1 1 1 1 1 1 1 1 1 1 1 1 1 1 1 1 1 
1 1 1 1 1 1 1 1 1 1 1 1 1 1 1 1 1 1 1 1 1 1 1 1 
1 1 1 1 1 1 1 1 1 1 1 1 1 1 1 1 1 1 1 1 1 1 1 1 
1 1 1 1 1 1 1 1 1 1 1 1 1 1 1 1 1 1 1 1 1 1 1 1 
1 1 1 1 1 1 1 1 1 1 1 1 1 1 1 1 1 1 1 1 1 1 1 1 
1 1 1 1 1 1 1 1 1 1 1 1 1 1 1 1 1 1 1 1 1 1 1 1 
1 1 1 1 1 1 1 1 1 1 1 1 1 1 1 1 1 1 1 1 1 1 1 1 
1 1 1 1 1 1 1 1 1 1 1 1 1 1 1 1 1 1 1 1 1 1 1 1 
1 1 1 1 1 1 1 1 1 1 1 1 1 1 1 1 1 1 1 1 1 1 1 1 
1 1 1 1 1 1 1 1 1 1 1 1 1 1 1 1 1 1 1 1 1 1 1 1 
0.01 0.01 0.01 0.01 0.01 0.01 0.01 0.01 0.01 0.01 0.01 0.01 0.01 0.01 0.01 0.01 0.01 0.01 0.01 0.01 0.01 0.01 0.01 0.01 
0.02 0.02 0.02 0.02 0.02 0.02 0.02 0.02 0.02 0.02 0.02 0.02 0.02 0.02 0.02 0.02 0.02 0.02 0.02 0.02 0.02 0.02 0.02 0.02 
0.03 0.03 0.03 0.03 0.03 0.03 0.03 0.03 0.03 0.03 0.03 0.03 0.03 0.03 0.03 0.03 0.03 0.03 0.03 0.03 0.03 0.03 0.03 0.03 
0.04 0.04 0.04 0.04 0.04 0.04 0.04 0.04 0.04 0.04 0.04 0.04 0.04 0.04 0.04 0.04 0.04 0.04 0.04 0.04 0.04 0.04 0.04 0.04 
0.125 0.125 0.125 0.125 0.125 0.125 0.125 0.125 0.125 0.125 0.125 0.125 0.125 0.125 0.125 0.125 0.125 0.125 0.125 0.125 0.125 0.125 0.125 0.125 
0.25 0.25 0.25 0.25 0.25 0.25 0.25 0.25 0.25 0.25 0.25 0.25 0.25 0.25 0.25 0.25 0.25 0.25 0.25 0.25 0.25 0.25 0.25 0.25 
0.375 0.375 0.375 0.375 0.375 0.375 0.375 0.375 0.375 0.375 0.375 0.375 0.375 0.375 0.375 0.375 0.375 0.375 0.375 0.375 0.375 0.375 0.375 0.375 
0.5 0.5 0.5 0.5 0.5 0.5 0.5 0.5 0.5 0.5 0.5 0.5 0.5 0.5 0.5 0.5 0.5 0.5 0.5 0.5 0.5 0.5 0.5 0.5 
0.625 0.625 0.625 0.625 0.625 0.625 0.625 0.625 0.625 0.625 0.625 0.625 0.625 0.625 0.625 0.625 0.625 0.625 0.625 0.625 0.625 0.625 0.625 0.625 
0.75 0.75 0.75 0.75 0.75 0.75 0.75 0.75 0.75 0.75 0.75 0.75 0.75 0.75 0.75 0.75 0.75 0.75 0.75 0.75 0.75 0.75 0.75 0.75 
0.875 0.875 0.875 0.875 0.875 0.875 0.875 0.875 0.875 0.875 0.875 0.875 0.875 0.875 0.875 0.875 0.875 0.875 0.875 0.875 0.875 0.875 0.875 0.875 
1 1 1 1 1 1 1 1 1 1 1 1 1 1 1 1 1 1 1 1 1 1 1 1 
