6 24 2 10
6 2 9 18 10 17 1 5 12 5 14 5 1 7 11 14 7 12 9 20 8 16 10 15 
6.23 0.1 3.56 4.69 5.68 7.16 0.74 0.02 2.96 1.43 3.48 5.15 0.3 2.39 5.02 5.61 0.55 6.82 7.88 1.96 3.75 6.08 7.89 6.46 
1.21 2.22 6.06 3.63 6.94 5.62 5.33 0.28 2.06 5.19 1.2 7.16 5.15 7.02 6.95 7.01 2.05 7.62 3.59 6.04 6.36 4.73 3.29 3.24 
4 4 4 4 4 4 4 4 4 4 4 4 4 4 4 4 4 4 4 4 4 4 4 4 
2.27 2.84 0.82 6.57 3.32 4.41 1.01 2.5 7.1 6.45 1.54 7.25 6.52 7.52 7.99 1.07 7.17 2.51 1.38 1.74 1.97 7.45 2.73 1 
2.09 0.58 0.1 5.52 4.02 1.93 5.59 5.46 3.11 5.25 1.02 5.09 6.92 6.89 5.06 1.15 0.49 3.56 5.4 5.79 1.82 3.85 4.56 5.7 
5.65 7.78 2.45 0.37 0.51 4.81 5.88 7.3 1.95 5.85 2.8 6.48 2.28 0.69 7.59 4.26 3.12 3.02 5.48 5.43 7.74 0.34 5.99 1.02 
1 1 1 1 1 1 1 1 1 1 1 1 1 1 1 1 1 1 1 1 1 1 1 1 
1 1 1 1 1 1 1 1 1 1 1 1 1 1 1 1 1 1 1 1 1 1 1 1 
1 1 1 1 1 1 1 1 1 1 1 1 1 1 1 1 1 1 1 1 1 1 1 1 
1 1 1 1 1 1 1 1 1 1 1 1 1 1 1 1 1 1 1 1 1 1 1 1 
1 1 1 1 1 1 1 1 1 1 1 1 1 1 1 1 1 1 1 1 1 1 1 1 
1 1 1 1 1 1 1 1 1 1 1 1 1 1 1 1 1 1 1 1 1 1 1 1 
0.01 0.01 0.01 0.01 0.01 0.01 0.01 0.01 0.01 0.01 0.01 0.01 0.01 0.01 0.01 0.01 0.01 0.01 0.01 0.01 0.01 0.01 0.01 0.01 
0.02 0.02 0.02 0.02 0.02 0.02 0.02 0.02 0.02 0.02 0.02 0.02 0.02 0.02 0.02 0.02 0.02 0.02 0.02 0.02 0.02 0.02 0.02 0.02 
0.03 0.03 0.03 0.03 0.03 0.03 0.03 0.03 0.03 0.03 0.03 0.03 0.03 0.03 0.03 0.03 0.03 0.03 0.03 0.03 0.03 0.03 0.03 0.03 
0.333333 0.333333 0.333333 0.333333 0.333333 0.333333 0.333333 0.333333 0.333333 0.333333 0.333333 0.333333 0.333333 0.333333 0.333333 0.333333 0.333333 0.333333 0.333333 0.333333 0.333333 0.333333 0.333333 0.333333 
0.666667 0.666667 0.666667 0.666667 0.666667 0.666667 0.666667 0.666667 0.666667 0.666667 0.666667 0.666667 0.666667 0.666667 0.666667 0.666667 0.666667 0.666667 0.666667 0.666667 0.666667 0.666667 0.666667 0.666667 
1 1 1 1 1 1 1 1 1 1 1 1 1 1 1 1 1 1 1 1 1 1 1 1 
