12 24 3 10
15 16 12 4 16 19 17 15 5 11 12 5 13 20 9 9 10 20 1 5 3 4 13 14 
6.18 5.55 1.72 2.09 3.91 5.4 1.68 4.29 7.62 4.05 5.02 0.72 3.54 3.45 5.71 1.01 1.35 6.22 7.46 0.16 7.3 3.91 3.33 1.54 
6.25 4.9 4.41 3.01 6.98 4.18 1.98 4.72 7.61 0.55 6.02 6.98 4.91 3.16 4.89 3.51 5.5 2.62 1.49 4.09 1.75 0.86 1.91 6.06 
4.94 2.58 1.05 7.49 2.12 7.95 1.18 0.72 7.28 0.14 0.24 1.7 3.06 5.85 4.65 4.31 4.57 1.67 7.95 4.96 5.19 2.24 7.77 0.93 
4 4 4 4 4 4 4 4 4 4 4 4 4 4 4 4 4 4 4 4 4 4 4 4 
6.86 1.25 1.82 1.91 0.02 1.78 0.74 3.28 2.58 7.68 7.67 3.11 3.36 1.12 4.95 7.16 7.47 3.26 6.42 5.15 0.39 4.88 5.59 6.37 
0.48 1.41 1.61 0.42 0.37 3.58 1.01 7.01 7.47 2.34 1.49 5.4 6.79 3.81 5.48 1.53 4.42 6.13 6.18 3.62 1.86 1.03 3.24 6.4 
4.69 4.75 7.94 3.46 4.7 2.96 6.56 0.54 0.87 3.01 1.99 2.46 7.62 6.26 2.37 2.58 7.94 0.18 7.72 2.33 3.13 2.17 7.64 5.91 
5.72 0.02 4.67 2.82 4.87 0.26 2.79 4.18 3.18 6.66 0.83 3.43 0.38 4.58 1.71 7.12 1.86 2.85 6.24 0.06 1.25 2.27 5.04 4.31 
0.74 3.52 0.61 3.95 0.81 3.89 6.41 2.24 6.45 2.9 0.33 5.99 0.96 1.84 5.05 1.9 7.48 4.27 7.63 4.16 5.83 4.02 0.08 1.91 
7.64 7.24 4.11 7.55 2.57 4.79 5.76 3.76 4.22 2.91 1.19 0.15 7.87 4.09 4.42 5.24 4.45 2.21 6.68 2.01 0.03 2.95 6.95 0.46 
3.16 1.41 3.1 2.63 6.41 7.59 3.5 2.17 7.72 1.72 1.84 5.62 1.77 2.83 3.44 1.42 7.47 4.23 3.89 5.9 3.29 3.4 4.74 6.9 
4.42 3.03 7.34 1.26 2.91 7.97 0.89 4.87 6.83 1.67 3.91 6.88 1.58 0.99 2.5 4.44 6.84 5.91 1.92 4.65 0.55 5.16 3.02 5.15 
1 1 1 1 1 1 1 1 1 1 1 1 1 1 1 1 1 1 1 1 1 1 1 1 
1 1 1 1 1 1 1 1 1 1 1 1 1 1 1 1 1 1 1 1 1 1 1 1 
1 1 1 1 1 1 1 1 1 1 1 1 1 1 1 1 1 1 1 1 1 1 1 1 
1 1 1 1 1 1 1 1 1 1 1 1 1 1 1 1 1 1 1 1 1 1 1 1 
1 1 1 1 1 1 1 1 1 1 1 1 1 1 1 1 1 1 1 1 1 1 1 1 
1 1 1 1 1 1 1 1 1 1 1 1 1 1 1 1 1 1 1 1 1 1 1 1 
1 1 1 1 1 1 1 1 1 1 1 1 1 1 1 1 1 1 1 1 1 1 1 1 
1 1 1 1 1 1 1 1 1 1 1 1 1 1 1 1 1 1 1 1 1 1 1 1 
1 1 1 1 1 1 1 1 1 1 1 1 1 1 1 1 1 1 1 1 1 1 1 1 
1 1 1 1 1 1 1 1 1 1 1 1 1 1 1 1 1 1 1 1 1 1 1 1 
1 1 1 1 1 1 1 1 1 1 1 1 1 1 1 1 1 1 1 1 1 1 1 1 
1 1 1 1 1 1 1 1 1 1 1 1 1 1 1 1 1 1 1 1 1 1 1 1 
0.01 0.01 0.01 0.01 0.01 0.01 0.01 0.01 0.01 0.01 0.01 0.01 0.01 0.01 0.01 0.01 0.01 0.01 0.01 0.01 0.01 0.01 0.01 0.01 
0.02 0.02 0.02 0.02 0.02 0.02 0.02 0.02 0.02 0.02 0.02 0.02 0.02 0.02 0.02 0.02 0.02 0.02 0.02 0.02 0.02 0.02 0.02 0.02 
0.03 0.03 0.03 0.03 0.03 0.03 0.03 0.03 0.03 0.03 0.03 0.03 0.03 0.03 0.03 0.03 0.03 0.03 0.03 0.03 0.03 0.03 0.03 0.03 
0.04 0.04 0.04 0.04 0.04 0.04 0.04 0.04 0.04 0.04 0.04 0.04 0.04 0.04 0.04 0.04 0.04 0.04 0.04 0.04 0.04 0.04 0.04 0.04 
0.125 0.125 0.125 0.125 0.125 0.125 0.125 0.125 0.125 0.125 0.125 0.125 0.125 0.125 0.125 0.125 0.125 0.125 0.125 0.125 0.125 0.125 0.125 0.125 
0.25 0.25 0.25 0.25 0.25 0.25 0.25 0.25 0.25 0.25 0.25 0.25 0.25 0.25 0.25 0.25 0.25 0.25 0.25 0.25 0.25 0.25 0.25 0.25 
0.375 0.375 0.375 0.375 0.375 0.375 0.375 0.375 0.375 0.375 0.375 0.375 0.375 0.375 0.375 0.375 0.375 0.375 0.375 0.375 0.375 0.375 0.375 0.375 
0.5 0.5 0.5 0.5 0.5 0.5 0.5 0.5 0.5 0.5 0.5 0.5 0.5 0.5 0.5 0.5 0.5 0.5 0.5 0.5 0.5 0.5 0.5 0.5 
0.625 0.625 0.625 0.625 0.625 0.625 0.625 0.625 0.625 0.625 0.625 0.625 0.625 0.625 0.625 0.625 0.625 0.625 0.625 0.625 0.625 0.625 0.625 0.625 
0.75 0.75 0.75 0.75 0.75 0.75 0.75 0.75 0.75 0.75 0.75 0.75 0.75 0.75 0.75 0.75 0.75 0.75 0.75 0.75 0.75 0.75 0.75 0.75 
0.875 0.875 0.875 0.875 0.875 0.875 0.875 0.875 0.875 0.875 0.875 0.875 0.875 0.875 0.875 0.875 0.875 0.875 0.875 0.875 0.875 0.875 0.875 0.875 
1 1 1 1 1 1 1 1 1 1 1 1 1 1 1 1 1 1 1 1 1 1 1 1 
