3 48 1 10
9 1 9 2 15 16 20 11 10 17 9 8 12 18 12 10 14 15 5 10 9 15 17 6 12 5 9 18 4 3 4 16 2 13 19 6 12 16 15 19 14 4 13 18 3 13 9 1 
2.48 5.01 0.03 3.44 4.06 5.03 7.41 5.91 7.69 2.27 0.98 5.09 6.27 1.56 0.2 3.09 1.15 0.42 1.15 7.51 2.27 4.42 0.2 4.75 1.67 0.15 0.6 3.19 5.61 1.13 6.89 0.92 4.26 0.36 0.52 5.58 1.86 2.38 0.78 7.53 7.85 7.4 3.93 0.01 1.36 5.45 4.52 4.99 
4 4 4 4 4 4 4 4 4 4 4 4 4 4 4 4 4 4 4 4 4 4 4 4 4 4 4 4 4 4 4 4 4 4 4 4 4 4 4 4 4 4 4 4 4 4 4 4 
2.02 4.48 4.95 4.58 3.7 3.23 4.93 2.16 6.48 3.36 3.97 6.01 1.29 0.51 3.66 0.2 4.55 6.75 1.66 0.46 6.78 3.75 5.45 7.35 0.99 6.98 6.19 6.15 6.03 3.84 4.71 0.01 4.13 3.92 3.97 5.53 0.77 6.95 0.36 5.73 6.43 2.61 3.3 2.62 4.55 7.17 5.12 7.45 
1 1 1 1 1 1 1 1 1 1 1 1 1 1 1 1 1 1 1 1 1 1 1 1 1 1 1 1 1 1 1 1 1 1 1 1 1 1 1 1 1 1 1 1 1 1 1 1 
1 1 1 1 1 1 1 1 1 1 1 1 1 1 1 1 1 1 1 1 1 1 1 1 1 1 1 1 1 1 1 1 1 1 1 1 1 1 1 1 1 1 1 1 1 1 1 1 
1 1 1 1 1 1 1 1 1 1 1 1 1 1 1 1 1 1 1 1 1 1 1 1 1 1 1 1 1 1 1 1 1 1 1 1 1 1 1 1 1 1 1 1 1 1 1 1 
0.01 0.01 0.01 0.01 0.01 0.01 0.01 0.01 0.01 0.01 0.01 0.01 0.01 0.01 0.01 0.01 0.01 0.01 0.01 0.01 0.01 0.01 0.01 0.01 0.01 0.01 0.01 0.01 0.01 0.01 0.01 0.01 0.01 0.01 0.01 0.01 0.01 0.01 0.01 0.01 0.01 0.01 0.01 0.01 0.01 0.01 0.01 0.01 
0.02 0.02 0.02 0.02 0.02 0.02 0.02 0.02 0.02 0.02 0.02 0.02 0.02 0.02 0.02 0.02 0.02 0.02 0.02 0.02 0.02 0.02 0.02 0.02 0.02 0.02 0.02 0.02 0.02 0.02 0.02 0.02 0.02 0.02 0.02 0.02 0.02 0.02 0.02 0.02 0.02 0.02 0.02 0.02 0.02 0.02 0.02 0.02 
1 1 1 1 1 1 1 1 1 1 1 1 1 1 1 1 1 1 1 1 1 1 1 1 1 1 1 1 1 1 1 1 1 1 1 1 1 1 1 1 1 1 1 1 1 1 1 1 
