12 48 3 10
20 12 4 6 3 12 4 16 14 11 16 7 11 4 5 9 17 7 16 16 20 6 2 12 1 17 1 16 7 17 13 2 14 16 20 2 16 20 10 10 5 5 5 6 16 7 12 18 
7.62 4 1.92 0.41 5.62 2.97 0.8 5.88 0.31 2.64 0.42 5.16 3.25 6.78 2.25 5.33 1.08 3.4 5.95 1.64 2.31 3.47 4.87 6.99 2.41 3.9 4.55 5.04 3.04 3.86 3.2 1.72 7.44 1.56 5.16 0.13 4.46 0.33 5.43 6.65 7.66 3.45 2.4 5.87 3.67 5.11 4.31 5.83 
1.12 3.44 1.47 3.38 7.46 3.76 7.29 7.32 7.38 6.48 5.08 3.88 3.47 2.42 2.82 0.58 0.98 2.74 3.39 6.06 6.4 7.28 3.51 4.5 0.95 7.23 0.7 0.23 1.49 6.85 3.29 2.4 3.09 6.38 0.25 0.4 2.94 1.36 1.6 0.83 4.34 3.86 1.42 2.97 0.78 2.17 3.84 0.03 
7.77 3.27 1.92 4.84 3.54 7.41 0.81 3.2 5.04 6.15 2.26 2.76 4.65 6.51 3.94 3.83 0.65 2.68 6.09 2.02 3.93 1.06 1.38 4 2.47 6.15 4.24 3.05 3.35 3.89 0.13 5.89 5.05 1.44 6.72 3.93 6.41 6.98 4.13 6.98 3.55 6.37 4.22 1.92 3.41 2.09 5.68 3.29 
4 4 4 4 4 4 4 4 4 4 4 4 4 4 4 4 4 4 4 4 4 4 4 4 4 4 4 4 4 4 4 4 4 4 4 4 4 4 4 4 4 4 4 4 4 4 4 4 
4.97 2.31 5.99 7.21 7.63 5.18 5.14 3.41 3.41 3.69 4.48 0.82 4.27 3.34 5.86 4.82 3.52 0.13 0.68 4.41 3.53 7.44 1.57 3.44 5.12 5.67 1.23 1.97 1.36 7.79 6.4 3.66 7.65 4.63 2.5 7.19 5.06 0.19 4.71 3.43 4.22 4.25 5.03 7.81 6.42 6.45 4.22 1.77 
4.7 4.48 3.91 1.06 1.84 6.45 2.59 1.65 0.39 1.49 2.91 3.73 4.98 6.75 3.59 5.77 1.06 3.47 6.1 0.09 3.63 7.96 5.52 1.42 2.62 1.76 4.07 3.37 0.21 3.47 7.18 0.08 6.25 2.9 5.64 3.78 5.19 7.98 6.36 5.55 3.93 3.65 1.78 1.04 4.5 3.14 3.95 0.2 
5.29 4.5 0.72 2.34 0.25 5.05 6.11 1.07 5.14 0.78 7.38 2.21 3.95 5.49 5.65 1.59 5.8 0.25 2.83 1.45 2.08 6.5 7.48 1.12 3.24 1.27 4.18 6.51 7.14 1.12 7.48 7.98 4.68 6.01 4.32 6.14 6.47 6.31 5.83 7.87 7.65 6.71 1.5 5.73 0.44 7.81 3.07 7.3 
3.91 7.49 6.73 5.1 4.97 6.02 2.58 5.28 1.56 3.02 4.79 3.74 5.69 1.95 6.56 6.92 5.53 1.26 7.15 0.69 4.84 6.86 2.72 2.41 6.19 6.33 1.67 7.54 6.13 5.03 5.59 4.02 4.52 0.79 2.77 4.07 5.99 5.93 5.53 7.87 4.39 2.21 0.09 6.49 7.76 1.75 2.77 2.84 
5.46 5.81 0.96 4.12 1.17 4.2 0.34 4.94 6.01 0.25 5.46 0.32 4.37 4.12 2.64 5.53 6.8 5.43 0.97 5.41 7.85 4.24 3.7 7.8 1.77 5.41 2.63 4.89 0.2 2.92 6.37 6.17 7.12 0.31 3.15 6.73 0.21 1.71 4.48 3.27 6.5 6.25 0.41 4.14 6.1 1.87 6.15 2.95 
2.14 3.54 6.07 4.87 0.44 4.15 1.32 0.81 3.43 5.48 1.64 3.35 4.57 7.52 6.2 4.99 7.67 7.41 7.24 7.83 4.07 0.79 6.15 6.51 3.46 3.9 4.07 6.94 5.58 2.38 4.78 7.44 3.13 5.92 2.53 3.46 0.88 0.68 0.04 0.63 1.73 0.28 0.19 0.1 1.21 5.85 1.24 5.04 
0.92 7.12 6.77 0.95 3.12 7.8 6.91 1.86 2.27 4.45 5.26 0.51 1.55 7.6 7.18 5.89 4.56 1.3 2.22 0.78 4.39 0.91 4.28 5.58 0.5 2.38 2.66 4.56 7.73 0.26 1.43 5.4 1.36 0.89 4.3 7 5.91 1.04 6.04 3.75 3.83 7.94 3.92 5.62 5.3 2.53 6.73 6.82 
5.61 7.28 7.19 4.94 4.67 4.95 3.32 5.8 7.78 5.6 1.81 3.96 5.71 6.66 3.88 6.1 2.57 2.31 2.73 3.01 4.41 2.76 3.18 3.35 6.06 1.83 7.4 4.99 7.08 3.75 0.29 5.31 2.74 0.01 5.82 1.18 6.32 3.38 3.9 4 4.22 6.02 5.34 6.2 5.35 2.62 1.87 6.2 
1 1 1 1 1 1 1 1 1 1 1 1 1 1 1 1 1 1 1 1 1 1 1 1 1 1 1 1 1 1 1 1 1 1 1 1 1 1 1 1 1 1 1 1 1 1 1 1 
1 1 1 1 1 1 1 1 1 1 1 1 1 1 1 1 1 1 1 1 1 1 1 1 1 1 1 1 1 1 1 1 1 1 1 1 1 1 1 1 1 1 1 1 1 1 1 1 
1 1 1 1 1 1 1 1 1 1 1 1 1 1 1 1 1 1 1 1 1 1 1 1 1 1 1 1 1 1 1 1 1 1 1 1 1 1 1 1 1 1 1 1 1 1 1 1 
1 1 1 1 1 1 1 1 1 1 1 1 1 1 1 1 1 1 1 1 1 1 1 1 1 1 1 1 1 1 1 1 1 1 1 1 1 1 1 1 1 1 1 1 1 1 1 1 
1 1 1 1 1 1 1 1 1 1 1 1 1 1 1 1 1 1 1 1 1 1 1 1 1 1 1 1 1 1 1 1 1 1 1 1 1 1 1 1 1 1 1 1 1 1 1 1 
1 1 1 1 1 1 1 1 1 1 1 1 1 1 1 1 1 1 1 1 1 1 1 1 1 1 1 1 1 1 1 1 1 1 1 1 1 1 1 1 1 1 1 1 1 1 1 1 
1 1 1 1 1 1 1 1 1 1 1 1 1 1 1 1 1 1 1 1 1 1 1 1 1 1 1 1 1 1 1 1 1 1 1 1 1 1 1 1 1 1 1 1 1 1 1 1 
1 1 1 1 1 1 1 1 1 1 1 1 1 1 1 1 1 1 1 1 1 1 1 1 1 1 1 1 1 1 1 1 1 1 1 1 1 1 1 1 1 1 1 1 1 1 1 1 
1 1 1 1 1 1 1 1 1 1 1 1 1 1 1 1 1 1 1 1 1 1 1 1 1 1 1 1 1 1 1 1 1 1 1 1 1 1 1 1 1 1 1 1 1 1 1 1 
1 1 1 1 1 1 1 1 1 1 1 1 1 1 1 1 1 1 1 1 1 1 1 1 1 1 1 1 1 1 1 1 1 1 1 1 1 1 1 1 1 1 1 1 1 1 1 1 
1 1 1 1 1 1 1 1 1 1 1 1 1 1 1 1 1 1 1 1 1 1 1 1 1 1 1 1 1 1 1 1 1 1 1 1 1 1 1 1 1 1 1 1 1 1 1 1 
1 1 1 1 1 1 1 1 1 1 1 1 1 1 1 1 1 1 1 1 1 1 1 1 1 1 1 1 1 1 1 1 1 1 1 1 1 1 1 1 1 1 1 1 1 1 1 1 
0.01 0.01 0.01 0.01 0.01 0.01 0.01 0.01 0.01 0.01 0.01 0.01 0.01 0.01 0.01 0.01 0.01 0.01 0.01 0.01 0.01 0.01 0.01 0.01 0.01 0.01 0.01 0.01 0.01 0.01 0.01 0.01 0.01 0.01 0.01 0.01 0.01 0.01 0.01 0.01 0.01 0.01 0.01 0.01 0.01 0.01 0.01 0.01 
0.02 0.02 0.02 0.02 0.02 0.02 0.02 0.02 0.02 0.02 0.02 0.02 0.02 0.02 0.02 0.02 0.02 0.02 0.02 0.02 0.02 0.02 0.02 0.02 0.02 0.02 0.02 0.02 0.02 0.02 0.02 0.02 0.02 0.02 0.02 0.02 0.02 0.02 0.02 0.02 0.02 0.02 0.02 0.02 0.02 0.02 0.02 0.02 
0.03 0.03 0.03 0.03 0.03 0.03 0.03 0.03 0.03 0.03 0.03 0.03 0.03 0.03 0.03 0.03 0.03 0.03 0.03 0.03 0.03 0.03 0.03 0.03 0.03 0.03 0.03 0.03 0.03 0.03 0.03 0.03 0.03 0.03 0.03 0.03 0.03 0.03 0.03 0.03 0.03 0.03 0.03 0.03 0.03 0.03 0.03 0.03 
0.04 0.04 0.04 0.04 0.04 0.04 0.04 0.04 0.04 0.04 0.04 0.04 0.04 0.04 0.04 0.04 0.04 0.04 0.04 0.04 0.04 0.04 0.04 0.04 0.04 0.04 0.04 0.04 0.04 0.04 0.04 0.04 0.04 0.04 0.04 0.04 0.04 0.04 0.04 0.04 0.04 0.04 0.04 0.04 0.04 0.04 0.04 0.04 
0.125 0.125 0.125 0.125 0.125 0.125 0.125 0.125 0.125 0.125 0.125 0.125 0.125 0.125 0.125 0.125 0.125 0.125 0.125 0.125 0.125 0.125 0.125 0.125 0.125 0.125 0.125 0.125 0.125 0.125 0.125 0.125 0.125 0.125 0.125 0.125 0.125 0.125 0.125 0.125 0.125 0.125 0.125 0.125 0.125 0.125 0.125 0.125 
0.25 0.25 0.25 0.25 0.25 0.25 0.25 0.25 0.25 0.25 0.25 0.25 0.25 0.25 0.25 0.25 0.25 0.25 0.25 0.25 0.25 0.25 0.25 0.25 0.25 0.25 0.25 0.25 0.25 0.25 0.25 0.25 0.25 0.25 0.25 0.25 0.25 0.25 0.25 0.25 0.25 0.25 0.25 0.25 0.25 0.25 0.25 0.25 
0.375 0.375 0.375 0.375 0.375 0.375 0.375 0.375 0.375 0.375 0.375 0.375 0.375 0.375 0.375 0.375 0.375 0.375 0.375 0.375 0.375 0.375 0.375 0.375 0.375 0.375 0.375 0.375 0.375 0.375 0.375 0.375 0.375 0.375 0.375 0.375 0.375 0.375 0.375 0.375 0.375 0.375 0.375 0.375 0.375 0.375 0.375 0.375 
0.5 0.5 0.5 0.5 0.5 0.5 0.5 0.5 0.5 0.5 0.5 0.5 0.5 0.5 0.5 0.5 0.5 0.5 0.5 0.5 0.5 0.5 0.5 0.5 0.5 0.5 0.5 0.5 0.5 0.5 0.5 0.5 0.5 0.5 0.5 0.5 0.5 0.5 0.5 0.5 0.5 0.5 0.5 0.5 0.5 0.5 0.5 0.5 
0.625 0.625 0.625 0.625 0.625 0.625 0.625 0.625 0.625 0.625 0.625 0.625 0.625 0.625 0.625 0.625 0.625 0.625 0.625 0.625 0.625 0.625 0.625 0.625 0.625 0.625 0.625 0.625 0.625 0.625 0.625 0.625 0.625 0.625 0.625 0.625 0.625 0.625 0.625 0.625 0.625 0.625 0.625 0.625 0.625 0.625 0.625 0.625 
0.75 0.75 0.75 0.75 0.75 0.75 0.75 0.75 0.75 0.75 0.75 0.75 0.75 0.75 0.75 0.75 0.75 0.75 0.75 0.75 0.75 0.75 0.75 0.75 0.75 0.75 0.75 0.75 0.75 0.75 0.75 0.75 0.75 0.75 0.75 0.75 0.75 0.75 0.75 0.75 0.75 0.75 0.75 0.75 0.75 0.75 0.75 0.75 
0.875 0.875 0.875 0.875 0.875 0.875 0.875 0.875 0.875 0.875 0.875 0.875 0.875 0.875 0.875 0.875 0.875 0.875 0.875 0.875 0.875 0.875 0.875 0.875 0.875 0.875 0.875 0.875 0.875 0.875 0.875 0.875 0.875 0.875 0.875 0.875 0.875 0.875 0.875 0.875 0.875 0.875 0.875 0.875 0.875 0.875 0.875 0.875 
1 1 1 1 1 1 1 1 1 1 1 1 1 1 1 1 1 1 1 1 1 1 1 1 1 1 1 1 1 1 1 1 1 1 1 1 1 1 1 1 1 1 1 1 1 1 1 1 
