12 40 6 10
7 5 8 7 8 4 4 2 9 20 20 3 10 13 11 17 9 17 5 19 14 13 2 16 14 20 9 3 12 11 18 15 13 8 8 5 7 18 7 19 
4.91 6.81 7.75 3.25 4.63 7.22 6.52 1.17 1.86 0.31 4.63 5.44 7.93 6.21 0.8 3.47 2.69 3.09 3.55 3.18 5.84 7.94 0.94 4.05 5.37 3.07 2.42 3.45 6.19 0.29 1.64 7.9 2.99 6.71 2.74 6.66 5.88 4 5.87 2.64 
2.32 3.58 4.26 0.54 7.72 0.75 7.81 3.28 4.61 5.29 1.58 5.03 2.22 0.34 6.46 3.4 6.97 0.09 0.93 7.52 5.83 2.91 7.18 6.51 1.29 0.15 7.06 7.38 1.33 6.82 6.55 2.25 0.79 6.08 7.5 8 5.21 1.95 1.18 5.78 
0.35 1.98 3.9 4.07 7.88 0.04 4.23 7.37 1.8 0.76 2.9 0.89 6.63 4.16 6.9 0.97 0.28 4.81 1.24 7.29 3.53 5.12 5.34 7.32 3.91 7.48 1.85 2.95 5.62 1.31 2.06 0.33 5.26 5.42 2.87 1.05 3.21 3.39 3.34 6.21 
3.16 0.88 1.61 5.01 4.26 6.32 6.45 0.32 5.87 6.72 2.61 1.05 6.75 5.52 5.04 3.55 7.57 7.57 4.91 0.88 2.13 5.71 2.14 2.91 7.71 7.54 4.68 1.31 1.06 7.57 6.79 6.01 0.67 0.15 2.78 0.8 7.83 6.73 6.33 5.5 
1.9 7.32 4.95 2.06 3.65 4.75 6.89 6.35 3.15 5.48 7.55 4.16 5.93 6.34 7.55 5.8 3.95 4.81 3.36 5.68 7.14 4.51 0.68 2.24 2.2 7.46 4.97 4.02 1.69 4.41 6.25 7.58 4.88 3.84 5.09 3.21 2.14 6.69 3.72 7.88 
7.19 0.92 3.2 4.25 0.21 1.75 4.98 5.79 3.8 7.66 1.6 5.17 0.45 2.06 7.18 2.97 3.33 2.74 3.82 5.28 4.32 5.23 3.46 3.9 4.38 6.09 4.23 1.39 3.87 5.22 1.89 4.89 6.27 7.55 0.56 0.89 6.11 3.53 4.69 0.64 
4 4 4 4 4 4 4 4 4 4 4 4 4 4 4 4 4 4 4 4 4 4 4 4 4 4 4 4 4 4 4 4 4 4 4 4 4 4 4 4 
5.13 7.26 4.51 4.89 4.73 2.92 7.71 6.82 3.4 3.48 7.82 0.33 6.89 1.15 2.55 7.39 2.91 2.82 6.46 0.43 2.69 5.8 1.42 3.79 7.67 4.16 1.14 7.09 7.52 5.06 1.79 1.26 4.1 7.63 4.14 5.76 5.51 0.41 5.9 2.55 
4.14 0.47 1.13 7.67 4.12 6.97 0.65 5.06 6.75 5.07 4.98 3.7 0.44 7.58 2.12 4.36 7.9 3.14 3.06 4.66 2.71 3.88 6.38 2.72 0.99 0.05 5.9 6.04 7.18 5.94 3.27 6.74 6.77 1.54 5.93 3.37 2.86 2.76 4.32 6.41 
2.43 6.88 7.62 1.93 4.11 4.04 2.47 7.35 4.99 2.15 3.57 7.05 2.41 5.5 5.61 7.82 0.56 5.37 5.58 7.39 3.17 4.8 7.32 1.25 1.34 3.97 2.13 7.25 1.7 2.59 7.7 3.7 2.27 1.2 2.98 6.38 1.25 5.66 5.09 5.89 
5.01 6.78 7.86 7.33 6.23 0.31 4.7 4.4 5.99 7.94 6.41 5.52 0.56 4.11 7.47 1.57 5.93 0.49 2.05 6.6 3.97 7.01 2.15 5.41 4.51 3.88 6.15 2.51 3.05 3.03 4.12 6.98 3.9 2.16 0.21 1.02 1.88 3.01 0.44 7.43 
2.97 6.2 0.5 2.87 2.19 5.22 1.34 3.2 4.25 0.55 4.3 6.87 1.74 3.86 2.03 3.17 3.03 4.15 4.46 3.14 4.56 2.8 3.77 7.93 5.92 2.68 1.24 4.48 6.09 3.75 1.56 4.04 2.37 3.21 6.01 0.9 5.01 6 4.16 5.55 
1 1 1 1 1 1 1 1 1 1 1 1 1 1 1 1 1 1 1 1 1 1 1 1 1 1 1 1 1 1 1 1 1 1 1 1 1 1 1 1 
1 1 1 1 1 1 1 1 1 1 1 1 1 1 1 1 1 1 1 1 1 1 1 1 1 1 1 1 1 1 1 1 1 1 1 1 1 1 1 1 
1 1 1 1 1 1 1 1 1 1 1 1 1 1 1 1 1 1 1 1 1 1 1 1 1 1 1 1 1 1 1 1 1 1 1 1 1 1 1 1 
1 1 1 1 1 1 1 1 1 1 1 1 1 1 1 1 1 1 1 1 1 1 1 1 1 1 1 1 1 1 1 1 1 1 1 1 1 1 1 1 
1 1 1 1 1 1 1 1 1 1 1 1 1 1 1 1 1 1 1 1 1 1 1 1 1 1 1 1 1 1 1 1 1 1 1 1 1 1 1 1 
1 1 1 1 1 1 1 1 1 1 1 1 1 1 1 1 1 1 1 1 1 1 1 1 1 1 1 1 1 1 1 1 1 1 1 1 1 1 1 1 
1 1 1 1 1 1 1 1 1 1 1 1 1 1 1 1 1 1 1 1 1 1 1 1 1 1 1 1 1 1 1 1 1 1 1 1 1 1 1 1 
1 1 1 1 1 1 1 1 1 1 1 1 1 1 1 1 1 1 1 1 1 1 1 1 1 1 1 1 1 1 1 1 1 1 1 1 1 1 1 1 
1 1 1 1 1 1 1 1 1 1 1 1 1 1 1 1 1 1 1 1 1 1 1 1 1 1 1 1 1 1 1 1 1 1 1 1 1 1 1 1 
1 1 1 1 1 1 1 1 1 1 1 1 1 1 1 1 1 1 1 1 1 1 1 1 1 1 1 1 1 1 1 1 1 1 1 1 1 1 1 1 
1 1 1 1 1 1 1 1 1 1 1 1 1 1 1 1 1 1 1 1 1 1 1 1 1 1 1 1 1 1 1 1 1 1 1 1 1 1 1 1 
1 1 1 1 1 1 1 1 1 1 1 1 1 1 1 1 1 1 1 1 1 1 1 1 1 1 1 1 1 1 1 1 1 1 1 1 1 1 1 1 
0.01 0.01 0.01 0.01 0.01 0.01 0.01 0.01 0.01 0.01 0.01 0.01 0.01 0.01 0.01 0.01 0.01 0.01 0.01 0.01 0.01 0.01 0.01 0.01 0.01 0.01 0.01 0.01 0.01 0.01 0.01 0.01 0.01 0.01 0.01 0.01 0.01 0.01 0.01 0.01 
0.02 0.02 0.02 0.02 0.02 0.02 0.02 0.02 0.02 0.02 0.02 0.02 0.02 0.02 0.02 0.02 0.02 0.02 0.02 0.02 0.02 0.02 0.02 0.02 0.02 0.02 0.02 0.02 0.02 0.02 0.02 0.02 0.02 0.02 0.02 0.02 0.02 0.02 0.02 0.02 
0.03 0.03 0.03 0.03 0.03 0.03 0.03 0.03 0.03 0.03 0.03 0.03 0.03 0.03 0.03 0.03 0.03 0.03 0.03 0.03 0.03 0.03 0.03 0.03 0.03 0.03 0.03 0.03 0.03 0.03 0.03 0.03 0.03 0.03 0.03 0.03 0.03 0.03 0.03 0.03 
0.04 0.04 0.04 0.04 0.04 0.04 0.04 0.04 0.04 0.04 0.04 0.04 0.04 0.04 0.04 0.04 0.04 0.04 0.04 0.04 0.04 0.04 0.04 0.04 0.04 0.04 0.04 0.04 0.04 0.04 0.04 0.04 0.04 0.04 0.04 0.04 0.04 0.04 0.04 0.04 
0.05 0.05 0.05 0.05 0.05 0.05 0.05 0.05 0.05 0.05 0.05 0.05 0.05 0.05 0.05 0.05 0.05 0.05 0.05 0.05 0.05 0.05 0.05 0.05 0.05 0.05 0.05 0.05 0.05 0.05 0.05 0.05 0.05 0.05 0.05 0.05 0.05 0.05 0.05 0.05 
0.06 0.06 0.06 0.06 0.06 0.06 0.06 0.06 0.06 0.06 0.06 0.06 0.06 0.06 0.06 0.06 0.06 0.06 0.06 0.06 0.06 0.06 0.06 0.06 0.06 0.06 0.06 0.06 0.06 0.06 0.06 0.06 0.06 0.06 0.06 0.06 0.06 0.06 0.06 0.06 
0.07 0.07 0.07 0.07 0.07 0.07 0.07 0.07 0.07 0.07 0.07 0.07 0.07 0.07 0.07 0.07 0.07 0.07 0.07 0.07 0.07 0.07 0.07 0.07 0.07 0.07 0.07 0.07 0.07 0.07 0.07 0.07 0.07 0.07 0.07 0.07 0.07 0.07 0.07 0.07 
0.2 0.2 0.2 0.2 0.2 0.2 0.2 0.2 0.2 0.2 0.2 0.2 0.2 0.2 0.2 0.2 0.2 0.2 0.2 0.2 0.2 0.2 0.2 0.2 0.2 0.2 0.2 0.2 0.2 0.2 0.2 0.2 0.2 0.2 0.2 0.2 0.2 0.2 0.2 0.2 
0.4 0.4 0.4 0.4 0.4 0.4 0.4 0.4 0.4 0.4 0.4 0.4 0.4 0.4 0.4 0.4 0.4 0.4 0.4 0.4 0.4 0.4 0.4 0.4 0.4 0.4 0.4 0.4 0.4 0.4 0.4 0.4 0.4 0.4 0.4 0.4 0.4 0.4 0.4 0.4 
0.6 0.6 0.6 0.6 0.6 0.6 0.6 0.6 0.6 0.6 0.6 0.6 0.6 0.6 0.6 0.6 0.6 0.6 0.6 0.6 0.6 0.6 0.6 0.6 0.6 0.6 0.6 0.6 0.6 0.6 0.6 0.6 0.6 0.6 0.6 0.6 0.6 0.6 0.6 0.6 
0.8 0.8 0.8 0.8 0.8 0.8 0.8 0.8 0.8 0.8 0.8 0.8 0.8 0.8 0.8 0.8 0.8 0.8 0.8 0.8 0.8 0.8 0.8 0.8 0.8 0.8 0.8 0.8 0.8 0.8 0.8 0.8 0.8 0.8 0.8 0.8 0.8 0.8 0.8 0.8 
1 1 1 1 1 1 1 1 1 1 1 1 1 1 1 1 1 1 1 1 1 1 1 1 1 1 1 1 1 1 1 1 1 1 1 1 1 1 1 1 
