12 40 9 10
4 15 12 10 17 17 9 14 8 18 12 5 11 4 20 17 13 3 7 13 17 9 18 1 7 7 18 18 18 13 3 4 11 11 7 5 12 6 5 9 
4.95 2.12 0.01 0.84 6.45 1.35 0.29 0.21 4.35 1.04 0.49 0.03 2.02 2.8 2.65 1.88 4.52 6.01 0.27 0.96 0.9 4.28 6.56 4.17 2.35 5.89 7.58 5.65 5.39 5.3 0.12 0.53 0.97 2.44 7.6 2.6 0.71 4.05 5.47 0.83 
4.15 7.31 6.52 2.61 5.94 7.95 6.79 3.81 0.73 7.69 6.19 7.4 0.67 1.15 6.26 0.69 7.97 7.86 3.72 3.29 6.74 3.35 4.01 1.08 2.31 2.09 2.66 4.68 1.16 6.33 5.1 0.83 2.01 7.52 7.8 1.13 5.65 1.24 1.26 5.4 
4.26 7.44 2.61 1.38 4.45 0.65 6.84 5.59 3.93 6.97 5.58 0.34 3.17 6.72 0.13 4.56 5.21 1.1 7.35 0.27 4.44 7.27 0.8 4.74 0.85 5.61 4.66 6.13 5.13 2.29 2.35 4.43 7.67 1.03 7.92 2 3.62 3.07 6.74 6.52 
5.75 7.87 6.53 4.6 0.89 1.63 2.82 2.9 4.74 3.34 7.02 1.06 2.36 4.09 6.36 5.4 1.7 2.16 6.64 4.14 4.8 5.64 0.49 3.7 8 3.1 1.07 1.08 5.8 1.53 0.27 7.07 0.79 4.12 1.47 7.86 0.84 2.77 7.34 7.01 
3.73 6.55 6.91 2.31 7.19 4.99 2.22 1.85 1.17 7.71 0.54 0.73 6.93 3.35 5.19 0.31 4.72 0.84 0.35 7.85 5.65 3.49 0.83 6.74 5.9 1.8 2.42 4.51 5.42 7.99 5.36 6.72 7.08 4.53 4.55 0.85 5.52 6.3 0.41 3.21 
7.73 6.84 2.02 1.86 2.35 7.93 0.32 2.07 7.67 2.59 1.82 5.31 3.82 1.59 1.73 0.18 7.13 1.79 7.25 6.74 1.4 6.72 5.05 6.05 2.45 6.61 4.97 2.55 6.83 2.41 0.4 4.23 1.91 1.73 7.21 7.11 4.1 7.69 0.17 2.85 
3.81 4.34 0.35 2.75 4.03 3.19 7.72 6.83 7.79 1.88 7.08 3.03 5.91 1.56 2.36 7.44 1.24 1.65 5.26 5.71 3 0.53 2.73 0.87 6.84 7.44 0.3 2.15 7.34 6.95 0.17 4.81 5.03 7.17 6.13 5.07 7.33 2.96 3.39 2.29 
7.21 6.95 3.63 3.34 5.35 5.36 2.55 6.87 1.65 0.02 1.62 4.8 3.23 5.03 5.65 5.74 1.71 7.37 1.82 2.83 3.67 5.99 2.2 1.9 2.31 5.4 7.78 0.15 4.19 6.65 6.04 1.42 4.02 5.15 6.79 0.66 4.89 1.79 7.28 4.44 
5.24 2.35 5.91 3.59 6.56 3.67 6.32 4.04 0.77 3.88 2.44 3.3 4.26 2.33 4.43 6.78 6.56 4.27 1.26 1.64 5.22 5.36 3.48 1.03 2.29 0.08 0.74 0.19 3.01 7.29 6.98 7.6 0.75 4.58 1.09 7.93 2.52 6.89 3.84 3.36 
4 4 4 4 4 4 4 4 4 4 4 4 4 4 4 4 4 4 4 4 4 4 4 4 4 4 4 4 4 4 4 4 4 4 4 4 4 4 4 4 
1.86 6.58 2.06 7.48 0.94 4.42 5.14 3.92 3.01 5.25 7.14 4.85 2.76 6.58 0.67 4.24 0.25 6.8 1.48 2.93 7.03 6.46 4.7 3.85 7.78 3.67 2.77 1.75 6.58 2.68 0.2 7.86 2.57 3.05 2.8 4.44 7.34 2.6 3.72 4.75 
0.35 0.54 3.09 4.14 7.75 3.47 3.12 7.18 2.7 4.32 4.09 2.52 2.25 2.52 2.57 2.09 7.42 1.21 7.16 5.47 7.03 7.04 7.32 2.92 1.58 5.62 2.14 3.75 5.21 4.43 4.06 5.47 4.91 4 3.62 3.13 6.27 1.38 4.88 5.81 
1 1 1 1 1 1 1 1 1 1 1 1 1 1 1 1 1 1 1 1 1 1 1 1 1 1 1 1 1 1 1 1 1 1 1 1 1 1 1 1 
1 1 1 1 1 1 1 1 1 1 1 1 1 1 1 1 1 1 1 1 1 1 1 1 1 1 1 1 1 1 1 1 1 1 1 1 1 1 1 1 
1 1 1 1 1 1 1 1 1 1 1 1 1 1 1 1 1 1 1 1 1 1 1 1 1 1 1 1 1 1 1 1 1 1 1 1 1 1 1 1 
1 1 1 1 1 1 1 1 1 1 1 1 1 1 1 1 1 1 1 1 1 1 1 1 1 1 1 1 1 1 1 1 1 1 1 1 1 1 1 1 
1 1 1 1 1 1 1 1 1 1 1 1 1 1 1 1 1 1 1 1 1 1 1 1 1 1 1 1 1 1 1 1 1 1 1 1 1 1 1 1 
1 1 1 1 1 1 1 1 1 1 1 1 1 1 1 1 1 1 1 1 1 1 1 1 1 1 1 1 1 1 1 1 1 1 1 1 1 1 1 1 
1 1 1 1 1 1 1 1 1 1 1 1 1 1 1 1 1 1 1 1 1 1 1 1 1 1 1 1 1 1 1 1 1 1 1 1 1 1 1 1 
1 1 1 1 1 1 1 1 1 1 1 1 1 1 1 1 1 1 1 1 1 1 1 1 1 1 1 1 1 1 1 1 1 1 1 1 1 1 1 1 
1 1 1 1 1 1 1 1 1 1 1 1 1 1 1 1 1 1 1 1 1 1 1 1 1 1 1 1 1 1 1 1 1 1 1 1 1 1 1 1 
1 1 1 1 1 1 1 1 1 1 1 1 1 1 1 1 1 1 1 1 1 1 1 1 1 1 1 1 1 1 1 1 1 1 1 1 1 1 1 1 
1 1 1 1 1 1 1 1 1 1 1 1 1 1 1 1 1 1 1 1 1 1 1 1 1 1 1 1 1 1 1 1 1 1 1 1 1 1 1 1 
1 1 1 1 1 1 1 1 1 1 1 1 1 1 1 1 1 1 1 1 1 1 1 1 1 1 1 1 1 1 1 1 1 1 1 1 1 1 1 1 
0.01 0.01 0.01 0.01 0.01 0.01 0.01 0.01 0.01 0.01 0.01 0.01 0.01 0.01 0.01 0.01 0.01 0.01 0.01 0.01 0.01 0.01 0.01 0.01 0.01 0.01 0.01 0.01 0.01 0.01 0.01 0.01 0.01 0.01 0.01 0.01 0.01 0.01 0.01 0.01 
0.02 0.02 0.02 0.02 0.02 0.02 0.02 0.02 0.02 0.02 0.02 0.02 0.02 0.02 0.02 0.02 0.02 0.02 0.02 0.02 0.02 0.02 0.02 0.02 0.02 0.02 0.02 0.02 0.02 0.02 0.02 0.02 0.02 0.02 0.02 0.02 0.02 0.02 0.02 0.02 
0.03 0.03 0.03 0.03 0.03 0.03 0.03 0.03 0.03 0.03 0.03 0.03 0.03 0.03 0.03 0.03 0.03 0.03 0.03 0.03 0.03 0.03 0.03 0.03 0.03 0.03 0.03 0.03 0.03 0.03 0.03 0.03 0.03 0.03 0.03 0.03 0.03 0.03 0.03 0.03 
0.04 0.04 0.04 0.04 0.04 0.04 0.04 0.04 0.04 0.04 0.04 0.04 0.04 0.04 0.04 0.04 0.04 0.04 0.04 0.04 0.04 0.04 0.04 0.04 0.04 0.04 0.04 0.04 0.04 0.04 0.04 0.04 0.04 0.04 0.04 0.04 0.04 0.04 0.04 0.04 
0.05 0.05 0.05 0.05 0.05 0.05 0.05 0.05 0.05 0.05 0.05 0.05 0.05 0.05 0.05 0.05 0.05 0.05 0.05 0.05 0.05 0.05 0.05 0.05 0.05 0.05 0.05 0.05 0.05 0.05 0.05 0.05 0.05 0.05 0.05 0.05 0.05 0.05 0.05 0.05 
0.06 0.06 0.06 0.06 0.06 0.06 0.06 0.06 0.06 0.06 0.06 0.06 0.06 0.06 0.06 0.06 0.06 0.06 0.06 0.06 0.06 0.06 0.06 0.06 0.06 0.06 0.06 0.06 0.06 0.06 0.06 0.06 0.06 0.06 0.06 0.06 0.06 0.06 0.06 0.06 
0.07 0.07 0.07 0.07 0.07 0.07 0.07 0.07 0.07 0.07 0.07 0.07 0.07 0.07 0.07 0.07 0.07 0.07 0.07 0.07 0.07 0.07 0.07 0.07 0.07 0.07 0.07 0.07 0.07 0.07 0.07 0.07 0.07 0.07 0.07 0.07 0.07 0.07 0.07 0.07 
0.08 0.08 0.08 0.08 0.08 0.08 0.08 0.08 0.08 0.08 0.08 0.08 0.08 0.08 0.08 0.08 0.08 0.08 0.08 0.08 0.08 0.08 0.08 0.08 0.08 0.08 0.08 0.08 0.08 0.08 0.08 0.08 0.08 0.08 0.08 0.08 0.08 0.08 0.08 0.08 
0.09 0.09 0.09 0.09 0.09 0.09 0.09 0.09 0.09 0.09 0.09 0.09 0.09 0.09 0.09 0.09 0.09 0.09 0.09 0.09 0.09 0.09 0.09 0.09 0.09 0.09 0.09 0.09 0.09 0.09 0.09 0.09 0.09 0.09 0.09 0.09 0.09 0.09 0.09 0.09 
0.1 0.1 0.1 0.1 0.1 0.1 0.1 0.1 0.1 0.1 0.1 0.1 0.1 0.1 0.1 0.1 0.1 0.1 0.1 0.1 0.1 0.1 0.1 0.1 0.1 0.1 0.1 0.1 0.1 0.1 0.1 0.1 0.1 0.1 0.1 0.1 0.1 0.1 0.1 0.1 
0.5 0.5 0.5 0.5 0.5 0.5 0.5 0.5 0.5 0.5 0.5 0.5 0.5 0.5 0.5 0.5 0.5 0.5 0.5 0.5 0.5 0.5 0.5 0.5 0.5 0.5 0.5 0.5 0.5 0.5 0.5 0.5 0.5 0.5 0.5 0.5 0.5 0.5 0.5 0.5 
1 1 1 1 1 1 1 1 1 1 1 1 1 1 1 1 1 1 1 1 1 1 1 1 1 1 1 1 1 1 1 1 1 1 1 1 1 1 1 1 
