6 24 2 10
17 19 3 19 3 18 15 4 5 5 12 17 15 15 5 1 16 10 4 20 4 8 18 6 
0.14 7.11 7.18 7.86 4.66 2.1 6.08 7.31 1.71 1.52 1.39 6.08 1.65 0.72 4.2 1.3 3.83 6.2 6.91 3.69 3.21 2.23 2.63 6.59 
4.39 5.07 6.43 1.46 4.01 6.89 5.31 2.79 7.63 5.31 2.16 1.76 5.5 1.13 4.36 0.1 3.56 1.52 5.01 2.32 2.04 5.45 5.64 5.4 
4 4 4 4 4 4 4 4 4 4 4 4 4 4 4 4 4 4 4 4 4 4 4 4 
7.68 0.14 7.36 7.87 2.23 7.91 3.52 7.41 7.76 0.12 6.15 4.57 1.49 2.01 5.42 7.62 5.33 6.34 3.45 4.64 3.36 0.78 7.24 6.54 
4.31 7.33 2.22 4.01 3.66 1.47 3.14 3.85 7.44 3.01 0.19 2.29 6.39 5.84 5.97 5.4 7.53 0.75 1.75 3.22 7.36 6.99 4.59 5.12 
0.66 7.44 4.78 1.09 5.97 2.6 4.02 7.4 7.85 3.92 3.32 2.88 1.81 5.66 4.86 4.46 2.56 0.76 3.06 7.34 1.28 0.31 6.6 3.67 
1 1 1 1 1 1 1 1 1 1 1 1 1 1 1 1 1 1 1 1 1 1 1 1 
1 1 1 1 1 1 1 1 1 1 1 1 1 1 1 1 1 1 1 1 1 1 1 1 
1 1 1 1 1 1 1 1 1 1 1 1 1 1 1 1 1 1 1 1 1 1 1 1 
1 1 1 1 1 1 1 1 1 1 1 1 1 1 1 1 1 1 1 1 1 1 1 1 
1 1 1 1 1 1 1 1 1 1 1 1 1 1 1 1 1 1 1 1 1 1 1 1 
1 1 1 1 1 1 1 1 1 1 1 1 1 1 1 1 1 1 1 1 1 1 1 1 
0.01 0.01 0.01 0.01 0.01 0.01 0.01 0.01 0.01 0.01 0.01 0.01 0.01 0.01 0.01 0.01 0.01 0.01 0.01 0.01 0.01 0.01 0.01 0.01 
0.02 0.02 0.02 0.02 0.02 0.02 0.02 0.02 0.02 0.02 0.02 0.02 0.02 0.02 0.02 0.02 0.02 0.02 0.02 0.02 0.02 0.02 0.02 0.02 
0.03 0.03 0.03 0.03 0.03 0.03 0.03 0.03 0.03 0.03 0.03 0.03 0.03 0.03 0.03 0.03 0.03 0.03 0.03 0.03 0.03 0.03 0.03 0.03 
0.333333 0.333333 0.333333 0.333333 0.333333 0.333333 0.333333 0.333333 0.333333 0.333333 0.333333 0.333333 0.333333 0.333333 0.333333 0.333333 0.333333 0.333333 0.333333 0.333333 0.333333 0.333333 0.333333 0.333333 
0.666667 0.666667 0.666667 0.666667 0.666667 0.666667 0.666667 0.666667 0.666667 0.666667 0.666667 0.666667 0.666667 0.666667 0.666667 0.666667 0.666667 0.666667 0.666667 0.666667 0.666667 0.666667 0.666667 0.666667 
1 1 1 1 1 1 1 1 1 1 1 1 1 1 1 1 1 1 1 1 1 1 1 1 
