6 24 2 10
14 17 18 15 4 10 19 18 2 18 3 16 5 3 14 13 11 10 5 2 5 10 12 20 
3 1.72 1.16 4.5 6.85 2.8 6.57 6.64 3.45 1.03 7.11 5.63 5.49 0.51 0.28 0.58 6.47 7.07 4.81 0.39 5.15 1.89 3.86 3.26 
4.89 4.75 7.98 2.33 1.66 4.4 0.16 3.51 5.26 2.71 0.35 4.75 3.93 0.01 2.29 6.52 1.39 0.3 1.83 4.42 1.16 2.75 4.77 2.63 
4 4 4 4 4 4 4 4 4 4 4 4 4 4 4 4 4 4 4 4 4 4 4 4 
2.47 5.92 4.18 7.52 6.29 4.06 3.17 1.18 7.75 2.54 5.57 3.91 7.56 1.24 4.79 1.64 2.19 3.34 2.75 7.79 5.17 1.14 5.59 6.35 
4 1.93 7.35 6.75 3.08 6.59 6.61 5.23 6.22 5.12 6.33 5.67 0.45 5.88 7.83 0.39 5.74 6.15 2.91 0.92 7.35 2.1 4.55 1.21 
7.49 6.27 7.87 7.48 2.95 0.63 2.68 7.78 7.96 0.63 7.39 5.62 6.8 0.77 1.74 2.24 4.87 1.35 6.66 0.1 7.61 7.57 3.27 5.17 
1 1 1 1 1 1 1 1 1 1 1 1 1 1 1 1 1 1 1 1 1 1 1 1 
1 1 1 1 1 1 1 1 1 1 1 1 1 1 1 1 1 1 1 1 1 1 1 1 
1 1 1 1 1 1 1 1 1 1 1 1 1 1 1 1 1 1 1 1 1 1 1 1 
1 1 1 1 1 1 1 1 1 1 1 1 1 1 1 1 1 1 1 1 1 1 1 1 
1 1 1 1 1 1 1 1 1 1 1 1 1 1 1 1 1 1 1 1 1 1 1 1 
1 1 1 1 1 1 1 1 1 1 1 1 1 1 1 1 1 1 1 1 1 1 1 1 
0.01 0.01 0.01 0.01 0.01 0.01 0.01 0.01 0.01 0.01 0.01 0.01 0.01 0.01 0.01 0.01 0.01 0.01 0.01 0.01 0.01 0.01 0.01 0.01 
0.02 0.02 0.02 0.02 0.02 0.02 0.02 0.02 0.02 0.02 0.02 0.02 0.02 0.02 0.02 0.02 0.02 0.02 0.02 0.02 0.02 0.02 0.02 0.02 
0.03 0.03 0.03 0.03 0.03 0.03 0.03 0.03 0.03 0.03 0.03 0.03 0.03 0.03 0.03 0.03 0.03 0.03 0.03 0.03 0.03 0.03 0.03 0.03 
0.333333 0.333333 0.333333 0.333333 0.333333 0.333333 0.333333 0.333333 0.333333 0.333333 0.333333 0.333333 0.333333 0.333333 0.333333 0.333333 0.333333 0.333333 0.333333 0.333333 0.333333 0.333333 0.333333 0.333333 
0.666667 0.666667 0.666667 0.666667 0.666667 0.666667 0.666667 0.666667 0.666667 0.666667 0.666667 0.666667 0.666667 0.666667 0.666667 0.666667 0.666667 0.666667 0.666667 0.666667 0.666667 0.666667 0.666667 0.666667 
1 1 1 1 1 1 1 1 1 1 1 1 1 1 1 1 1 1 1 1 1 1 1 1 
