6 32 2 10
13 5 13 3 14 20 19 8 6 3 15 10 5 5 8 3 6 2 8 2 9 7 18 5 10 11 15 18 3 2 17 10 
5.96 4.78 6.37 6.34 7.18 3.65 1.94 7.21 2.05 5.08 1.24 3.54 0.77 7.92 1.63 0.91 5.84 2.76 2.13 0.51 2.04 2.92 2.34 1.48 3.78 0.41 7.14 3.14 7.28 3.16 6.44 3.99 
1.95 2.28 0.09 7.11 0.85 7.8 6.89 3.3 2.75 1.71 2.49 0.12 1.57 7.51 2.72 4.86 1.2 3.84 3.77 5.96 5.27 3.69 1.91 1.02 4.87 5.56 5.1 7.71 6.78 2.42 1.71 2.93 
4 4 4 4 4 4 4 4 4 4 4 4 4 4 4 4 4 4 4 4 4 4 4 4 4 4 4 4 4 4 4 4 
5.86 7.57 3.77 0.3 7.2 0.81 5.9 2.4 4.66 4.82 5 1.3 0.89 7.43 4.39 2.38 7.89 4.98 2.06 3.47 1.29 4.46 7.41 6.79 7.8 5.23 5.81 6.35 1.64 1.63 3.38 6.05 
3.81 2.09 6.02 7.38 4.99 4.71 7.38 6.31 5.29 7.9 0.79 1 3.65 6.54 7.84 7.69 7.88 5.84 3.76 7.02 3.63 3.96 0.79 1.83 1.14 1.68 2.29 7.61 2.7 2.97 4.09 3.59 
3.62 5.23 1.49 0.87 4.74 6.51 5.99 6.46 5.9 7.03 3.01 4.55 0.51 7.16 4.74 6.03 0.56 6.8 0.72 1.76 6.33 4.26 3.79 1.93 1.95 5.84 6.26 2.86 5.35 0.23 1.52 5.78 
1 1 1 1 1 1 1 1 1 1 1 1 1 1 1 1 1 1 1 1 1 1 1 1 1 1 1 1 1 1 1 1 
1 1 1 1 1 1 1 1 1 1 1 1 1 1 1 1 1 1 1 1 1 1 1 1 1 1 1 1 1 1 1 1 
1 1 1 1 1 1 1 1 1 1 1 1 1 1 1 1 1 1 1 1 1 1 1 1 1 1 1 1 1 1 1 1 
1 1 1 1 1 1 1 1 1 1 1 1 1 1 1 1 1 1 1 1 1 1 1 1 1 1 1 1 1 1 1 1 
1 1 1 1 1 1 1 1 1 1 1 1 1 1 1 1 1 1 1 1 1 1 1 1 1 1 1 1 1 1 1 1 
1 1 1 1 1 1 1 1 1 1 1 1 1 1 1 1 1 1 1 1 1 1 1 1 1 1 1 1 1 1 1 1 
0.01 0.01 0.01 0.01 0.01 0.01 0.01 0.01 0.01 0.01 0.01 0.01 0.01 0.01 0.01 0.01 0.01 0.01 0.01 0.01 0.01 0.01 0.01 0.01 0.01 0.01 0.01 0.01 0.01 0.01 0.01 0.01 
0.02 0.02 0.02 0.02 0.02 0.02 0.02 0.02 0.02 0.02 0.02 0.02 0.02 0.02 0.02 0.02 0.02 0.02 0.02 0.02 0.02 0.02 0.02 0.02 0.02 0.02 0.02 0.02 0.02 0.02 0.02 0.02 
0.03 0.03 0.03 0.03 0.03 0.03 0.03 0.03 0.03 0.03 0.03 0.03 0.03 0.03 0.03 0.03 0.03 0.03 0.03 0.03 0.03 0.03 0.03 0.03 0.03 0.03 0.03 0.03 0.03 0.03 0.03 0.03 
0.333333 0.333333 0.333333 0.333333 0.333333 0.333333 0.333333 0.333333 0.333333 0.333333 0.333333 0.333333 0.333333 0.333333 0.333333 0.333333 0.333333 0.333333 0.333333 0.333333 0.333333 0.333333 0.333333 0.333333 0.333333 0.333333 0.333333 0.333333 0.333333 0.333333 0.333333 0.333333 
0.666667 0.666667 0.666667 0.666667 0.666667 0.666667 0.666667 0.666667 0.666667 0.666667 0.666667 0.666667 0.666667 0.666667 0.666667 0.666667 0.666667 0.666667 0.666667 0.666667 0.666667 0.666667 0.666667 0.666667 0.666667 0.666667 0.666667 0.666667 0.666667 0.666667 0.666667 0.666667 
1 1 1 1 1 1 1 1 1 1 1 1 1 1 1 1 1 1 1 1 1 1 1 1 1 1 1 1 1 1 1 1 
