12 24 3 10
15 4 10 11 15 16 5 14 5 14 19 1 14 10 1 4 20 20 11 2 3 7 10 6 
6.12 7.82 6.14 0.74 6.89 2.26 4.88 5.66 3.35 0.33 5.43 3.68 4.13 3.85 5.07 5.13 7.87 7.54 3.32 7.7 7.9 0.45 2.09 2.41 
5 1.08 4.29 6.27 3.5 4.95 7.9 4.43 3.2 6.85 5.74 4.1 5.94 6.97 0.6 3.61 2.87 3.03 1.66 6.46 2.74 3.99 2.25 1.96 
4.88 6.23 3.62 3.26 3.5 6.86 7.75 6.51 5.96 4.72 2.83 7.24 0.93 7.24 2.34 4.51 1.17 4.9 7.03 2.54 1.29 3.26 1.83 5.99 
4 4 4 4 4 4 4 4 4 4 4 4 4 4 4 4 4 4 4 4 4 4 4 4 
2.16 3.21 4.68 2.35 5.14 3.6 3.37 4.31 3.49 4.89 3.7 2.13 4.25 5.59 6.31 3.6 3.72 7.8 7.39 5.85 2.77 7.23 5.38 5.28 
5.66 1.03 2.11 2.91 2.49 1.41 7.83 3.88 6.41 6.8 4.77 7.36 7.21 1.57 1.79 3.38 3.22 6.18 2.46 7.21 2.63 0.89 7.33 4.22 
5.52 0.68 0.05 7.77 7.1 4.59 0.75 7.05 6.54 4.56 4.96 3.67 1.85 7.03 0.6 1.4 7.85 3.56 2.04 4.84 1.07 4.74 7.67 1.79 
4.02 5.66 4.01 0.97 5.31 7.58 3.94 5.66 2.51 6.78 1.45 1.68 5.96 4.28 5.56 6.47 2.17 0.13 1.01 3.07 1.58 3.36 6.16 7.45 
4.14 5.18 1.43 3.72 2.06 1.04 4.84 1.18 3.05 4.47 1.67 2.75 3.05 1.47 1.7 6.97 3.98 2.58 6.75 3.44 6.22 5.6 2.81 6.06 
5.02 7.36 5.03 0.33 2.68 3.65 0.4 5.26 1.12 5.84 2.99 4.12 0.42 2.8 5.19 5.41 6.77 6.95 4.08 3.52 6.7 4.58 2.53 7.75 
6.2 3.15 5.97 6.59 5.44 4.46 5.77 7.42 3.49 1.57 6.04 3.5 7.1 7.24 4.35 3.16 6.44 1.79 7.2 1.66 6.25 5.8 5.62 5.84 
0.2 7.62 3.4 6.73 0.11 6.62 7.75 2.4 2.33 3.07 6.04 6.21 7.26 0.18 5.17 4.7 2.6 3.24 5.3 1.65 4.45 6.41 5.82 7.15 
1 1 1 1 1 1 1 1 1 1 1 1 1 1 1 1 1 1 1 1 1 1 1 1 
1 1 1 1 1 1 1 1 1 1 1 1 1 1 1 1 1 1 1 1 1 1 1 1 
1 1 1 1 1 1 1 1 1 1 1 1 1 1 1 1 1 1 1 1 1 1 1 1 
1 1 1 1 1 1 1 1 1 1 1 1 1 1 1 1 1 1 1 1 1 1 1 1 
1 1 1 1 1 1 1 1 1 1 1 1 1 1 1 1 1 1 1 1 1 1 1 1 
1 1 1 1 1 1 1 1 1 1 1 1 1 1 1 1 1 1 1 1 1 1 1 1 
1 1 1 1 1 1 1 1 1 1 1 1 1 1 1 1 1 1 1 1 1 1 1 1 
1 1 1 1 1 1 1 1 1 1 1 1 1 1 1 1 1 1 1 1 1 1 1 1 
1 1 1 1 1 1 1 1 1 1 1 1 1 1 1 1 1 1 1 1 1 1 1 1 
1 1 1 1 1 1 1 1 1 1 1 1 1 1 1 1 1 1 1 1 1 1 1 1 
1 1 1 1 1 1 1 1 1 1 1 1 1 1 1 1 1 1 1 1 1 1 1 1 
1 1 1 1 1 1 1 1 1 1 1 1 1 1 1 1 1 1 1 1 1 1 1 1 
0.01 0.01 0.01 0.01 0.01 0.01 0.01 0.01 0.01 0.01 0.01 0.01 0.01 0.01 0.01 0.01 0.01 0.01 0.01 0.01 0.01 0.01 0.01 0.01 
0.02 0.02 0.02 0.02 0.02 0.02 0.02 0.02 0.02 0.02 0.02 0.02 0.02 0.02 0.02 0.02 0.02 0.02 0.02 0.02 0.02 0.02 0.02 0.02 
0.03 0.03 0.03 0.03 0.03 0.03 0.03 0.03 0.03 0.03 0.03 0.03 0.03 0.03 0.03 0.03 0.03 0.03 0.03 0.03 0.03 0.03 0.03 0.03 
0.04 0.04 0.04 0.04 0.04 0.04 0.04 0.04 0.04 0.04 0.04 0.04 0.04 0.04 0.04 0.04 0.04 0.04 0.04 0.04 0.04 0.04 0.04 0.04 
0.125 0.125 0.125 0.125 0.125 0.125 0.125 0.125 0.125 0.125 0.125 0.125 0.125 0.125 0.125 0.125 0.125 0.125 0.125 0.125 0.125 0.125 0.125 0.125 
0.25 0.25 0.25 0.25 0.25 0.25 0.25 0.25 0.25 0.25 0.25 0.25 0.25 0.25 0.25 0.25 0.25 0.25 0.25 0.25 0.25 0.25 0.25 0.25 
0.375 0.375 0.375 0.375 0.375 0.375 0.375 0.375 0.375 0.375 0.375 0.375 0.375 0.375 0.375 0.375 0.375 0.375 0.375 0.375 0.375 0.375 0.375 0.375 
0.5 0.5 0.5 0.5 0.5 0.5 0.5 0.5 0.5 0.5 0.5 0.5 0.5 0.5 0.5 0.5 0.5 0.5 0.5 0.5 0.5 0.5 0.5 0.5 
0.625 0.625 0.625 0.625 0.625 0.625 0.625 0.625 0.625 0.625 0.625 0.625 0.625 0.625 0.625 0.625 0.625 0.625 0.625 0.625 0.625 0.625 0.625 0.625 
0.75 0.75 0.75 0.75 0.75 0.75 0.75 0.75 0.75 0.75 0.75 0.75 0.75 0.75 0.75 0.75 0.75 0.75 0.75 0.75 0.75 0.75 0.75 0.75 
0.875 0.875 0.875 0.875 0.875 0.875 0.875 0.875 0.875 0.875 0.875 0.875 0.875 0.875 0.875 0.875 0.875 0.875 0.875 0.875 0.875 0.875 0.875 0.875 
1 1 1 1 1 1 1 1 1 1 1 1 1 1 1 1 1 1 1 1 1 1 1 1 
