6 24 4 10
2 11 1 13 16 15 8 10 1 10 1 14 11 10 5 8 4 2 16 12 5 3 2 20 
3.84 3.69 4.33 6.14 2.88 6.71 1.75 0.11 4.02 5.84 0.24 5.52 4.71 6.55 2.37 4.13 6.15 0.17 2.65 2.07 2.25 5.79 0.29 6.76 
1.77 6.35 7.82 2.24 5.29 7.05 7.28 7.77 7.43 7.61 1.27 6.96 4.35 1.86 3.45 7.65 6.66 0.33 4.96 2.13 6.53 6.05 6.33 4.29 
6.88 0.72 7.25 5.81 2.88 7.54 3.06 1.9 6.19 1.72 7.6 4.82 1.18 0.24 2.71 7.3 6.41 3.85 4.41 7.87 7.72 0.45 0.7 1.11 
0.59 5.17 6.86 0.92 2.59 3.24 0.85 7.44 4.8 2.71 3.76 6.01 2.27 0.01 7.7 4.65 5.15 7.2 2.3 1.81 0.58 0.11 0 0.8 
4 4 4 4 4 4 4 4 4 4 4 4 4 4 4 4 4 4 4 4 4 4 4 4 
4.84 1.47 2.09 0.19 5.05 1.63 6.29 5.32 5.94 7.35 5.61 5.11 4.71 3.88 7.29 6.69 5.14 6.88 1.37 2.74 5.47 6.81 5.23 5.12 
1 1 1 1 1 1 1 1 1 1 1 1 1 1 1 1 1 1 1 1 1 1 1 1 
1 1 1 1 1 1 1 1 1 1 1 1 1 1 1 1 1 1 1 1 1 1 1 1 
1 1 1 1 1 1 1 1 1 1 1 1 1 1 1 1 1 1 1 1 1 1 1 1 
1 1 1 1 1 1 1 1 1 1 1 1 1 1 1 1 1 1 1 1 1 1 1 1 
1 1 1 1 1 1 1 1 1 1 1 1 1 1 1 1 1 1 1 1 1 1 1 1 
1 1 1 1 1 1 1 1 1 1 1 1 1 1 1 1 1 1 1 1 1 1 1 1 
0.01 0.01 0.01 0.01 0.01 0.01 0.01 0.01 0.01 0.01 0.01 0.01 0.01 0.01 0.01 0.01 0.01 0.01 0.01 0.01 0.01 0.01 0.01 0.01 
0.02 0.02 0.02 0.02 0.02 0.02 0.02 0.02 0.02 0.02 0.02 0.02 0.02 0.02 0.02 0.02 0.02 0.02 0.02 0.02 0.02 0.02 0.02 0.02 
0.03 0.03 0.03 0.03 0.03 0.03 0.03 0.03 0.03 0.03 0.03 0.03 0.03 0.03 0.03 0.03 0.03 0.03 0.03 0.03 0.03 0.03 0.03 0.03 
0.04 0.04 0.04 0.04 0.04 0.04 0.04 0.04 0.04 0.04 0.04 0.04 0.04 0.04 0.04 0.04 0.04 0.04 0.04 0.04 0.04 0.04 0.04 0.04 
0.05 0.05 0.05 0.05 0.05 0.05 0.05 0.05 0.05 0.05 0.05 0.05 0.05 0.05 0.05 0.05 0.05 0.05 0.05 0.05 0.05 0.05 0.05 0.05 
1 1 1 1 1 1 1 1 1 1 1 1 1 1 1 1 1 1 1 1 1 1 1 1 
