12 48 6 10
18 16 17 9 15 8 6 20 17 6 17 7 1 13 16 8 14 4 2 8 15 2 19 1 15 13 5 18 1 3 8 12 14 17 5 19 12 8 10 4 12 16 9 5 4 12 2 14 
4.19 1.53 5.48 0.29 7.63 6.93 1.62 7.53 7.12 7.17 7.87 4.43 5.84 0.46 6.31 7.73 5.2 4.95 5.79 3.66 1.75 6.59 4.39 0.28 4.44 5.86 2.9 6.12 5.52 4.16 7.06 2.18 7.26 3.03 5.63 7.25 0.04 4.69 2.28 3.08 3.65 1.25 1.99 1.97 0.44 6.07 2.36 7.56 
1.95 2.5 4.74 3.55 5.89 6.88 7.97 1.44 6.75 5.91 6.67 3.42 6.36 7.86 3.13 3.05 2.82 4.43 3.71 7.83 6.61 4.65 6.86 6.12 7.38 6.46 3.01 2.95 7.07 3.88 3.34 2.8 4.39 7.13 0.14 3.64 2.35 1.6 4.44 5.51 1.54 5.05 6.67 3.88 2.16 5.62 7.35 7.4 
0.6 6.1 2 1.44 2.01 5.45 2.56 1.31 3.53 7.77 1.67 1.81 1.37 6.15 7.57 4.97 5.25 6.18 4.33 0.2 5.7 4.52 4.33 7.32 0.01 7.79 1.64 6.35 1.94 0.57 4.64 5.91 1.69 0.99 4.28 2.88 4.71 2.74 4.24 1.22 5.45 2.6 1.5 6.61 0.38 5.92 0.42 1.94 
5.35 3.49 5.22 1.12 2.16 7.22 1.39 2.42 1.68 1.96 7.71 7.92 5.54 2.25 1.8 5.17 5.65 7.41 4.78 0.06 2.93 2.16 6.47 4.28 3.53 5.27 2.83 1.06 5.58 0.25 2.39 4.34 6.03 7.51 0.52 4.46 7.16 7.9 1.75 5.79 6.43 5.53 0.17 7.58 3.06 7.51 0.57 2.93 
4.06 2.08 1.96 3.69 3.82 1.31 5.96 2.98 2.81 3.09 6.78 2.13 3.52 2.73 3.95 6.86 1.31 7.73 7.84 1.69 0.61 4.23 5.29 2.17 2.72 5.06 5.94 7.93 2.41 7.21 3.01 7.08 3.93 2.12 5.16 3.14 0.78 6.4 5.73 0.15 7.22 2.44 7.53 1.56 2.43 3.52 0.64 1.88 
6.77 2.92 5.49 0.17 6.92 1.75 2.26 1.93 4.38 1.03 0.74 6.94 1.31 5 5.1 3.11 3.38 6.75 1.65 4.66 0.86 2.43 7.15 7.76 4.31 6.1 5.66 3.84 6.35 0.61 0.88 6.37 0.66 3.44 3.06 5.78 3.74 2.58 5.78 1.99 5.45 6.12 3.76 7.85 2.42 7.1 0.46 2.36 
4 4 4 4 4 4 4 4 4 4 4 4 4 4 4 4 4 4 4 4 4 4 4 4 4 4 4 4 4 4 4 4 4 4 4 4 4 4 4 4 4 4 4 4 4 4 4 4 
3.9 0.02 7.36 0.21 3.08 1.48 2.35 0.45 7.11 5.66 7.69 4.67 4.07 2.64 7.51 3.51 1.22 6.04 4.43 5.36 4.54 5.88 4.16 0.13 0.71 4.83 7.26 1.81 1.84 3.36 0.47 1.05 5.79 4.79 3.88 0.47 5.76 0.43 4.51 2.46 1.06 4.21 1.52 1.23 2.09 0.17 4.49 6.21 
0.9 5.51 4.63 1.55 7.33 1.37 0.3 0.12 4 0.35 3.99 0.05 7.57 2.88 6.53 6.32 0.05 6.25 5.29 2.6 0.16 3.42 6.92 3.58 1.11 7.62 4.06 1.73 7.1 2.38 0.84 1.87 0.42 2.97 1.7 6.84 5.18 1.49 3.71 1.67 3.67 2.88 2.29 0.44 7.01 5.81 2.06 5.89 
3.53 2.17 7.7 0.39 6.96 5.27 2.82 6.78 3.51 5.53 7.3 5.48 6.25 2.19 6.05 1.03 1.69 3.25 2.35 2.42 1.43 5.27 2.14 5.34 0.58 7.11 4.15 3.99 0.09 0.21 6.65 6.97 5.16 6.8 6.54 7.06 0.93 5.78 6.03 6.36 3.62 6.03 0.74 3.8 4.47 2.39 5.2 6.86 
5.48 3.03 7.44 0.97 1.26 0.87 7.29 1.32 6.67 5.42 5.41 6.12 4.96 0.69 1.66 6.02 6.93 4.49 1.58 6.38 5.63 0.56 4.27 1.01 1.87 5.23 4.81 0.07 6.58 5.38 2.88 5.92 1.1 3.29 5.6 5.68 5.74 4.69 2.53 4.25 0.9 6.58 6.9 7 1.66 6.92 5.28 4.58 
5.58 6.75 1.29 7.83 1.03 5.61 4.66 7.39 0.24 4.66 1.75 7.27 5.67 3.6 1.69 3.19 5.57 2.53 5.07 7.56 2.48 1.17 3.04 6.19 6.16 7.09 0.86 5.09 0.83 7.73 4.03 7.6 5.16 1.88 6.61 3.54 4.8 3.03 1.97 4.22 4.58 0.97 3.34 5.99 4.24 4.07 7.39 5 
1 1 1 1 1 1 1 1 1 1 1 1 1 1 1 1 1 1 1 1 1 1 1 1 1 1 1 1 1 1 1 1 1 1 1 1 1 1 1 1 1 1 1 1 1 1 1 1 
1 1 1 1 1 1 1 1 1 1 1 1 1 1 1 1 1 1 1 1 1 1 1 1 1 1 1 1 1 1 1 1 1 1 1 1 1 1 1 1 1 1 1 1 1 1 1 1 
1 1 1 1 1 1 1 1 1 1 1 1 1 1 1 1 1 1 1 1 1 1 1 1 1 1 1 1 1 1 1 1 1 1 1 1 1 1 1 1 1 1 1 1 1 1 1 1 
1 1 1 1 1 1 1 1 1 1 1 1 1 1 1 1 1 1 1 1 1 1 1 1 1 1 1 1 1 1 1 1 1 1 1 1 1 1 1 1 1 1 1 1 1 1 1 1 
1 1 1 1 1 1 1 1 1 1 1 1 1 1 1 1 1 1 1 1 1 1 1 1 1 1 1 1 1 1 1 1 1 1 1 1 1 1 1 1 1 1 1 1 1 1 1 1 
1 1 1 1 1 1 1 1 1 1 1 1 1 1 1 1 1 1 1 1 1 1 1 1 1 1 1 1 1 1 1 1 1 1 1 1 1 1 1 1 1 1 1 1 1 1 1 1 
1 1 1 1 1 1 1 1 1 1 1 1 1 1 1 1 1 1 1 1 1 1 1 1 1 1 1 1 1 1 1 1 1 1 1 1 1 1 1 1 1 1 1 1 1 1 1 1 
1 1 1 1 1 1 1 1 1 1 1 1 1 1 1 1 1 1 1 1 1 1 1 1 1 1 1 1 1 1 1 1 1 1 1 1 1 1 1 1 1 1 1 1 1 1 1 1 
1 1 1 1 1 1 1 1 1 1 1 1 1 1 1 1 1 1 1 1 1 1 1 1 1 1 1 1 1 1 1 1 1 1 1 1 1 1 1 1 1 1 1 1 1 1 1 1 
1 1 1 1 1 1 1 1 1 1 1 1 1 1 1 1 1 1 1 1 1 1 1 1 1 1 1 1 1 1 1 1 1 1 1 1 1 1 1 1 1 1 1 1 1 1 1 1 
1 1 1 1 1 1 1 1 1 1 1 1 1 1 1 1 1 1 1 1 1 1 1 1 1 1 1 1 1 1 1 1 1 1 1 1 1 1 1 1 1 1 1 1 1 1 1 1 
1 1 1 1 1 1 1 1 1 1 1 1 1 1 1 1 1 1 1 1 1 1 1 1 1 1 1 1 1 1 1 1 1 1 1 1 1 1 1 1 1 1 1 1 1 1 1 1 
0.01 0.01 0.01 0.01 0.01 0.01 0.01 0.01 0.01 0.01 0.01 0.01 0.01 0.01 0.01 0.01 0.01 0.01 0.01 0.01 0.01 0.01 0.01 0.01 0.01 0.01 0.01 0.01 0.01 0.01 0.01 0.01 0.01 0.01 0.01 0.01 0.01 0.01 0.01 0.01 0.01 0.01 0.01 0.01 0.01 0.01 0.01 0.01 
0.02 0.02 0.02 0.02 0.02 0.02 0.02 0.02 0.02 0.02 0.02 0.02 0.02 0.02 0.02 0.02 0.02 0.02 0.02 0.02 0.02 0.02 0.02 0.02 0.02 0.02 0.02 0.02 0.02 0.02 0.02 0.02 0.02 0.02 0.02 0.02 0.02 0.02 0.02 0.02 0.02 0.02 0.02 0.02 0.02 0.02 0.02 0.02 
0.03 0.03 0.03 0.03 0.03 0.03 0.03 0.03 0.03 0.03 0.03 0.03 0.03 0.03 0.03 0.03 0.03 0.03 0.03 0.03 0.03 0.03 0.03 0.03 0.03 0.03 0.03 0.03 0.03 0.03 0.03 0.03 0.03 0.03 0.03 0.03 0.03 0.03 0.03 0.03 0.03 0.03 0.03 0.03 0.03 0.03 0.03 0.03 
0.04 0.04 0.04 0.04 0.04 0.04 0.04 0.04 0.04 0.04 0.04 0.04 0.04 0.04 0.04 0.04 0.04 0.04 0.04 0.04 0.04 0.04 0.04 0.04 0.04 0.04 0.04 0.04 0.04 0.04 0.04 0.04 0.04 0.04 0.04 0.04 0.04 0.04 0.04 0.04 0.04 0.04 0.04 0.04 0.04 0.04 0.04 0.04 
0.05 0.05 0.05 0.05 0.05 0.05 0.05 0.05 0.05 0.05 0.05 0.05 0.05 0.05 0.05 0.05 0.05 0.05 0.05 0.05 0.05 0.05 0.05 0.05 0.05 0.05 0.05 0.05 0.05 0.05 0.05 0.05 0.05 0.05 0.05 0.05 0.05 0.05 0.05 0.05 0.05 0.05 0.05 0.05 0.05 0.05 0.05 0.05 
0.06 0.06 0.06 0.06 0.06 0.06 0.06 0.06 0.06 0.06 0.06 0.06 0.06 0.06 0.06 0.06 0.06 0.06 0.06 0.06 0.06 0.06 0.06 0.06 0.06 0.06 0.06 0.06 0.06 0.06 0.06 0.06 0.06 0.06 0.06 0.06 0.06 0.06 0.06 0.06 0.06 0.06 0.06 0.06 0.06 0.06 0.06 0.06 
0.07 0.07 0.07 0.07 0.07 0.07 0.07 0.07 0.07 0.07 0.07 0.07 0.07 0.07 0.07 0.07 0.07 0.07 0.07 0.07 0.07 0.07 0.07 0.07 0.07 0.07 0.07 0.07 0.07 0.07 0.07 0.07 0.07 0.07 0.07 0.07 0.07 0.07 0.07 0.07 0.07 0.07 0.07 0.07 0.07 0.07 0.07 0.07 
0.2 0.2 0.2 0.2 0.2 0.2 0.2 0.2 0.2 0.2 0.2 0.2 0.2 0.2 0.2 0.2 0.2 0.2 0.2 0.2 0.2 0.2 0.2 0.2 0.2 0.2 0.2 0.2 0.2 0.2 0.2 0.2 0.2 0.2 0.2 0.2 0.2 0.2 0.2 0.2 0.2 0.2 0.2 0.2 0.2 0.2 0.2 0.2 
0.4 0.4 0.4 0.4 0.4 0.4 0.4 0.4 0.4 0.4 0.4 0.4 0.4 0.4 0.4 0.4 0.4 0.4 0.4 0.4 0.4 0.4 0.4 0.4 0.4 0.4 0.4 0.4 0.4 0.4 0.4 0.4 0.4 0.4 0.4 0.4 0.4 0.4 0.4 0.4 0.4 0.4 0.4 0.4 0.4 0.4 0.4 0.4 
0.6 0.6 0.6 0.6 0.6 0.6 0.6 0.6 0.6 0.6 0.6 0.6 0.6 0.6 0.6 0.6 0.6 0.6 0.6 0.6 0.6 0.6 0.6 0.6 0.6 0.6 0.6 0.6 0.6 0.6 0.6 0.6 0.6 0.6 0.6 0.6 0.6 0.6 0.6 0.6 0.6 0.6 0.6 0.6 0.6 0.6 0.6 0.6 
0.8 0.8 0.8 0.8 0.8 0.8 0.8 0.8 0.8 0.8 0.8 0.8 0.8 0.8 0.8 0.8 0.8 0.8 0.8 0.8 0.8 0.8 0.8 0.8 0.8 0.8 0.8 0.8 0.8 0.8 0.8 0.8 0.8 0.8 0.8 0.8 0.8 0.8 0.8 0.8 0.8 0.8 0.8 0.8 0.8 0.8 0.8 0.8 
1 1 1 1 1 1 1 1 1 1 1 1 1 1 1 1 1 1 1 1 1 1 1 1 1 1 1 1 1 1 1 1 1 1 1 1 1 1 1 1 1 1 1 1 1 1 1 1 
