12 24 6 10
1 5 2 8 3 19 9 17 2 3 16 16 9 9 2 20 14 16 16 4 8 20 15 6 
6.94 6.21 7.25 5.31 1.17 6.34 4.14 6.56 2.42 4.24 2.15 4.29 5.16 1.79 5.27 5.74 6.77 5.45 1.66 7.2 3.27 4.56 1.48 5.98 
2.02 0.43 7.84 6.95 0.89 0.9 7.71 1.1 0.49 6.93 2.93 4.66 6.48 7.43 1.87 6.44 7.28 5.5 7.66 3.62 5.63 1.8 4.53 6.93 
7.5 7.91 5.9 4.67 0.22 2.89 2.35 1.51 3.65 5.51 7.27 2.81 1.84 4.9 0.68 4.32 1.95 0.64 5.94 3.87 7.89 3.21 1.41 3.65 
3.36 2.92 0.28 7.81 6.31 4.12 1.44 7.79 5.22 2.09 1.71 2.85 2.59 0.78 1.2 1.8 7.38 4.72 7.37 3.88 6.96 3.76 4.36 5.19 
6.96 4.3 0.65 5.66 2.98 6.66 1.83 2.72 2.53 5.27 0.63 5.59 6.64 4.97 1.2 4.23 3.35 7.11 0.47 3.86 3.02 0.26 5.73 4.69 
7.66 6.6 6.83 6.17 2.88 3.37 7.7 0 0.61 1.89 5.32 3.42 3.85 2.88 0.31 5.31 6.35 7.82 3.98 0.79 2.15 1.74 1.76 5.31 
4 4 4 4 4 4 4 4 4 4 4 4 4 4 4 4 4 4 4 4 4 4 4 4 
6.15 7.54 4.48 2.4 6.49 3.01 7.73 6.51 0.78 5.92 4.04 5.92 7.69 5.21 5.26 2.34 2.66 4.34 0.75 3.3 2.33 0.21 7.09 5.68 
2.06 5.14 1.67 4.31 5.35 0.08 2.93 7.07 2.12 7.2 0.62 6.52 3.34 0.49 3.45 5.01 5.82 1.99 7.1 3.74 6.07 2.76 4.07 1.66 
5.33 0.19 5.63 5.68 5.83 5.91 1.51 7.16 0.83 7.73 5.17 0.24 7.42 6.11 6.22 6.08 4.97 1.05 5.49 6.99 3.47 6.11 7.61 0.13 
2.88 6.56 6.74 3.71 5.82 5.83 7.26 2.95 3.43 2.42 3.71 4.18 1.41 5.73 7.72 5.03 5.09 5.63 1.82 0.11 5.69 0.58 3.53 3.32 
5.31 3.03 6.14 6.96 5.5 4.25 0.24 0.59 5.75 1.96 4.7 2.45 4.47 6.95 4.24 1.26 4.43 5.95 6.56 3.01 0.84 7.05 2.73 4.76 
1 1 1 1 1 1 1 1 1 1 1 1 1 1 1 1 1 1 1 1 1 1 1 1 
1 1 1 1 1 1 1 1 1 1 1 1 1 1 1 1 1 1 1 1 1 1 1 1 
1 1 1 1 1 1 1 1 1 1 1 1 1 1 1 1 1 1 1 1 1 1 1 1 
1 1 1 1 1 1 1 1 1 1 1 1 1 1 1 1 1 1 1 1 1 1 1 1 
1 1 1 1 1 1 1 1 1 1 1 1 1 1 1 1 1 1 1 1 1 1 1 1 
1 1 1 1 1 1 1 1 1 1 1 1 1 1 1 1 1 1 1 1 1 1 1 1 
1 1 1 1 1 1 1 1 1 1 1 1 1 1 1 1 1 1 1 1 1 1 1 1 
1 1 1 1 1 1 1 1 1 1 1 1 1 1 1 1 1 1 1 1 1 1 1 1 
1 1 1 1 1 1 1 1 1 1 1 1 1 1 1 1 1 1 1 1 1 1 1 1 
1 1 1 1 1 1 1 1 1 1 1 1 1 1 1 1 1 1 1 1 1 1 1 1 
1 1 1 1 1 1 1 1 1 1 1 1 1 1 1 1 1 1 1 1 1 1 1 1 
1 1 1 1 1 1 1 1 1 1 1 1 1 1 1 1 1 1 1 1 1 1 1 1 
0.01 0.01 0.01 0.01 0.01 0.01 0.01 0.01 0.01 0.01 0.01 0.01 0.01 0.01 0.01 0.01 0.01 0.01 0.01 0.01 0.01 0.01 0.01 0.01 
0.02 0.02 0.02 0.02 0.02 0.02 0.02 0.02 0.02 0.02 0.02 0.02 0.02 0.02 0.02 0.02 0.02 0.02 0.02 0.02 0.02 0.02 0.02 0.02 
0.03 0.03 0.03 0.03 0.03 0.03 0.03 0.03 0.03 0.03 0.03 0.03 0.03 0.03 0.03 0.03 0.03 0.03 0.03 0.03 0.03 0.03 0.03 0.03 
0.04 0.04 0.04 0.04 0.04 0.04 0.04 0.04 0.04 0.04 0.04 0.04 0.04 0.04 0.04 0.04 0.04 0.04 0.04 0.04 0.04 0.04 0.04 0.04 
0.05 0.05 0.05 0.05 0.05 0.05 0.05 0.05 0.05 0.05 0.05 0.05 0.05 0.05 0.05 0.05 0.05 0.05 0.05 0.05 0.05 0.05 0.05 0.05 
0.06 0.06 0.06 0.06 0.06 0.06 0.06 0.06 0.06 0.06 0.06 0.06 0.06 0.06 0.06 0.06 0.06 0.06 0.06 0.06 0.06 0.06 0.06 0.06 
0.07 0.07 0.07 0.07 0.07 0.07 0.07 0.07 0.07 0.07 0.07 0.07 0.07 0.07 0.07 0.07 0.07 0.07 0.07 0.07 0.07 0.07 0.07 0.07 
0.2 0.2 0.2 0.2 0.2 0.2 0.2 0.2 0.2 0.2 0.2 0.2 0.2 0.2 0.2 0.2 0.2 0.2 0.2 0.2 0.2 0.2 0.2 0.2 
0.4 0.4 0.4 0.4 0.4 0.4 0.4 0.4 0.4 0.4 0.4 0.4 0.4 0.4 0.4 0.4 0.4 0.4 0.4 0.4 0.4 0.4 0.4 0.4 
0.6 0.6 0.6 0.6 0.6 0.6 0.6 0.6 0.6 0.6 0.6 0.6 0.6 0.6 0.6 0.6 0.6 0.6 0.6 0.6 0.6 0.6 0.6 0.6 
0.8 0.8 0.8 0.8 0.8 0.8 0.8 0.8 0.8 0.8 0.8 0.8 0.8 0.8 0.8 0.8 0.8 0.8 0.8 0.8 0.8 0.8 0.8 0.8 
1 1 1 1 1 1 1 1 1 1 1 1 1 1 1 1 1 1 1 1 1 1 1 1 
