6 24 4 10
3 4 12 1 10 16 11 1 3 16 11 4 3 19 2 18 16 18 1 20 11 14 18 6 
6.22 4.14 7.04 4.39 7.18 7.06 7.05 0.03 2.43 6.53 3.45 4.13 5.45 8 2.9 7.23 3 1.31 7.68 3.64 4.1 4.5 7.34 2.84 
4.8 7.59 7.27 2.83 5.5 7.22 0.95 2.46 2.02 3.15 6.98 5.35 4.19 1.68 1.37 7.98 0.7 0.28 5 7.57 0.47 2.83 2.62 7.27 
3.66 5.65 3.86 3.8 0.61 0.41 5.41 5.81 6.92 6.21 5.91 7.92 3.49 2.27 3.84 2.96 1.42 5.77 5.17 6.18 3.37 0.04 0.2 1.67 
5.42 5.56 2.35 7.65 5.08 5.42 6.6 6.23 0.44 1.83 7.18 7.19 3.81 4.26 1.26 1.02 4.72 3.78 3.92 3.96 6.48 0.11 4.73 6.42 
4 4 4 4 4 4 4 4 4 4 4 4 4 4 4 4 4 4 4 4 4 4 4 4 
7.69 3.34 6.83 2.02 3.57 7.87 0.45 5.83 4.65 6.17 5.35 1.16 2.76 5.63 5.28 6.58 7.08 6.61 2.34 5.7 1.58 6.36 7.49 4.3 
1 1 1 1 1 1 1 1 1 1 1 1 1 1 1 1 1 1 1 1 1 1 1 1 
1 1 1 1 1 1 1 1 1 1 1 1 1 1 1 1 1 1 1 1 1 1 1 1 
1 1 1 1 1 1 1 1 1 1 1 1 1 1 1 1 1 1 1 1 1 1 1 1 
1 1 1 1 1 1 1 1 1 1 1 1 1 1 1 1 1 1 1 1 1 1 1 1 
1 1 1 1 1 1 1 1 1 1 1 1 1 1 1 1 1 1 1 1 1 1 1 1 
1 1 1 1 1 1 1 1 1 1 1 1 1 1 1 1 1 1 1 1 1 1 1 1 
0.01 0.01 0.01 0.01 0.01 0.01 0.01 0.01 0.01 0.01 0.01 0.01 0.01 0.01 0.01 0.01 0.01 0.01 0.01 0.01 0.01 0.01 0.01 0.01 
0.02 0.02 0.02 0.02 0.02 0.02 0.02 0.02 0.02 0.02 0.02 0.02 0.02 0.02 0.02 0.02 0.02 0.02 0.02 0.02 0.02 0.02 0.02 0.02 
0.03 0.03 0.03 0.03 0.03 0.03 0.03 0.03 0.03 0.03 0.03 0.03 0.03 0.03 0.03 0.03 0.03 0.03 0.03 0.03 0.03 0.03 0.03 0.03 
0.04 0.04 0.04 0.04 0.04 0.04 0.04 0.04 0.04 0.04 0.04 0.04 0.04 0.04 0.04 0.04 0.04 0.04 0.04 0.04 0.04 0.04 0.04 0.04 
0.05 0.05 0.05 0.05 0.05 0.05 0.05 0.05 0.05 0.05 0.05 0.05 0.05 0.05 0.05 0.05 0.05 0.05 0.05 0.05 0.05 0.05 0.05 0.05 
1 1 1 1 1 1 1 1 1 1 1 1 1 1 1 1 1 1 1 1 1 1 1 1 
