12 16 3 10
14 20 7 16 13 13 17 4 15 6 19 7 8 19 20 11 
4.05 3.94 5.42 6.38 3.26 3.15 1.89 6.24 4.01 6.36 1.47 3.37 6.52 1.35 4.9 4.25 
3.39 5.77 3.26 4.28 2.31 0.24 1.54 7.05 3.68 5.22 4.08 3.36 0.77 4.37 3.17 0.87 
5.52 5.97 6.7 1.66 7.28 7.34 7.21 1.22 5.74 3.37 1.07 5.89 2.82 0.65 1.46 0.07 
4 4 4 4 4 4 4 4 4 4 4 4 4 4 4 4 
4.34 2.82 2.72 5.85 0.66 7.67 6.55 4.59 7.18 3.76 2.54 2.64 6.41 0.89 2.19 3.18 
2.98 0.51 2.47 4.1 2.41 2.22 7.92 3.72 5.6 4.35 1.82 5.62 6.47 3.85 1.34 6.72 
2.26 7.61 3.96 3.15 3.11 7.03 3.67 1.53 3.09 0.39 4.52 3.65 6.18 4.99 1.68 3.02 
2.04 7.41 4.31 4.06 4.07 0.37 5.28 3.78 5.26 5.45 6.93 6.42 1.68 2.3 1.78 2.41 
0.68 7.42 6.28 7.07 2.58 3.67 5.59 5.22 7.25 2.78 0.32 2.21 5.26 1.85 0.91 6.2 
0.9 7.57 7.19 6.36 4.15 0.54 1.99 3.17 1.33 3.17 5.08 2.58 0.54 5.88 5.28 4.28 
2.04 6.74 3.57 4.8 1.5 2.78 6.21 7.03 2.98 0.98 4.89 2.67 5.56 6.26 7.43 6.59 
1.86 5.92 7.35 7.74 6.77 4.02 7.61 0.88 5.74 7.25 7.92 3.09 6.13 3.49 0.92 1.11 
1 1 1 1 1 1 1 1 1 1 1 1 1 1 1 1 
1 1 1 1 1 1 1 1 1 1 1 1 1 1 1 1 
1 1 1 1 1 1 1 1 1 1 1 1 1 1 1 1 
1 1 1 1 1 1 1 1 1 1 1 1 1 1 1 1 
1 1 1 1 1 1 1 1 1 1 1 1 1 1 1 1 
1 1 1 1 1 1 1 1 1 1 1 1 1 1 1 1 
1 1 1 1 1 1 1 1 1 1 1 1 1 1 1 1 
1 1 1 1 1 1 1 1 1 1 1 1 1 1 1 1 
1 1 1 1 1 1 1 1 1 1 1 1 1 1 1 1 
1 1 1 1 1 1 1 1 1 1 1 1 1 1 1 1 
1 1 1 1 1 1 1 1 1 1 1 1 1 1 1 1 
1 1 1 1 1 1 1 1 1 1 1 1 1 1 1 1 
0.01 0.01 0.01 0.01 0.01 0.01 0.01 0.01 0.01 0.01 0.01 0.01 0.01 0.01 0.01 0.01 
0.02 0.02 0.02 0.02 0.02 0.02 0.02 0.02 0.02 0.02 0.02 0.02 0.02 0.02 0.02 0.02 
0.03 0.03 0.03 0.03 0.03 0.03 0.03 0.03 0.03 0.03 0.03 0.03 0.03 0.03 0.03 0.03 
0.04 0.04 0.04 0.04 0.04 0.04 0.04 0.04 0.04 0.04 0.04 0.04 0.04 0.04 0.04 0.04 
0.125 0.125 0.125 0.125 0.125 0.125 0.125 0.125 0.125 0.125 0.125 0.125 0.125 0.125 0.125 0.125 
0.25 0.25 0.25 0.25 0.25 0.25 0.25 0.25 0.25 0.25 0.25 0.25 0.25 0.25 0.25 0.25 
0.375 0.375 0.375 0.375 0.375 0.375 0.375 0.375 0.375 0.375 0.375 0.375 0.375 0.375 0.375 0.375 
0.5 0.5 0.5 0.5 0.5 0.5 0.5 0.5 0.5 0.5 0.5 0.5 0.5 0.5 0.5 0.5 
0.625 0.625 0.625 0.625 0.625 0.625 0.625 0.625 0.625 0.625 0.625 0.625 0.625 0.625 0.625 0.625 
0.75 0.75 0.75 0.75 0.75 0.75 0.75 0.75 0.75 0.75 0.75 0.75 0.75 0.75 0.75 0.75 
0.875 0.875 0.875 0.875 0.875 0.875 0.875 0.875 0.875 0.875 0.875 0.875 0.875 0.875 0.875 0.875 
1 1 1 1 1 1 1 1 1 1 1 1 1 1 1 1 
