6 24 2 10
15 9 10 17 11 15 19 1 18 18 9 17 10 4 18 20 12 3 20 10 2 8 16 7 
5.66 2.9 4.02 1.18 5.36 7.7 2.01 6.18 0.06 5.63 1.79 1.94 2.44 1.21 1.57 6.08 2.16 5.02 5.34 2.74 2.04 6.32 2.4 1.33 
7.83 5.48 1.24 7.01 6.02 7.96 0.99 5.17 2.87 2.6 6.32 1.48 2.21 1.84 5.48 0.61 3.77 1.41 5.23 7.6 6.04 7.85 0.87 1.86 
4 4 4 4 4 4 4 4 4 4 4 4 4 4 4 4 4 4 4 4 4 4 4 4 
0.82 3.04 6.37 4.12 4.78 5.41 2.47 1.32 2.34 3.74 6.98 7.8 4.61 6.48 1.22 1.37 2.78 4.18 4.77 5.28 4.19 1.55 1.06 2.06 
2.68 5.01 0.99 6.64 7.43 6.45 3.45 6.25 6.19 1.96 5.73 4.29 2.23 3.93 6.42 7.26 4.12 1.6 3.04 4.15 6.58 7.25 6.6 1.75 
5.42 5.91 3.48 2.41 4.74 7.74 2.42 6.89 6.5 0.83 5.68 2.27 1.96 7.83 0.07 7.3 4.79 5.63 6.27 1.82 1.38 3.28 6.78 3 
1 1 1 1 1 1 1 1 1 1 1 1 1 1 1 1 1 1 1 1 1 1 1 1 
1 1 1 1 1 1 1 1 1 1 1 1 1 1 1 1 1 1 1 1 1 1 1 1 
1 1 1 1 1 1 1 1 1 1 1 1 1 1 1 1 1 1 1 1 1 1 1 1 
1 1 1 1 1 1 1 1 1 1 1 1 1 1 1 1 1 1 1 1 1 1 1 1 
1 1 1 1 1 1 1 1 1 1 1 1 1 1 1 1 1 1 1 1 1 1 1 1 
1 1 1 1 1 1 1 1 1 1 1 1 1 1 1 1 1 1 1 1 1 1 1 1 
0.01 0.01 0.01 0.01 0.01 0.01 0.01 0.01 0.01 0.01 0.01 0.01 0.01 0.01 0.01 0.01 0.01 0.01 0.01 0.01 0.01 0.01 0.01 0.01 
0.02 0.02 0.02 0.02 0.02 0.02 0.02 0.02 0.02 0.02 0.02 0.02 0.02 0.02 0.02 0.02 0.02 0.02 0.02 0.02 0.02 0.02 0.02 0.02 
0.03 0.03 0.03 0.03 0.03 0.03 0.03 0.03 0.03 0.03 0.03 0.03 0.03 0.03 0.03 0.03 0.03 0.03 0.03 0.03 0.03 0.03 0.03 0.03 
0.333333 0.333333 0.333333 0.333333 0.333333 0.333333 0.333333 0.333333 0.333333 0.333333 0.333333 0.333333 0.333333 0.333333 0.333333 0.333333 0.333333 0.333333 0.333333 0.333333 0.333333 0.333333 0.333333 0.333333 
0.666667 0.666667 0.666667 0.666667 0.666667 0.666667 0.666667 0.666667 0.666667 0.666667 0.666667 0.666667 0.666667 0.666667 0.666667 0.666667 0.666667 0.666667 0.666667 0.666667 0.666667 0.666667 0.666667 0.666667 
1 1 1 1 1 1 1 1 1 1 1 1 1 1 1 1 1 1 1 1 1 1 1 1 
