12 48 3 10
6 7 8 19 10 8 3 2 4 9 14 16 10 18 8 8 1 6 16 19 14 4 7 15 5 8 9 1 5 13 17 18 19 9 11 1 4 20 1 12 17 14 5 18 7 7 17 15 
4.6 6.42 6.77 4.81 5.11 1.09 6.22 4.56 6.47 7.58 2.87 1.06 2.34 0.08 5.22 7.23 7.73 0.72 0.86 3.05 2.49 0.5 7.68 0.77 5.14 2.91 3.93 3.04 0.15 4.41 6.61 5.46 4.43 3.95 1.46 0.6 2.7 3.96 7.91 2.57 6.47 0.65 5.82 2.5 0.08 5.15 4.86 3.17 
2.31 1.38 4.9 0.09 6.41 4.98 0.05 0.43 0.53 1.78 4.56 3.1 4.16 2.57 4.15 6.42 1.75 0.05 7.16 3.88 3.64 5.15 5.98 3.06 0.44 3.6 2.07 0.23 2.9 3.24 4.92 3.29 3.79 3.23 3.57 4.59 1.02 1.06 1.36 6.01 1.7 7.58 3.35 3.57 4.62 6.81 5.64 3.03 
7.38 4.04 5.12 7.72 5.47 2.02 7.01 7.57 3.86 4.15 2.31 7.97 4.33 5.16 3.25 5.71 5.44 7.1 3.71 1.85 0.41 3.08 6.89 7.18 6.25 5.23 4.1 0.49 7.5 3.74 1.36 5.75 6.48 0.87 2.2 6.58 5.25 7.93 0.7 4.51 3.5 5.85 2.67 1.36 4.32 2.69 0.02 7.04 
4 4 4 4 4 4 4 4 4 4 4 4 4 4 4 4 4 4 4 4 4 4 4 4 4 4 4 4 4 4 4 4 4 4 4 4 4 4 4 4 4 4 4 4 4 4 4 4 
0.14 5.68 6.23 2.46 2.78 2.03 0.78 7.26 0.03 3.81 7.42 5.78 7.28 1.89 0.6 6.37 0.22 0.66 6.65 2.29 7.43 2.15 5.77 5.31 6.18 5.47 5.53 7.76 0.67 4.75 2.83 2.19 3.15 4.34 4.35 1.79 6.36 0.52 1.85 2.88 7.19 7.58 7.4 2.67 1.39 6.49 3.67 4.79 
7.65 1.06 7.11 6.16 7.88 3.35 6.38 6.79 3.66 2.44 3.48 4.26 0.52 3.36 1.65 5.43 1.8 0.41 4 2.94 2.28 1.83 4.07 0.96 7.7 0.31 2.79 1.5 3.43 3.91 6.65 6.18 4.74 5.52 0.19 1.89 3.91 1.61 2.62 6.51 1.81 2.66 0.96 3.87 2.49 5.29 4 5.78 
5.14 6.07 5.05 0.46 3.02 7.26 2.02 7.56 6.41 3.88 1 7.28 0.62 2.07 6.78 7.16 7.04 0.87 7.09 0.01 4.98 1.32 4.21 7.69 0.29 7 5.76 5.98 5.24 1.33 2 0.03 4.13 0.27 1.18 1.69 4.8 3.06 3.8 7.02 3.53 6.67 5.28 4.52 3.63 6.23 7.09 5.33 
5.51 0.37 3.9 7.98 2.24 3.53 1.5 3.03 2.64 7.98 5.35 5.68 5.3 2.93 5.11 3.49 5.74 6.98 5.76 6.5 1.47 2.33 2.53 5.77 5.3 2.95 3.65 4.09 6.47 2.15 3.34 3.25 3.62 7.64 2.04 4.79 0.91 0.68 5.64 0.32 7.97 7.24 0.18 1.31 5.35 6.18 3.94 6.62 
2.28 1.78 6.03 5.98 7.61 3.45 0.14 1.38 7.77 2.69 5.88 1.05 5.44 0.3 1.08 7.07 5.5 6.92 3.82 1.48 4.27 4.11 3.86 1.31 1.11 4.36 4.84 7.79 2.55 0.31 7.91 7.69 5.33 3.71 7.81 3.57 5.98 3.46 2.75 2.34 0.69 5.83 0.84 4.07 2.37 1.4 4.29 6 
3.86 1.42 2.91 1.58 5.51 2.72 6.28 0.53 0.72 3.03 0.54 4.2 3.48 7.33 3.17 3.39 3.85 6.69 6.52 5.4 2.43 3.89 0.17 2.49 5.51 6.71 5.75 5.57 0.3 3.94 7.53 4.92 5.1 2.32 2.3 0.54 7.44 8 1.08 6.14 4.16 0.13 0.1 2.45 3.83 7.25 6.49 6.19 
3.3 3.38 7.76 0.52 7.68 2.98 4.2 4.1 1.14 3.52 4.18 5.84 0.11 3.88 2.91 6.81 6.56 6.98 4.15 6.82 2.47 0.72 1.06 5.87 2.13 6.55 5.07 0.55 5.8 3.94 7.7 0.57 4.52 7.89 0.57 2.62 6.79 5.33 7.69 3.79 2.38 1.25 2.71 6.62 0.66 6.08 1.2 6.89 
4.12 2.08 2.12 5.81 1.77 0.62 3.51 0.66 1.64 2.67 1.04 5.24 3.35 3.46 4.3 4.87 4.06 2.62 7.03 0.92 5.19 1.23 2.23 3.78 2.01 0.42 3.99 4.38 1.97 2.77 6.87 0.75 0.68 5.82 5.57 5.83 3.19 3.35 6.02 6.39 0.4 1.27 2.96 1.31 6.13 6.43 2.99 2.37 
1 1 1 1 1 1 1 1 1 1 1 1 1 1 1 1 1 1 1 1 1 1 1 1 1 1 1 1 1 1 1 1 1 1 1 1 1 1 1 1 1 1 1 1 1 1 1 1 
1 1 1 1 1 1 1 1 1 1 1 1 1 1 1 1 1 1 1 1 1 1 1 1 1 1 1 1 1 1 1 1 1 1 1 1 1 1 1 1 1 1 1 1 1 1 1 1 
1 1 1 1 1 1 1 1 1 1 1 1 1 1 1 1 1 1 1 1 1 1 1 1 1 1 1 1 1 1 1 1 1 1 1 1 1 1 1 1 1 1 1 1 1 1 1 1 
1 1 1 1 1 1 1 1 1 1 1 1 1 1 1 1 1 1 1 1 1 1 1 1 1 1 1 1 1 1 1 1 1 1 1 1 1 1 1 1 1 1 1 1 1 1 1 1 
1 1 1 1 1 1 1 1 1 1 1 1 1 1 1 1 1 1 1 1 1 1 1 1 1 1 1 1 1 1 1 1 1 1 1 1 1 1 1 1 1 1 1 1 1 1 1 1 
1 1 1 1 1 1 1 1 1 1 1 1 1 1 1 1 1 1 1 1 1 1 1 1 1 1 1 1 1 1 1 1 1 1 1 1 1 1 1 1 1 1 1 1 1 1 1 1 
1 1 1 1 1 1 1 1 1 1 1 1 1 1 1 1 1 1 1 1 1 1 1 1 1 1 1 1 1 1 1 1 1 1 1 1 1 1 1 1 1 1 1 1 1 1 1 1 
1 1 1 1 1 1 1 1 1 1 1 1 1 1 1 1 1 1 1 1 1 1 1 1 1 1 1 1 1 1 1 1 1 1 1 1 1 1 1 1 1 1 1 1 1 1 1 1 
1 1 1 1 1 1 1 1 1 1 1 1 1 1 1 1 1 1 1 1 1 1 1 1 1 1 1 1 1 1 1 1 1 1 1 1 1 1 1 1 1 1 1 1 1 1 1 1 
1 1 1 1 1 1 1 1 1 1 1 1 1 1 1 1 1 1 1 1 1 1 1 1 1 1 1 1 1 1 1 1 1 1 1 1 1 1 1 1 1 1 1 1 1 1 1 1 
1 1 1 1 1 1 1 1 1 1 1 1 1 1 1 1 1 1 1 1 1 1 1 1 1 1 1 1 1 1 1 1 1 1 1 1 1 1 1 1 1 1 1 1 1 1 1 1 
1 1 1 1 1 1 1 1 1 1 1 1 1 1 1 1 1 1 1 1 1 1 1 1 1 1 1 1 1 1 1 1 1 1 1 1 1 1 1 1 1 1 1 1 1 1 1 1 
0.01 0.01 0.01 0.01 0.01 0.01 0.01 0.01 0.01 0.01 0.01 0.01 0.01 0.01 0.01 0.01 0.01 0.01 0.01 0.01 0.01 0.01 0.01 0.01 0.01 0.01 0.01 0.01 0.01 0.01 0.01 0.01 0.01 0.01 0.01 0.01 0.01 0.01 0.01 0.01 0.01 0.01 0.01 0.01 0.01 0.01 0.01 0.01 
0.02 0.02 0.02 0.02 0.02 0.02 0.02 0.02 0.02 0.02 0.02 0.02 0.02 0.02 0.02 0.02 0.02 0.02 0.02 0.02 0.02 0.02 0.02 0.02 0.02 0.02 0.02 0.02 0.02 0.02 0.02 0.02 0.02 0.02 0.02 0.02 0.02 0.02 0.02 0.02 0.02 0.02 0.02 0.02 0.02 0.02 0.02 0.02 
0.03 0.03 0.03 0.03 0.03 0.03 0.03 0.03 0.03 0.03 0.03 0.03 0.03 0.03 0.03 0.03 0.03 0.03 0.03 0.03 0.03 0.03 0.03 0.03 0.03 0.03 0.03 0.03 0.03 0.03 0.03 0.03 0.03 0.03 0.03 0.03 0.03 0.03 0.03 0.03 0.03 0.03 0.03 0.03 0.03 0.03 0.03 0.03 
0.04 0.04 0.04 0.04 0.04 0.04 0.04 0.04 0.04 0.04 0.04 0.04 0.04 0.04 0.04 0.04 0.04 0.04 0.04 0.04 0.04 0.04 0.04 0.04 0.04 0.04 0.04 0.04 0.04 0.04 0.04 0.04 0.04 0.04 0.04 0.04 0.04 0.04 0.04 0.04 0.04 0.04 0.04 0.04 0.04 0.04 0.04 0.04 
0.125 0.125 0.125 0.125 0.125 0.125 0.125 0.125 0.125 0.125 0.125 0.125 0.125 0.125 0.125 0.125 0.125 0.125 0.125 0.125 0.125 0.125 0.125 0.125 0.125 0.125 0.125 0.125 0.125 0.125 0.125 0.125 0.125 0.125 0.125 0.125 0.125 0.125 0.125 0.125 0.125 0.125 0.125 0.125 0.125 0.125 0.125 0.125 
0.25 0.25 0.25 0.25 0.25 0.25 0.25 0.25 0.25 0.25 0.25 0.25 0.25 0.25 0.25 0.25 0.25 0.25 0.25 0.25 0.25 0.25 0.25 0.25 0.25 0.25 0.25 0.25 0.25 0.25 0.25 0.25 0.25 0.25 0.25 0.25 0.25 0.25 0.25 0.25 0.25 0.25 0.25 0.25 0.25 0.25 0.25 0.25 
0.375 0.375 0.375 0.375 0.375 0.375 0.375 0.375 0.375 0.375 0.375 0.375 0.375 0.375 0.375 0.375 0.375 0.375 0.375 0.375 0.375 0.375 0.375 0.375 0.375 0.375 0.375 0.375 0.375 0.375 0.375 0.375 0.375 0.375 0.375 0.375 0.375 0.375 0.375 0.375 0.375 0.375 0.375 0.375 0.375 0.375 0.375 0.375 
0.5 0.5 0.5 0.5 0.5 0.5 0.5 0.5 0.5 0.5 0.5 0.5 0.5 0.5 0.5 0.5 0.5 0.5 0.5 0.5 0.5 0.5 0.5 0.5 0.5 0.5 0.5 0.5 0.5 0.5 0.5 0.5 0.5 0.5 0.5 0.5 0.5 0.5 0.5 0.5 0.5 0.5 0.5 0.5 0.5 0.5 0.5 0.5 
0.625 0.625 0.625 0.625 0.625 0.625 0.625 0.625 0.625 0.625 0.625 0.625 0.625 0.625 0.625 0.625 0.625 0.625 0.625 0.625 0.625 0.625 0.625 0.625 0.625 0.625 0.625 0.625 0.625 0.625 0.625 0.625 0.625 0.625 0.625 0.625 0.625 0.625 0.625 0.625 0.625 0.625 0.625 0.625 0.625 0.625 0.625 0.625 
0.75 0.75 0.75 0.75 0.75 0.75 0.75 0.75 0.75 0.75 0.75 0.75 0.75 0.75 0.75 0.75 0.75 0.75 0.75 0.75 0.75 0.75 0.75 0.75 0.75 0.75 0.75 0.75 0.75 0.75 0.75 0.75 0.75 0.75 0.75 0.75 0.75 0.75 0.75 0.75 0.75 0.75 0.75 0.75 0.75 0.75 0.75 0.75 
0.875 0.875 0.875 0.875 0.875 0.875 0.875 0.875 0.875 0.875 0.875 0.875 0.875 0.875 0.875 0.875 0.875 0.875 0.875 0.875 0.875 0.875 0.875 0.875 0.875 0.875 0.875 0.875 0.875 0.875 0.875 0.875 0.875 0.875 0.875 0.875 0.875 0.875 0.875 0.875 0.875 0.875 0.875 0.875 0.875 0.875 0.875 0.875 
1 1 1 1 1 1 1 1 1 1 1 1 1 1 1 1 1 1 1 1 1 1 1 1 1 1 1 1 1 1 1 1 1 1 1 1 1 1 1 1 1 1 1 1 1 1 1 1 
