6 40 2 10
14 12 18 15 7 12 16 8 11 8 17 9 11 8 20 1 20 16 19 7 16 13 13 2 7 18 10 1 20 6 11 14 6 18 4 3 11 4 6 12 
7.18 4 0.12 3.52 5.34 0.1 2.01 2.7 5.22 3.92 4.66 6.76 5.45 2.46 5.64 7.18 5.6 7.08 3.99 2.41 5.45 5.36 7.73 4.49 3.55 1.53 3.25 1.73 3.26 3.71 5.49 3.56 2.74 7.89 2.04 2.15 6.19 7.26 5.63 7.66 
1.62 5.75 6.38 4.26 7.14 2.16 2.15 3.22 6.84 7.5 1.73 5.91 0.72 0.79 7.39 6.9 7.81 1.57 0.9 2.27 5.11 0.7 2.54 4.09 0.39 3.15 5.67 6.95 0.61 2.43 1.59 7.77 3.14 6.47 3.77 5.71 2.87 4.37 6.19 7.79 
4 4 4 4 4 4 4 4 4 4 4 4 4 4 4 4 4 4 4 4 4 4 4 4 4 4 4 4 4 4 4 4 4 4 4 4 4 4 4 4 
0.85 3.91 1.59 7.21 3.1 7.15 7.17 0.24 4.52 6.58 5.5 4.36 1.3 4.99 1.89 4.44 3.76 4.2 4.63 6.97 1.53 6.09 0.55 2.73 1.67 2.75 2.9 4.5 0.58 6.57 5.99 7.46 2.59 2.83 5.58 6.13 4.83 7.87 3.26 1.15 
3.98 1.94 3.44 1.57 4.38 2.97 2.5 5.56 5.62 7.75 1.52 2.59 7.09 5.37 6.66 7.04 0.11 3.35 0.08 3.05 5.11 4.24 0.48 1.98 3.72 1.06 1.48 3.43 6.18 2.47 7.32 1.38 5.74 7.43 6 6.05 3.81 4.84 4.36 4.49 
2.77 7.15 7.67 5.69 6.27 7.9 4.82 1.21 4.51 6.26 4.67 5.55 2.33 5.27 2.25 0.51 3.64 7.02 1.08 3.36 3.63 3.17 2.04 6.35 3.6 3.53 2.23 0.12 6.91 4.91 3.64 0.51 2.08 6.51 7.89 2.92 6.76 0.13 0.99 3.64 
1 1 1 1 1 1 1 1 1 1 1 1 1 1 1 1 1 1 1 1 1 1 1 1 1 1 1 1 1 1 1 1 1 1 1 1 1 1 1 1 
1 1 1 1 1 1 1 1 1 1 1 1 1 1 1 1 1 1 1 1 1 1 1 1 1 1 1 1 1 1 1 1 1 1 1 1 1 1 1 1 
1 1 1 1 1 1 1 1 1 1 1 1 1 1 1 1 1 1 1 1 1 1 1 1 1 1 1 1 1 1 1 1 1 1 1 1 1 1 1 1 
1 1 1 1 1 1 1 1 1 1 1 1 1 1 1 1 1 1 1 1 1 1 1 1 1 1 1 1 1 1 1 1 1 1 1 1 1 1 1 1 
1 1 1 1 1 1 1 1 1 1 1 1 1 1 1 1 1 1 1 1 1 1 1 1 1 1 1 1 1 1 1 1 1 1 1 1 1 1 1 1 
1 1 1 1 1 1 1 1 1 1 1 1 1 1 1 1 1 1 1 1 1 1 1 1 1 1 1 1 1 1 1 1 1 1 1 1 1 1 1 1 
0.01 0.01 0.01 0.01 0.01 0.01 0.01 0.01 0.01 0.01 0.01 0.01 0.01 0.01 0.01 0.01 0.01 0.01 0.01 0.01 0.01 0.01 0.01 0.01 0.01 0.01 0.01 0.01 0.01 0.01 0.01 0.01 0.01 0.01 0.01 0.01 0.01 0.01 0.01 0.01 
0.02 0.02 0.02 0.02 0.02 0.02 0.02 0.02 0.02 0.02 0.02 0.02 0.02 0.02 0.02 0.02 0.02 0.02 0.02 0.02 0.02 0.02 0.02 0.02 0.02 0.02 0.02 0.02 0.02 0.02 0.02 0.02 0.02 0.02 0.02 0.02 0.02 0.02 0.02 0.02 
0.03 0.03 0.03 0.03 0.03 0.03 0.03 0.03 0.03 0.03 0.03 0.03 0.03 0.03 0.03 0.03 0.03 0.03 0.03 0.03 0.03 0.03 0.03 0.03 0.03 0.03 0.03 0.03 0.03 0.03 0.03 0.03 0.03 0.03 0.03 0.03 0.03 0.03 0.03 0.03 
0.333333 0.333333 0.333333 0.333333 0.333333 0.333333 0.333333 0.333333 0.333333 0.333333 0.333333 0.333333 0.333333 0.333333 0.333333 0.333333 0.333333 0.333333 0.333333 0.333333 0.333333 0.333333 0.333333 0.333333 0.333333 0.333333 0.333333 0.333333 0.333333 0.333333 0.333333 0.333333 0.333333 0.333333 0.333333 0.333333 0.333333 0.333333 0.333333 0.333333 
0.666667 0.666667 0.666667 0.666667 0.666667 0.666667 0.666667 0.666667 0.666667 0.666667 0.666667 0.666667 0.666667 0.666667 0.666667 0.666667 0.666667 0.666667 0.666667 0.666667 0.666667 0.666667 0.666667 0.666667 0.666667 0.666667 0.666667 0.666667 0.666667 0.666667 0.666667 0.666667 0.666667 0.666667 0.666667 0.666667 0.666667 0.666667 0.666667 0.666667 
1 1 1 1 1 1 1 1 1 1 1 1 1 1 1 1 1 1 1 1 1 1 1 1 1 1 1 1 1 1 1 1 1 1 1 1 1 1 1 1 
