6 48 4 10
9 12 11 13 4 5 5 10 18 1 19 16 9 11 1 14 9 12 14 18 8 16 11 8 11 9 6 17 8 19 16 15 5 13 9 8 7 6 19 3 1 7 2 13 5 16 2 8 
7.9 7.88 3.96 2.67 1.8 7.21 4.01 4.74 7.46 4.48 0.24 7.75 2.72 2.87 5.65 1.24 7.4 1.85 6.16 3.02 6.07 1.74 0.53 7.67 3.7 6.12 7.06 4.09 7.13 1.27 5.8 6.05 3.67 3.42 0.57 5.72 1.86 3.67 3.04 6.87 4.42 3.2 4.65 4.09 3.98 1.12 5.1 0.14 
2.75 3.08 3.08 4.87 0.66 7.93 7.4 7.58 1.89 3.16 0.94 0.92 2.39 3.39 0.95 5.15 5.29 5.29 1.95 3.02 4.1 6.13 7.44 7.66 5.92 4.05 5.33 1.26 5.14 1.09 3.13 5.72 0.94 4.42 0.05 5.15 4.96 1.18 5.4 1.06 5.56 4.39 4.85 1.17 1.27 2.99 2.16 2.08 
5.08 4.53 7.54 7.09 0.48 7.83 4.95 1.63 5.06 1.57 2.34 0.96 4.44 3.14 7.25 2.91 1.17 5.27 1.04 1.39 0.34 3.73 5.74 5.65 1.1 6.34 3.33 5 4.47 1.39 4.93 4.33 5.61 0.78 0.66 0.23 5.99 5.79 3.6 6.65 3.3 3.51 1.79 7.74 6.24 0.44 1.9 4.9 
3.13 4.4 0.27 7 4.16 5.14 6.86 1.43 2.29 3.99 2.25 5.09 3.42 7.86 6.32 6.25 5.73 7.03 3.83 7.66 1.18 5.55 0.62 7.63 5.77 4.27 1.43 0.57 6.16 3.7 5.37 7.97 5.18 3.07 3.39 2.42 0.48 3.07 5.87 7.12 2.83 6.35 4.98 5.25 6.05 7.73 0.82 0.26 
4 4 4 4 4 4 4 4 4 4 4 4 4 4 4 4 4 4 4 4 4 4 4 4 4 4 4 4 4 4 4 4 4 4 4 4 4 4 4 4 4 4 4 4 4 4 4 4 
6.76 1.72 5.96 7.76 2.76 0.97 0.16 7.45 0.38 6.73 6.29 1.96 4.83 1.45 4.32 3.97 0.73 3.94 0.14 6.17 0.54 0.56 5.02 1.92 4.04 2.2 3.96 4.37 1.26 4.9 7.99 7.2 4.53 0.66 0.61 6.31 0.34 2.22 1.14 7.64 5.89 2.9 2.01 1.62 5.42 1.25 6.87 7.18 
1 1 1 1 1 1 1 1 1 1 1 1 1 1 1 1 1 1 1 1 1 1 1 1 1 1 1 1 1 1 1 1 1 1 1 1 1 1 1 1 1 1 1 1 1 1 1 1 
1 1 1 1 1 1 1 1 1 1 1 1 1 1 1 1 1 1 1 1 1 1 1 1 1 1 1 1 1 1 1 1 1 1 1 1 1 1 1 1 1 1 1 1 1 1 1 1 
1 1 1 1 1 1 1 1 1 1 1 1 1 1 1 1 1 1 1 1 1 1 1 1 1 1 1 1 1 1 1 1 1 1 1 1 1 1 1 1 1 1 1 1 1 1 1 1 
1 1 1 1 1 1 1 1 1 1 1 1 1 1 1 1 1 1 1 1 1 1 1 1 1 1 1 1 1 1 1 1 1 1 1 1 1 1 1 1 1 1 1 1 1 1 1 1 
1 1 1 1 1 1 1 1 1 1 1 1 1 1 1 1 1 1 1 1 1 1 1 1 1 1 1 1 1 1 1 1 1 1 1 1 1 1 1 1 1 1 1 1 1 1 1 1 
1 1 1 1 1 1 1 1 1 1 1 1 1 1 1 1 1 1 1 1 1 1 1 1 1 1 1 1 1 1 1 1 1 1 1 1 1 1 1 1 1 1 1 1 1 1 1 1 
0.01 0.01 0.01 0.01 0.01 0.01 0.01 0.01 0.01 0.01 0.01 0.01 0.01 0.01 0.01 0.01 0.01 0.01 0.01 0.01 0.01 0.01 0.01 0.01 0.01 0.01 0.01 0.01 0.01 0.01 0.01 0.01 0.01 0.01 0.01 0.01 0.01 0.01 0.01 0.01 0.01 0.01 0.01 0.01 0.01 0.01 0.01 0.01 
0.02 0.02 0.02 0.02 0.02 0.02 0.02 0.02 0.02 0.02 0.02 0.02 0.02 0.02 0.02 0.02 0.02 0.02 0.02 0.02 0.02 0.02 0.02 0.02 0.02 0.02 0.02 0.02 0.02 0.02 0.02 0.02 0.02 0.02 0.02 0.02 0.02 0.02 0.02 0.02 0.02 0.02 0.02 0.02 0.02 0.02 0.02 0.02 
0.03 0.03 0.03 0.03 0.03 0.03 0.03 0.03 0.03 0.03 0.03 0.03 0.03 0.03 0.03 0.03 0.03 0.03 0.03 0.03 0.03 0.03 0.03 0.03 0.03 0.03 0.03 0.03 0.03 0.03 0.03 0.03 0.03 0.03 0.03 0.03 0.03 0.03 0.03 0.03 0.03 0.03 0.03 0.03 0.03 0.03 0.03 0.03 
0.04 0.04 0.04 0.04 0.04 0.04 0.04 0.04 0.04 0.04 0.04 0.04 0.04 0.04 0.04 0.04 0.04 0.04 0.04 0.04 0.04 0.04 0.04 0.04 0.04 0.04 0.04 0.04 0.04 0.04 0.04 0.04 0.04 0.04 0.04 0.04 0.04 0.04 0.04 0.04 0.04 0.04 0.04 0.04 0.04 0.04 0.04 0.04 
0.05 0.05 0.05 0.05 0.05 0.05 0.05 0.05 0.05 0.05 0.05 0.05 0.05 0.05 0.05 0.05 0.05 0.05 0.05 0.05 0.05 0.05 0.05 0.05 0.05 0.05 0.05 0.05 0.05 0.05 0.05 0.05 0.05 0.05 0.05 0.05 0.05 0.05 0.05 0.05 0.05 0.05 0.05 0.05 0.05 0.05 0.05 0.05 
1 1 1 1 1 1 1 1 1 1 1 1 1 1 1 1 1 1 1 1 1 1 1 1 1 1 1 1 1 1 1 1 1 1 1 1 1 1 1 1 1 1 1 1 1 1 1 1 
