6 48 2 10
5 16 6 16 14 12 2 5 14 17 13 8 19 5 7 18 8 10 2 2 18 17 8 6 9 19 5 18 12 10 4 4 17 13 3 18 19 5 14 11 10 3 8 20 14 6 2 20 
5.22 4.46 1.57 6.53 4.04 0.36 7.7 1.49 3.82 1.53 3.65 5.72 3.16 1.23 7.09 7.41 2.94 4.19 3.09 0.87 4.92 4.51 0.34 1.19 3.73 6.8 2.5 5.23 7.33 0.71 7.07 2.51 6.17 3.49 5.75 7.57 2.03 4.75 3.26 0.23 7.39 2.94 7.21 6.84 1.59 3.13 4.43 4.03 
5.02 3.05 6.73 3.77 3.76 6.6 2.68 7.63 2.87 6.13 3.67 7.03 0.86 3.6 6.69 6.95 3.52 3.4 6.35 4.58 6.01 0.72 0.89 2.64 0.45 1.91 1.15 6.69 1.09 4.5 2.65 1.33 0.91 4.3 5.39 3.52 2.23 6.69 5.3 1.48 5.67 6.4 2.88 2.28 0.47 0.46 3.2 5.6 
4 4 4 4 4 4 4 4 4 4 4 4 4 4 4 4 4 4 4 4 4 4 4 4 4 4 4 4 4 4 4 4 4 4 4 4 4 4 4 4 4 4 4 4 4 4 4 4 
3.68 5.71 6.35 6.48 3.11 2.61 2.25 7.69 7.36 0.59 5.92 1.18 3.72 3.29 1.65 1.87 3.2 2.34 0.86 3.55 5.29 6.67 0.78 4.64 6.59 1.59 2.24 2.38 6.05 1.09 1.35 6.79 3.06 1.1 3.22 6.34 1.04 3.16 4.48 5.11 1.66 5.76 7.67 7.28 1.37 4.52 2.63 4.93 
4.27 1.62 6.94 4.59 1.4 1.58 4.81 6.71 1 1.95 2.46 0.25 7.83 4.9 5.64 7.5 7.31 0.55 2.2 4.52 0.89 1.22 3.3 4.26 4.67 7.64 5.27 4.15 6.1 4.99 7.46 4.77 2.29 1.92 2.09 5.99 1.56 7.7 7.03 2.23 1.24 7.43 6.68 0.91 5.92 4.71 0.21 6.56 
2.85 0.42 1.58 4.02 6.19 1.24 7.95 1.17 2.99 2.68 0.38 3.85 3.32 2.75 3.89 5.23 0.07 6.33 7.73 0.16 2.44 7 7.81 0.49 5.96 4.59 2.99 3.34 5.63 6.69 3.43 4.95 1.8 6.54 3.51 3.59 6.06 6.91 1.34 2.33 7.41 0.45 4.09 4.58 0.21 0 2.08 4.21 
1 1 1 1 1 1 1 1 1 1 1 1 1 1 1 1 1 1 1 1 1 1 1 1 1 1 1 1 1 1 1 1 1 1 1 1 1 1 1 1 1 1 1 1 1 1 1 1 
1 1 1 1 1 1 1 1 1 1 1 1 1 1 1 1 1 1 1 1 1 1 1 1 1 1 1 1 1 1 1 1 1 1 1 1 1 1 1 1 1 1 1 1 1 1 1 1 
1 1 1 1 1 1 1 1 1 1 1 1 1 1 1 1 1 1 1 1 1 1 1 1 1 1 1 1 1 1 1 1 1 1 1 1 1 1 1 1 1 1 1 1 1 1 1 1 
1 1 1 1 1 1 1 1 1 1 1 1 1 1 1 1 1 1 1 1 1 1 1 1 1 1 1 1 1 1 1 1 1 1 1 1 1 1 1 1 1 1 1 1 1 1 1 1 
1 1 1 1 1 1 1 1 1 1 1 1 1 1 1 1 1 1 1 1 1 1 1 1 1 1 1 1 1 1 1 1 1 1 1 1 1 1 1 1 1 1 1 1 1 1 1 1 
1 1 1 1 1 1 1 1 1 1 1 1 1 1 1 1 1 1 1 1 1 1 1 1 1 1 1 1 1 1 1 1 1 1 1 1 1 1 1 1 1 1 1 1 1 1 1 1 
0.01 0.01 0.01 0.01 0.01 0.01 0.01 0.01 0.01 0.01 0.01 0.01 0.01 0.01 0.01 0.01 0.01 0.01 0.01 0.01 0.01 0.01 0.01 0.01 0.01 0.01 0.01 0.01 0.01 0.01 0.01 0.01 0.01 0.01 0.01 0.01 0.01 0.01 0.01 0.01 0.01 0.01 0.01 0.01 0.01 0.01 0.01 0.01 
0.02 0.02 0.02 0.02 0.02 0.02 0.02 0.02 0.02 0.02 0.02 0.02 0.02 0.02 0.02 0.02 0.02 0.02 0.02 0.02 0.02 0.02 0.02 0.02 0.02 0.02 0.02 0.02 0.02 0.02 0.02 0.02 0.02 0.02 0.02 0.02 0.02 0.02 0.02 0.02 0.02 0.02 0.02 0.02 0.02 0.02 0.02 0.02 
0.03 0.03 0.03 0.03 0.03 0.03 0.03 0.03 0.03 0.03 0.03 0.03 0.03 0.03 0.03 0.03 0.03 0.03 0.03 0.03 0.03 0.03 0.03 0.03 0.03 0.03 0.03 0.03 0.03 0.03 0.03 0.03 0.03 0.03 0.03 0.03 0.03 0.03 0.03 0.03 0.03 0.03 0.03 0.03 0.03 0.03 0.03 0.03 
0.333333 0.333333 0.333333 0.333333 0.333333 0.333333 0.333333 0.333333 0.333333 0.333333 0.333333 0.333333 0.333333 0.333333 0.333333 0.333333 0.333333 0.333333 0.333333 0.333333 0.333333 0.333333 0.333333 0.333333 0.333333 0.333333 0.333333 0.333333 0.333333 0.333333 0.333333 0.333333 0.333333 0.333333 0.333333 0.333333 0.333333 0.333333 0.333333 0.333333 0.333333 0.333333 0.333333 0.333333 0.333333 0.333333 0.333333 0.333333 
0.666667 0.666667 0.666667 0.666667 0.666667 0.666667 0.666667 0.666667 0.666667 0.666667 0.666667 0.666667 0.666667 0.666667 0.666667 0.666667 0.666667 0.666667 0.666667 0.666667 0.666667 0.666667 0.666667 0.666667 0.666667 0.666667 0.666667 0.666667 0.666667 0.666667 0.666667 0.666667 0.666667 0.666667 0.666667 0.666667 0.666667 0.666667 0.666667 0.666667 0.666667 0.666667 0.666667 0.666667 0.666667 0.666667 0.666667 0.666667 
1 1 1 1 1 1 1 1 1 1 1 1 1 1 1 1 1 1 1 1 1 1 1 1 1 1 1 1 1 1 1 1 1 1 1 1 1 1 1 1 1 1 1 1 1 1 1 1 
