3 16 1 10
20 11 11 8 17 6 2 17 10 19 2 8 18 18 9 7 
0.55 2.27 0.61 1.7 4.31 3.36 0.6 1.01 1.47 7.94 3.49 3.47 3.98 4.93 4.67 7.83 
4 4 4 4 4 4 4 4 4 4 4 4 4 4 4 4 
4.96 2.35 2.98 3.63 4.95 3.19 1.26 6.31 2.2 4.94 6.39 4.73 1.22 1 1.79 0.25 
1 1 1 1 1 1 1 1 1 1 1 1 1 1 1 1 
1 1 1 1 1 1 1 1 1 1 1 1 1 1 1 1 
1 1 1 1 1 1 1 1 1 1 1 1 1 1 1 1 
0.01 0.01 0.01 0.01 0.01 0.01 0.01 0.01 0.01 0.01 0.01 0.01 0.01 0.01 0.01 0.01 
0.02 0.02 0.02 0.02 0.02 0.02 0.02 0.02 0.02 0.02 0.02 0.02 0.02 0.02 0.02 0.02 
1 1 1 1 1 1 1 1 1 1 1 1 1 1 1 1 
