12 16 9 10
16 5 2 11 10 14 15 3 7 2 1 9 3 2 7 7 
5.55 3.11 2.04 0.72 1.81 2.67 4.07 1.05 2.52 2.86 6.37 4.26 6.56 5.11 1.54 4.3 
2.94 7.95 7.6 5.74 5.75 7.87 7.46 3.16 3.85 3.47 2.25 7.62 6.11 1.82 6.27 2.41 
6.19 7.95 5.46 6.19 2.1 7.82 4.16 5.92 6.56 5.91 5.36 4.86 3.91 0.55 0.78 7.81 
4.15 6.04 2.17 0 2.23 6.74 5 5.57 0.89 2.87 6.11 4.36 4.67 3.22 1.36 1.5 
1.89 6.62 4.31 7.95 5.46 1.97 6.1 3.73 3.5 1.44 7.15 2.16 2.84 3.29 7.9 0.35 
1.85 5.9 6.7 1.79 5.24 0.89 1.3 3.77 4.48 7.64 5.29 3.06 4.16 1 3.19 3.38 
1.13 3.82 7.21 0.63 6.85 2.08 2.74 0.19 2.79 0.91 3.86 5.04 2.77 4.48 1.56 6.69 
6.72 1.56 7.16 5.85 2.6 2.65 3.78 3.62 7.95 1.65 6.26 3.33 5.38 0.35 7.64 5.53 
6.37 3.87 7.09 5.33 4.81 2.63 0.41 2.72 6.19 1.47 3.41 7.19 4.74 4.06 4.04 5.25 
4 4 4 4 4 4 4 4 4 4 4 4 4 4 4 4 
5.68 7.86 5.49 6.56 4.85 1.93 4.93 6.9 7.44 0.02 0.51 0.17 5.52 2.13 3.46 7.56 
6.99 2.51 5.94 3.06 6.99 6.76 6.32 6.31 6.8 0.14 6.39 1.69 0.31 7.67 5.51 1.17 
1 1 1 1 1 1 1 1 1 1 1 1 1 1 1 1 
1 1 1 1 1 1 1 1 1 1 1 1 1 1 1 1 
1 1 1 1 1 1 1 1 1 1 1 1 1 1 1 1 
1 1 1 1 1 1 1 1 1 1 1 1 1 1 1 1 
1 1 1 1 1 1 1 1 1 1 1 1 1 1 1 1 
1 1 1 1 1 1 1 1 1 1 1 1 1 1 1 1 
1 1 1 1 1 1 1 1 1 1 1 1 1 1 1 1 
1 1 1 1 1 1 1 1 1 1 1 1 1 1 1 1 
1 1 1 1 1 1 1 1 1 1 1 1 1 1 1 1 
1 1 1 1 1 1 1 1 1 1 1 1 1 1 1 1 
1 1 1 1 1 1 1 1 1 1 1 1 1 1 1 1 
1 1 1 1 1 1 1 1 1 1 1 1 1 1 1 1 
0.01 0.01 0.01 0.01 0.01 0.01 0.01 0.01 0.01 0.01 0.01 0.01 0.01 0.01 0.01 0.01 
0.02 0.02 0.02 0.02 0.02 0.02 0.02 0.02 0.02 0.02 0.02 0.02 0.02 0.02 0.02 0.02 
0.03 0.03 0.03 0.03 0.03 0.03 0.03 0.03 0.03 0.03 0.03 0.03 0.03 0.03 0.03 0.03 
0.04 0.04 0.04 0.04 0.04 0.04 0.04 0.04 0.04 0.04 0.04 0.04 0.04 0.04 0.04 0.04 
0.05 0.05 0.05 0.05 0.05 0.05 0.05 0.05 0.05 0.05 0.05 0.05 0.05 0.05 0.05 0.05 
0.06 0.06 0.06 0.06 0.06 0.06 0.06 0.06 0.06 0.06 0.06 0.06 0.06 0.06 0.06 0.06 
0.07 0.07 0.07 0.07 0.07 0.07 0.07 0.07 0.07 0.07 0.07 0.07 0.07 0.07 0.07 0.07 
0.08 0.08 0.08 0.08 0.08 0.08 0.08 0.08 0.08 0.08 0.08 0.08 0.08 0.08 0.08 0.08 
0.09 0.09 0.09 0.09 0.09 0.09 0.09 0.09 0.09 0.09 0.09 0.09 0.09 0.09 0.09 0.09 
0.1 0.1 0.1 0.1 0.1 0.1 0.1 0.1 0.1 0.1 0.1 0.1 0.1 0.1 0.1 0.1 
0.5 0.5 0.5 0.5 0.5 0.5 0.5 0.5 0.5 0.5 0.5 0.5 0.5 0.5 0.5 0.5 
1 1 1 1 1 1 1 1 1 1 1 1 1 1 1 1 
