6 32 4 10
15 3 15 2 12 18 9 12 20 16 13 1 14 11 2 4 10 4 14 2 17 17 7 4 4 18 10 2 19 12 1 16 
2.81 3.51 4.79 6.86 4.89 7.75 2.59 2.34 3.37 6.55 4.2 1.47 1.02 2.99 1.11 5.35 0.13 1.38 4.56 2.62 1.64 4.26 4.25 0.66 6.05 3.04 4.01 7.87 3.12 1.26 4.12 1.58 
5.24 7.36 4.23 0.95 2.23 4.79 5.52 4.53 4.06 6.98 1.74 3.62 0.94 7.78 0.76 1.31 3.67 6.4 6.99 7.97 0.9 0.92 0.09 3.62 4.19 7.38 5.24 3.28 3.57 0.94 7.38 2.78 
7.61 0.53 2.85 5.64 0.94 6.46 1 6.79 5.35 6.78 3.79 0.27 1.9 7.48 6.86 4.34 0.45 6.35 0.39 3.54 5.43 4.16 1.34 7.19 1.56 7.4 7.34 3.28 0.85 0.49 0.69 5.23 
7.8 2.6 0.75 7.25 1.72 1.96 1.38 1.42 2.58 4.16 5.69 1.03 1.92 5.68 3.74 1.7 1.88 1.76 3.92 6.88 6.4 2.53 0.58 5.58 1.12 4.86 5.56 7.6 1.7 1.95 0.7 7.61 
4 4 4 4 4 4 4 4 4 4 4 4 4 4 4 4 4 4 4 4 4 4 4 4 4 4 4 4 4 4 4 4 
1.81 5.37 4.03 0.57 4.3 5.44 6.02 1.66 5.37 6.21 5.29 0.04 2.85 3.68 4.61 4.64 1.97 5.81 6.3 0.64 3.87 5.68 5.59 5.12 0.34 3.53 7.18 2.81 6.72 1.56 7.4 2.19 
1 1 1 1 1 1 1 1 1 1 1 1 1 1 1 1 1 1 1 1 1 1 1 1 1 1 1 1 1 1 1 1 
1 1 1 1 1 1 1 1 1 1 1 1 1 1 1 1 1 1 1 1 1 1 1 1 1 1 1 1 1 1 1 1 
1 1 1 1 1 1 1 1 1 1 1 1 1 1 1 1 1 1 1 1 1 1 1 1 1 1 1 1 1 1 1 1 
1 1 1 1 1 1 1 1 1 1 1 1 1 1 1 1 1 1 1 1 1 1 1 1 1 1 1 1 1 1 1 1 
1 1 1 1 1 1 1 1 1 1 1 1 1 1 1 1 1 1 1 1 1 1 1 1 1 1 1 1 1 1 1 1 
1 1 1 1 1 1 1 1 1 1 1 1 1 1 1 1 1 1 1 1 1 1 1 1 1 1 1 1 1 1 1 1 
0.01 0.01 0.01 0.01 0.01 0.01 0.01 0.01 0.01 0.01 0.01 0.01 0.01 0.01 0.01 0.01 0.01 0.01 0.01 0.01 0.01 0.01 0.01 0.01 0.01 0.01 0.01 0.01 0.01 0.01 0.01 0.01 
0.02 0.02 0.02 0.02 0.02 0.02 0.02 0.02 0.02 0.02 0.02 0.02 0.02 0.02 0.02 0.02 0.02 0.02 0.02 0.02 0.02 0.02 0.02 0.02 0.02 0.02 0.02 0.02 0.02 0.02 0.02 0.02 
0.03 0.03 0.03 0.03 0.03 0.03 0.03 0.03 0.03 0.03 0.03 0.03 0.03 0.03 0.03 0.03 0.03 0.03 0.03 0.03 0.03 0.03 0.03 0.03 0.03 0.03 0.03 0.03 0.03 0.03 0.03 0.03 
0.04 0.04 0.04 0.04 0.04 0.04 0.04 0.04 0.04 0.04 0.04 0.04 0.04 0.04 0.04 0.04 0.04 0.04 0.04 0.04 0.04 0.04 0.04 0.04 0.04 0.04 0.04 0.04 0.04 0.04 0.04 0.04 
0.05 0.05 0.05 0.05 0.05 0.05 0.05 0.05 0.05 0.05 0.05 0.05 0.05 0.05 0.05 0.05 0.05 0.05 0.05 0.05 0.05 0.05 0.05 0.05 0.05 0.05 0.05 0.05 0.05 0.05 0.05 0.05 
1 1 1 1 1 1 1 1 1 1 1 1 1 1 1 1 1 1 1 1 1 1 1 1 1 1 1 1 1 1 1 1 
