6 24 2 10
7 16 7 1 2 11 16 17 16 13 15 6 18 2 1 12 2 18 1 5 11 5 20 10 
4 6.92 7.78 6.63 1.1 0.28 6.33 4.41 2.4 7.69 1.84 2.46 6.02 5.59 4.29 2.47 2.08 2.05 2.51 5.26 6.25 3.22 6.23 6.05 
6.41 6.73 0.35 3.59 7.33 7.15 6.4 0.69 1.97 4.62 1.55 4.77 5.45 7.98 0.75 3.44 7.96 5.67 2.88 6.13 3.9 0.53 4.38 6.91 
4 4 4 4 4 4 4 4 4 4 4 4 4 4 4 4 4 4 4 4 4 4 4 4 
0.67 3.17 5.54 4.93 7.74 4.75 5 7.61 7.22 1.19 6.6 0.01 7.54 1.74 1.33 5.87 1.05 0.96 4.63 1.5 1.91 1.71 7.43 7.04 
5.63 1.07 2.03 4.38 6.04 5.32 7.38 4.11 7.09 3.75 7.82 6.96 1.28 0.19 5.68 3.13 2.49 2.17 5.91 4.31 6.35 1.8 0.47 2.12 
2.49 3.26 2.38 2.58 4.83 6.42 3.93 3.65 7.86 6.6 3.1 1.06 3.28 7.74 6.2 7.13 0.27 4.3 1.61 2.89 3.11 6.95 2.18 6.74 
1 1 1 1 1 1 1 1 1 1 1 1 1 1 1 1 1 1 1 1 1 1 1 1 
1 1 1 1 1 1 1 1 1 1 1 1 1 1 1 1 1 1 1 1 1 1 1 1 
1 1 1 1 1 1 1 1 1 1 1 1 1 1 1 1 1 1 1 1 1 1 1 1 
1 1 1 1 1 1 1 1 1 1 1 1 1 1 1 1 1 1 1 1 1 1 1 1 
1 1 1 1 1 1 1 1 1 1 1 1 1 1 1 1 1 1 1 1 1 1 1 1 
1 1 1 1 1 1 1 1 1 1 1 1 1 1 1 1 1 1 1 1 1 1 1 1 
0.01 0.01 0.01 0.01 0.01 0.01 0.01 0.01 0.01 0.01 0.01 0.01 0.01 0.01 0.01 0.01 0.01 0.01 0.01 0.01 0.01 0.01 0.01 0.01 
0.02 0.02 0.02 0.02 0.02 0.02 0.02 0.02 0.02 0.02 0.02 0.02 0.02 0.02 0.02 0.02 0.02 0.02 0.02 0.02 0.02 0.02 0.02 0.02 
0.03 0.03 0.03 0.03 0.03 0.03 0.03 0.03 0.03 0.03 0.03 0.03 0.03 0.03 0.03 0.03 0.03 0.03 0.03 0.03 0.03 0.03 0.03 0.03 
0.333333 0.333333 0.333333 0.333333 0.333333 0.333333 0.333333 0.333333 0.333333 0.333333 0.333333 0.333333 0.333333 0.333333 0.333333 0.333333 0.333333 0.333333 0.333333 0.333333 0.333333 0.333333 0.333333 0.333333 
0.666667 0.666667 0.666667 0.666667 0.666667 0.666667 0.666667 0.666667 0.666667 0.666667 0.666667 0.666667 0.666667 0.666667 0.666667 0.666667 0.666667 0.666667 0.666667 0.666667 0.666667 0.666667 0.666667 0.666667 
1 1 1 1 1 1 1 1 1 1 1 1 1 1 1 1 1 1 1 1 1 1 1 1 
