12 40 3 10
7 18 16 15 13 8 13 20 14 2 6 9 14 13 14 9 16 20 17 3 5 14 2 4 13 13 12 10 10 18 3 5 17 6 20 15 15 18 11 3 
4.23 4.78 5.71 7.54 7.35 6.7 3.61 2.63 5.25 1.22 3.35 7.67 2.09 3.99 6.37 6.33 5.49 6.07 1.26 1.44 2.41 5.07 6.4 4.4 6.26 4.22 4.23 7.35 0.38 5.96 5.11 7.32 6.4 7.42 1.01 6.87 4.49 7.03 0.02 2.75 
3.07 5.68 0.1 0.49 7.92 7.75 1.77 6.53 3.32 2.02 0.62 6.33 0.22 4.38 2.75 2.18 4.76 5.12 3.81 1.41 7.89 5.06 4.95 7.36 1.49 3.1 7.23 7.96 4.33 2.09 2.93 5 5.37 3.58 0.41 6.29 3.15 1.33 0.32 1.13 
1.78 7.07 5.33 1.45 5.83 7.5 7.36 1.89 5.31 5.52 0.53 6.42 7.72 4.72 1.14 0.02 7.32 5.91 4.27 3.12 4.75 5.69 6.42 3.03 6.03 7.35 0.79 6.45 1.41 7.44 7.8 1.02 7.14 1.78 4.86 2.59 7.5 1.5 4.45 4.89 
4 4 4 4 4 4 4 4 4 4 4 4 4 4 4 4 4 4 4 4 4 4 4 4 4 4 4 4 4 4 4 4 4 4 4 4 4 4 4 4 
6.21 0.69 4.9 7.9 3.08 6.25 4.92 3 3.68 3.54 6.53 6.18 1.89 4.78 0.5 4.24 1.16 2.4 3.15 4.23 2.65 5.81 6.02 4.06 6.5 2.49 2.37 5.75 7.04 1.12 3.28 7.92 1.49 3.9 1.9 2.71 5.36 0.86 6.2 3.71 
6.67 7.44 1.28 4.93 2.18 0.72 6.71 1.29 5.02 7.08 1.04 5.98 1.48 5.02 6.99 6.34 4.25 6.33 4.67 5.01 2.85 6.36 5.06 0.87 3.17 5.51 0.61 5.26 5.49 2.04 0.69 0.27 1.23 1.86 1.99 3 1.82 4.32 0.7 0.68 
0.43 1.04 0.58 1.35 3.93 7.7 7.87 7.34 3.42 6.37 2.85 5.21 6.07 1.91 0.09 5.54 4.93 4.56 6.16 0.87 4.04 0.56 6.61 6.7 2.96 2.44 0.68 1.88 6.64 0.29 6.05 4.71 3.52 4.76 0.47 2.38 0.69 0.91 6.24 0.4 
3.88 5.24 6.92 1.32 6.69 3.04 5.36 3.66 7.89 1.44 6.92 1.97 4.84 3.16 6.51 0.36 4.84 3.37 5.72 5.04 1.95 5.34 4.83 4.46 5.57 3.42 4.25 6 0.88 5.07 7.57 6.63 1.62 7.37 0.71 2.83 7.66 5.77 0.54 1.23 
0.15 7.96 5.92 1.04 5.17 6.72 7.89 4.97 2.6 1.13 4.39 5.36 6.23 0.43 0.47 1.76 0.72 6.01 3.09 6.6 6.75 0.39 0.93 1.72 6.05 4.77 4.15 0.93 7.79 4.35 6.73 6.2 4.55 0.95 7.49 1.15 2.03 5.21 7.12 4.97 
4.82 5.63 6.19 5.21 7.92 3.36 0.7 3.91 1.12 2.37 6.73 6.68 6.38 4.26 0.14 4.81 4.37 6.79 0.58 1.67 6.34 3.32 6.97 7.99 0.95 4.04 3.44 2.31 5.96 0.55 2.43 2.99 4.76 4.99 5.23 2.72 1.62 7.62 4.35 1.94 
7.6 0.43 4.39 2.89 6.4 2.97 6.89 1.35 5.61 4.49 4.27 2.75 0.69 6.27 2.25 2.99 4.8 7.66 2.79 0.7 5.6 7.38 3.71 1 2.43 6.42 1.71 7.59 5.51 1.64 6.86 1.78 4.44 7.39 4.86 3.43 3.31 7.18 4.02 1.41 
5.86 7.26 6.99 7.53 4.18 7.75 6.97 2.06 3 2.84 0.42 7.54 5.13 1.3 0.24 3.98 1.38 0.66 7.11 5.37 1.41 3.44 3.29 3.26 2.19 0.48 4.16 1.45 6.38 4.8 3.04 2.12 0.9 6.22 3.99 5.03 1.96 5.13 2.36 6.11 
1 1 1 1 1 1 1 1 1 1 1 1 1 1 1 1 1 1 1 1 1 1 1 1 1 1 1 1 1 1 1 1 1 1 1 1 1 1 1 1 
1 1 1 1 1 1 1 1 1 1 1 1 1 1 1 1 1 1 1 1 1 1 1 1 1 1 1 1 1 1 1 1 1 1 1 1 1 1 1 1 
1 1 1 1 1 1 1 1 1 1 1 1 1 1 1 1 1 1 1 1 1 1 1 1 1 1 1 1 1 1 1 1 1 1 1 1 1 1 1 1 
1 1 1 1 1 1 1 1 1 1 1 1 1 1 1 1 1 1 1 1 1 1 1 1 1 1 1 1 1 1 1 1 1 1 1 1 1 1 1 1 
1 1 1 1 1 1 1 1 1 1 1 1 1 1 1 1 1 1 1 1 1 1 1 1 1 1 1 1 1 1 1 1 1 1 1 1 1 1 1 1 
1 1 1 1 1 1 1 1 1 1 1 1 1 1 1 1 1 1 1 1 1 1 1 1 1 1 1 1 1 1 1 1 1 1 1 1 1 1 1 1 
1 1 1 1 1 1 1 1 1 1 1 1 1 1 1 1 1 1 1 1 1 1 1 1 1 1 1 1 1 1 1 1 1 1 1 1 1 1 1 1 
1 1 1 1 1 1 1 1 1 1 1 1 1 1 1 1 1 1 1 1 1 1 1 1 1 1 1 1 1 1 1 1 1 1 1 1 1 1 1 1 
1 1 1 1 1 1 1 1 1 1 1 1 1 1 1 1 1 1 1 1 1 1 1 1 1 1 1 1 1 1 1 1 1 1 1 1 1 1 1 1 
1 1 1 1 1 1 1 1 1 1 1 1 1 1 1 1 1 1 1 1 1 1 1 1 1 1 1 1 1 1 1 1 1 1 1 1 1 1 1 1 
1 1 1 1 1 1 1 1 1 1 1 1 1 1 1 1 1 1 1 1 1 1 1 1 1 1 1 1 1 1 1 1 1 1 1 1 1 1 1 1 
1 1 1 1 1 1 1 1 1 1 1 1 1 1 1 1 1 1 1 1 1 1 1 1 1 1 1 1 1 1 1 1 1 1 1 1 1 1 1 1 
0.01 0.01 0.01 0.01 0.01 0.01 0.01 0.01 0.01 0.01 0.01 0.01 0.01 0.01 0.01 0.01 0.01 0.01 0.01 0.01 0.01 0.01 0.01 0.01 0.01 0.01 0.01 0.01 0.01 0.01 0.01 0.01 0.01 0.01 0.01 0.01 0.01 0.01 0.01 0.01 
0.02 0.02 0.02 0.02 0.02 0.02 0.02 0.02 0.02 0.02 0.02 0.02 0.02 0.02 0.02 0.02 0.02 0.02 0.02 0.02 0.02 0.02 0.02 0.02 0.02 0.02 0.02 0.02 0.02 0.02 0.02 0.02 0.02 0.02 0.02 0.02 0.02 0.02 0.02 0.02 
0.03 0.03 0.03 0.03 0.03 0.03 0.03 0.03 0.03 0.03 0.03 0.03 0.03 0.03 0.03 0.03 0.03 0.03 0.03 0.03 0.03 0.03 0.03 0.03 0.03 0.03 0.03 0.03 0.03 0.03 0.03 0.03 0.03 0.03 0.03 0.03 0.03 0.03 0.03 0.03 
0.04 0.04 0.04 0.04 0.04 0.04 0.04 0.04 0.04 0.04 0.04 0.04 0.04 0.04 0.04 0.04 0.04 0.04 0.04 0.04 0.04 0.04 0.04 0.04 0.04 0.04 0.04 0.04 0.04 0.04 0.04 0.04 0.04 0.04 0.04 0.04 0.04 0.04 0.04 0.04 
0.125 0.125 0.125 0.125 0.125 0.125 0.125 0.125 0.125 0.125 0.125 0.125 0.125 0.125 0.125 0.125 0.125 0.125 0.125 0.125 0.125 0.125 0.125 0.125 0.125 0.125 0.125 0.125 0.125 0.125 0.125 0.125 0.125 0.125 0.125 0.125 0.125 0.125 0.125 0.125 
0.25 0.25 0.25 0.25 0.25 0.25 0.25 0.25 0.25 0.25 0.25 0.25 0.25 0.25 0.25 0.25 0.25 0.25 0.25 0.25 0.25 0.25 0.25 0.25 0.25 0.25 0.25 0.25 0.25 0.25 0.25 0.25 0.25 0.25 0.25 0.25 0.25 0.25 0.25 0.25 
0.375 0.375 0.375 0.375 0.375 0.375 0.375 0.375 0.375 0.375 0.375 0.375 0.375 0.375 0.375 0.375 0.375 0.375 0.375 0.375 0.375 0.375 0.375 0.375 0.375 0.375 0.375 0.375 0.375 0.375 0.375 0.375 0.375 0.375 0.375 0.375 0.375 0.375 0.375 0.375 
0.5 0.5 0.5 0.5 0.5 0.5 0.5 0.5 0.5 0.5 0.5 0.5 0.5 0.5 0.5 0.5 0.5 0.5 0.5 0.5 0.5 0.5 0.5 0.5 0.5 0.5 0.5 0.5 0.5 0.5 0.5 0.5 0.5 0.5 0.5 0.5 0.5 0.5 0.5 0.5 
0.625 0.625 0.625 0.625 0.625 0.625 0.625 0.625 0.625 0.625 0.625 0.625 0.625 0.625 0.625 0.625 0.625 0.625 0.625 0.625 0.625 0.625 0.625 0.625 0.625 0.625 0.625 0.625 0.625 0.625 0.625 0.625 0.625 0.625 0.625 0.625 0.625 0.625 0.625 0.625 
0.75 0.75 0.75 0.75 0.75 0.75 0.75 0.75 0.75 0.75 0.75 0.75 0.75 0.75 0.75 0.75 0.75 0.75 0.75 0.75 0.75 0.75 0.75 0.75 0.75 0.75 0.75 0.75 0.75 0.75 0.75 0.75 0.75 0.75 0.75 0.75 0.75 0.75 0.75 0.75 
0.875 0.875 0.875 0.875 0.875 0.875 0.875 0.875 0.875 0.875 0.875 0.875 0.875 0.875 0.875 0.875 0.875 0.875 0.875 0.875 0.875 0.875 0.875 0.875 0.875 0.875 0.875 0.875 0.875 0.875 0.875 0.875 0.875 0.875 0.875 0.875 0.875 0.875 0.875 0.875 
1 1 1 1 1 1 1 1 1 1 1 1 1 1 1 1 1 1 1 1 1 1 1 1 1 1 1 1 1 1 1 1 1 1 1 1 1 1 1 1 
