6 48 2 10
3 16 8 1 7 16 3 18 9 6 13 17 12 11 2 2 8 20 19 2 6 12 8 16 19 15 5 14 18 10 5 10 19 8 14 6 18 3 15 20 6 20 10 20 14 13 14 17 
2.9 0.94 4.17 2.31 5.1 3.11 3.25 3.92 3.37 2.19 5.73 3.96 1.09 2.27 4.48 4.69 0.17 3.14 5.28 1.63 2.99 1.73 7.26 2.11 2.86 3.13 3.44 4.1 1.98 6.72 5.85 5.71 5.9 4.41 4.11 4.96 5.62 0.63 4.15 6.23 4.51 4.52 5.26 7.56 7.66 7.75 6.83 1.56 
0.07 4.76 7.33 7.88 5.02 2.54 6.92 5.36 2.05 3.12 3.93 7.53 3.41 3.63 6.39 6.75 6.98 4.9 2.86 7.49 3.79 0.54 1.81 2.11 2.23 2.13 4.87 6.59 0.47 1.41 4.29 1.64 1.65 3.64 1.81 1.83 7.8 3.86 1.46 6.67 0.88 0.25 0.95 0.58 1.29 2.15 7.34 6.3 
4 4 4 4 4 4 4 4 4 4 4 4 4 4 4 4 4 4 4 4 4 4 4 4 4 4 4 4 4 4 4 4 4 4 4 4 4 4 4 4 4 4 4 4 4 4 4 4 
7.06 5.33 7.79 2.45 3.97 6.8 2.36 0.88 0.87 1.05 4.46 0.73 2.18 1.73 2.68 1.62 1.89 3.72 0.75 7.08 5.14 7.19 4.73 4.28 7.75 0.69 3.41 5.2 3.53 5.4 3.71 7.58 0.91 2.74 1.56 6.24 1.39 0.27 3.18 2.84 2.33 7.81 2.34 5.32 0.97 1.67 5.82 5.86 
0.34 6.41 2.09 7.34 6.51 5.74 7.01 0.38 2.88 0.25 6.12 7.45 3.19 5.44 3.16 7.72 0.59 6.7 1.66 2.84 1.21 5.85 1.71 0.48 6.25 6.35 5.22 2.32 3.07 3.31 1.61 4.22 4.46 1.89 7.46 5.6 3.87 4 5.47 2.76 2.67 4.77 4.51 7.83 5.78 1.07 2.64 4.51 
4.16 6.37 6.04 6.49 4.23 3.22 2.05 6.2 4.74 7.37 7.57 0.56 1.28 3.39 1.25 2.6 5.86 6.47 0.87 5.37 6.84 3.67 2.6 6.31 1.06 3.15 5.7 5.05 4.03 6.4 0.32 0.3 2.89 3.5 7.07 1.83 5.56 1.7 7.17 2.25 1.14 4.71 2.06 3.12 5.9 5.29 6.68 2.92 
1 1 1 1 1 1 1 1 1 1 1 1 1 1 1 1 1 1 1 1 1 1 1 1 1 1 1 1 1 1 1 1 1 1 1 1 1 1 1 1 1 1 1 1 1 1 1 1 
1 1 1 1 1 1 1 1 1 1 1 1 1 1 1 1 1 1 1 1 1 1 1 1 1 1 1 1 1 1 1 1 1 1 1 1 1 1 1 1 1 1 1 1 1 1 1 1 
1 1 1 1 1 1 1 1 1 1 1 1 1 1 1 1 1 1 1 1 1 1 1 1 1 1 1 1 1 1 1 1 1 1 1 1 1 1 1 1 1 1 1 1 1 1 1 1 
1 1 1 1 1 1 1 1 1 1 1 1 1 1 1 1 1 1 1 1 1 1 1 1 1 1 1 1 1 1 1 1 1 1 1 1 1 1 1 1 1 1 1 1 1 1 1 1 
1 1 1 1 1 1 1 1 1 1 1 1 1 1 1 1 1 1 1 1 1 1 1 1 1 1 1 1 1 1 1 1 1 1 1 1 1 1 1 1 1 1 1 1 1 1 1 1 
1 1 1 1 1 1 1 1 1 1 1 1 1 1 1 1 1 1 1 1 1 1 1 1 1 1 1 1 1 1 1 1 1 1 1 1 1 1 1 1 1 1 1 1 1 1 1 1 
0.01 0.01 0.01 0.01 0.01 0.01 0.01 0.01 0.01 0.01 0.01 0.01 0.01 0.01 0.01 0.01 0.01 0.01 0.01 0.01 0.01 0.01 0.01 0.01 0.01 0.01 0.01 0.01 0.01 0.01 0.01 0.01 0.01 0.01 0.01 0.01 0.01 0.01 0.01 0.01 0.01 0.01 0.01 0.01 0.01 0.01 0.01 0.01 
0.02 0.02 0.02 0.02 0.02 0.02 0.02 0.02 0.02 0.02 0.02 0.02 0.02 0.02 0.02 0.02 0.02 0.02 0.02 0.02 0.02 0.02 0.02 0.02 0.02 0.02 0.02 0.02 0.02 0.02 0.02 0.02 0.02 0.02 0.02 0.02 0.02 0.02 0.02 0.02 0.02 0.02 0.02 0.02 0.02 0.02 0.02 0.02 
0.03 0.03 0.03 0.03 0.03 0.03 0.03 0.03 0.03 0.03 0.03 0.03 0.03 0.03 0.03 0.03 0.03 0.03 0.03 0.03 0.03 0.03 0.03 0.03 0.03 0.03 0.03 0.03 0.03 0.03 0.03 0.03 0.03 0.03 0.03 0.03 0.03 0.03 0.03 0.03 0.03 0.03 0.03 0.03 0.03 0.03 0.03 0.03 
0.333333 0.333333 0.333333 0.333333 0.333333 0.333333 0.333333 0.333333 0.333333 0.333333 0.333333 0.333333 0.333333 0.333333 0.333333 0.333333 0.333333 0.333333 0.333333 0.333333 0.333333 0.333333 0.333333 0.333333 0.333333 0.333333 0.333333 0.333333 0.333333 0.333333 0.333333 0.333333 0.333333 0.333333 0.333333 0.333333 0.333333 0.333333 0.333333 0.333333 0.333333 0.333333 0.333333 0.333333 0.333333 0.333333 0.333333 0.333333 
0.666667 0.666667 0.666667 0.666667 0.666667 0.666667 0.666667 0.666667 0.666667 0.666667 0.666667 0.666667 0.666667 0.666667 0.666667 0.666667 0.666667 0.666667 0.666667 0.666667 0.666667 0.666667 0.666667 0.666667 0.666667 0.666667 0.666667 0.666667 0.666667 0.666667 0.666667 0.666667 0.666667 0.666667 0.666667 0.666667 0.666667 0.666667 0.666667 0.666667 0.666667 0.666667 0.666667 0.666667 0.666667 0.666667 0.666667 0.666667 
1 1 1 1 1 1 1 1 1 1 1 1 1 1 1 1 1 1 1 1 1 1 1 1 1 1 1 1 1 1 1 1 1 1 1 1 1 1 1 1 1 1 1 1 1 1 1 1 
