6 32 2 10
6 6 15 1 1 14 17 18 14 6 10 6 2 9 1 8 19 3 8 13 11 4 10 4 16 11 5 4 5 20 12 8 
6.88 2.81 3.63 1.15 6.48 5.67 2.48 6.46 6.71 6.68 0.76 7.53 6.62 7 3.45 4.06 3.64 7.81 4.8 6.6 7.41 3.83 6.18 5.11 0.2 4.57 6.84 1.5 1.59 5.75 0.04 0.98 
0.97 6.68 5.73 5.05 4.18 5.64 0.74 3 7.33 7.08 5.68 2.23 2.8 3.42 4.25 3.91 2.71 1.24 3.71 5.66 7.06 7.09 5.16 5.06 0.84 7.55 5.89 7.43 6.98 3.73 5.42 2.08 
4 4 4 4 4 4 4 4 4 4 4 4 4 4 4 4 4 4 4 4 4 4 4 4 4 4 4 4 4 4 4 4 
1.39 3.19 7.11 6.33 1.58 0.84 6.48 7.76 6.53 0.23 3.3 1.73 7.97 4.08 3.93 5.22 6.86 0.63 0.94 7.19 6.57 1.41 0.39 3.15 7.65 0.8 4.3 0.25 2.26 0.69 7.19 5.54 
1.52 4.45 1.1 4.65 7.56 5 4.9 0.96 5.37 6.33 0.09 3.73 7.77 7.76 7.83 3.05 0.03 7.76 7.92 6.58 5.05 2.02 3.04 3.51 4.27 6.09 0.96 6.08 2.79 4.35 1.46 5.63 
7.68 3.48 3.34 6.96 7.24 5.85 4.92 4.53 6.12 5.78 3.56 1.51 4.3 2.14 1.88 1.43 0.88 7.88 6.03 1.09 0.67 6.73 3.8 1.99 1.23 0.32 6.46 4.88 5.48 2.83 7.08 5.49 
1 1 1 1 1 1 1 1 1 1 1 1 1 1 1 1 1 1 1 1 1 1 1 1 1 1 1 1 1 1 1 1 
1 1 1 1 1 1 1 1 1 1 1 1 1 1 1 1 1 1 1 1 1 1 1 1 1 1 1 1 1 1 1 1 
1 1 1 1 1 1 1 1 1 1 1 1 1 1 1 1 1 1 1 1 1 1 1 1 1 1 1 1 1 1 1 1 
1 1 1 1 1 1 1 1 1 1 1 1 1 1 1 1 1 1 1 1 1 1 1 1 1 1 1 1 1 1 1 1 
1 1 1 1 1 1 1 1 1 1 1 1 1 1 1 1 1 1 1 1 1 1 1 1 1 1 1 1 1 1 1 1 
1 1 1 1 1 1 1 1 1 1 1 1 1 1 1 1 1 1 1 1 1 1 1 1 1 1 1 1 1 1 1 1 
0.01 0.01 0.01 0.01 0.01 0.01 0.01 0.01 0.01 0.01 0.01 0.01 0.01 0.01 0.01 0.01 0.01 0.01 0.01 0.01 0.01 0.01 0.01 0.01 0.01 0.01 0.01 0.01 0.01 0.01 0.01 0.01 
0.02 0.02 0.02 0.02 0.02 0.02 0.02 0.02 0.02 0.02 0.02 0.02 0.02 0.02 0.02 0.02 0.02 0.02 0.02 0.02 0.02 0.02 0.02 0.02 0.02 0.02 0.02 0.02 0.02 0.02 0.02 0.02 
0.03 0.03 0.03 0.03 0.03 0.03 0.03 0.03 0.03 0.03 0.03 0.03 0.03 0.03 0.03 0.03 0.03 0.03 0.03 0.03 0.03 0.03 0.03 0.03 0.03 0.03 0.03 0.03 0.03 0.03 0.03 0.03 
0.333333 0.333333 0.333333 0.333333 0.333333 0.333333 0.333333 0.333333 0.333333 0.333333 0.333333 0.333333 0.333333 0.333333 0.333333 0.333333 0.333333 0.333333 0.333333 0.333333 0.333333 0.333333 0.333333 0.333333 0.333333 0.333333 0.333333 0.333333 0.333333 0.333333 0.333333 0.333333 
0.666667 0.666667 0.666667 0.666667 0.666667 0.666667 0.666667 0.666667 0.666667 0.666667 0.666667 0.666667 0.666667 0.666667 0.666667 0.666667 0.666667 0.666667 0.666667 0.666667 0.666667 0.666667 0.666667 0.666667 0.666667 0.666667 0.666667 0.666667 0.666667 0.666667 0.666667 0.666667 
1 1 1 1 1 1 1 1 1 1 1 1 1 1 1 1 1 1 1 1 1 1 1 1 1 1 1 1 1 1 1 1 
