6 24 2 10
12 17 10 15 1 12 19 1 2 7 6 7 11 3 14 11 18 6 20 10 3 7 17 18 
1.92 2.97 6.88 0.03 0.38 5.42 4.87 2.11 7.37 3.34 1.73 2.88 7.92 1.75 7.88 5.97 3.42 6.44 1.49 4.21 6.15 5.31 4.24 4.83 
0.87 5.02 6.23 5.28 7.56 4.11 4.81 2.39 3.79 4.6 2.83 0.63 5.68 1.66 7.69 5.58 3.58 7.6 3.48 1.8 7.64 7.65 7.97 0.58 
4 4 4 4 4 4 4 4 4 4 4 4 4 4 4 4 4 4 4 4 4 4 4 4 
3.42 4.77 0.53 7.56 7.69 4.6 5.5 4.54 4.83 7.38 6.38 6.21 1.74 6.94 7.02 2.35 4.61 4.62 4.9 4.39 1.57 3.21 1.55 2.47 
0.92 4.37 7.15 6.33 6.12 5.92 5.66 2.17 7.54 6.37 0.99 2.97 6.78 0.54 3.29 1.03 3.68 6.51 1.11 0.29 2.67 3.24 6.57 2.49 
4.43 5.69 7.95 6.47 2.22 0.36 3.78 5.37 6.31 7.21 0.89 5.63 7.25 2.83 4.97 4.49 3.06 3.66 6.98 1.78 7.52 4.94 7.09 5.71 
1 1 1 1 1 1 1 1 1 1 1 1 1 1 1 1 1 1 1 1 1 1 1 1 
1 1 1 1 1 1 1 1 1 1 1 1 1 1 1 1 1 1 1 1 1 1 1 1 
1 1 1 1 1 1 1 1 1 1 1 1 1 1 1 1 1 1 1 1 1 1 1 1 
1 1 1 1 1 1 1 1 1 1 1 1 1 1 1 1 1 1 1 1 1 1 1 1 
1 1 1 1 1 1 1 1 1 1 1 1 1 1 1 1 1 1 1 1 1 1 1 1 
1 1 1 1 1 1 1 1 1 1 1 1 1 1 1 1 1 1 1 1 1 1 1 1 
0.01 0.01 0.01 0.01 0.01 0.01 0.01 0.01 0.01 0.01 0.01 0.01 0.01 0.01 0.01 0.01 0.01 0.01 0.01 0.01 0.01 0.01 0.01 0.01 
0.02 0.02 0.02 0.02 0.02 0.02 0.02 0.02 0.02 0.02 0.02 0.02 0.02 0.02 0.02 0.02 0.02 0.02 0.02 0.02 0.02 0.02 0.02 0.02 
0.03 0.03 0.03 0.03 0.03 0.03 0.03 0.03 0.03 0.03 0.03 0.03 0.03 0.03 0.03 0.03 0.03 0.03 0.03 0.03 0.03 0.03 0.03 0.03 
0.333333 0.333333 0.333333 0.333333 0.333333 0.333333 0.333333 0.333333 0.333333 0.333333 0.333333 0.333333 0.333333 0.333333 0.333333 0.333333 0.333333 0.333333 0.333333 0.333333 0.333333 0.333333 0.333333 0.333333 
0.666667 0.666667 0.666667 0.666667 0.666667 0.666667 0.666667 0.666667 0.666667 0.666667 0.666667 0.666667 0.666667 0.666667 0.666667 0.666667 0.666667 0.666667 0.666667 0.666667 0.666667 0.666667 0.666667 0.666667 
1 1 1 1 1 1 1 1 1 1 1 1 1 1 1 1 1 1 1 1 1 1 1 1 
