6 48 2 10
2 3 19 6 19 12 12 16 5 17 9 9 15 20 15 12 5 3 11 15 20 15 17 13 18 2 9 7 15 8 20 8 4 12 5 19 14 14 6 6 18 16 19 17 7 14 16 12 
4.29 6.26 7.09 6.31 4 7.13 5.17 6.13 7.46 0.17 1.19 5.31 3.29 2.61 2.73 7.24 2.49 7.12 6.06 7.08 4.45 4.94 3.37 2.94 1.86 1.84 2.89 2.62 2.21 1.54 4.98 5.87 1.34 4.67 0.84 6.63 4.65 2.92 4.27 6.45 0.48 5.98 5.31 7.38 0.85 1.69 6.8 4.67 
6.23 5.76 0.22 5.68 2.06 6.1 1.97 0.52 4.04 2.85 4.74 0.27 0.75 0.99 5.89 0.77 5.25 1.59 1.63 3.54 0.88 7.98 7.07 7.07 6.1 2.25 1.02 1.71 2.39 4.73 1.37 7.33 2.39 6.16 3.46 0.27 7.15 6.93 2.88 2.93 3.13 5.38 1.5 7.11 5.67 5.99 2.86 1.24 
4 4 4 4 4 4 4 4 4 4 4 4 4 4 4 4 4 4 4 4 4 4 4 4 4 4 4 4 4 4 4 4 4 4 4 4 4 4 4 4 4 4 4 4 4 4 4 4 
3.06 5.9 4 6.91 6.11 7.48 4.64 1.68 5.25 5.45 4.87 7.87 6.28 3.32 5.95 5.57 0.37 4.28 2.53 5.46 5.9 5.58 4.4 4.79 3.8 0.97 6.05 2.15 5.8 5.4 3.21 6.62 1.23 1.36 5.6 3.6 4.98 1.39 7.49 7.89 0.07 3.75 2.26 0.8 2.44 1.39 1.84 6.81 
2.7 0.54 7.91 1.98 5.34 2.26 2.57 5.81 7.3 6.34 4.67 1.55 3.44 0.78 7.9 7.31 0.18 5.66 5.02 0.68 3.78 6.81 2.01 6.12 0.45 2.05 3.54 0.88 0.36 3.13 2.59 4.13 7.99 0.52 5.19 5.03 0.16 4.49 5.05 2.06 5.72 2.89 5.26 4.29 3.63 5.43 6.91 4.97 
4.63 6.51 1.21 2.23 1.3 7.61 2.19 1.84 7.11 3.17 6.27 3.6 5.67 6.44 3.92 5.74 0.57 7.11 5.9 2.79 7.05 6.08 0.44 4.72 6.46 7.41 6.09 7.89 7.96 6.06 1.34 7.43 7.01 5.44 2.37 5.93 1.97 2.2 2.89 5.84 6.61 2.18 2.52 3.11 2.63 1.57 3.45 4.86 
1 1 1 1 1 1 1 1 1 1 1 1 1 1 1 1 1 1 1 1 1 1 1 1 1 1 1 1 1 1 1 1 1 1 1 1 1 1 1 1 1 1 1 1 1 1 1 1 
1 1 1 1 1 1 1 1 1 1 1 1 1 1 1 1 1 1 1 1 1 1 1 1 1 1 1 1 1 1 1 1 1 1 1 1 1 1 1 1 1 1 1 1 1 1 1 1 
1 1 1 1 1 1 1 1 1 1 1 1 1 1 1 1 1 1 1 1 1 1 1 1 1 1 1 1 1 1 1 1 1 1 1 1 1 1 1 1 1 1 1 1 1 1 1 1 
1 1 1 1 1 1 1 1 1 1 1 1 1 1 1 1 1 1 1 1 1 1 1 1 1 1 1 1 1 1 1 1 1 1 1 1 1 1 1 1 1 1 1 1 1 1 1 1 
1 1 1 1 1 1 1 1 1 1 1 1 1 1 1 1 1 1 1 1 1 1 1 1 1 1 1 1 1 1 1 1 1 1 1 1 1 1 1 1 1 1 1 1 1 1 1 1 
1 1 1 1 1 1 1 1 1 1 1 1 1 1 1 1 1 1 1 1 1 1 1 1 1 1 1 1 1 1 1 1 1 1 1 1 1 1 1 1 1 1 1 1 1 1 1 1 
0.01 0.01 0.01 0.01 0.01 0.01 0.01 0.01 0.01 0.01 0.01 0.01 0.01 0.01 0.01 0.01 0.01 0.01 0.01 0.01 0.01 0.01 0.01 0.01 0.01 0.01 0.01 0.01 0.01 0.01 0.01 0.01 0.01 0.01 0.01 0.01 0.01 0.01 0.01 0.01 0.01 0.01 0.01 0.01 0.01 0.01 0.01 0.01 
0.02 0.02 0.02 0.02 0.02 0.02 0.02 0.02 0.02 0.02 0.02 0.02 0.02 0.02 0.02 0.02 0.02 0.02 0.02 0.02 0.02 0.02 0.02 0.02 0.02 0.02 0.02 0.02 0.02 0.02 0.02 0.02 0.02 0.02 0.02 0.02 0.02 0.02 0.02 0.02 0.02 0.02 0.02 0.02 0.02 0.02 0.02 0.02 
0.03 0.03 0.03 0.03 0.03 0.03 0.03 0.03 0.03 0.03 0.03 0.03 0.03 0.03 0.03 0.03 0.03 0.03 0.03 0.03 0.03 0.03 0.03 0.03 0.03 0.03 0.03 0.03 0.03 0.03 0.03 0.03 0.03 0.03 0.03 0.03 0.03 0.03 0.03 0.03 0.03 0.03 0.03 0.03 0.03 0.03 0.03 0.03 
0.333333 0.333333 0.333333 0.333333 0.333333 0.333333 0.333333 0.333333 0.333333 0.333333 0.333333 0.333333 0.333333 0.333333 0.333333 0.333333 0.333333 0.333333 0.333333 0.333333 0.333333 0.333333 0.333333 0.333333 0.333333 0.333333 0.333333 0.333333 0.333333 0.333333 0.333333 0.333333 0.333333 0.333333 0.333333 0.333333 0.333333 0.333333 0.333333 0.333333 0.333333 0.333333 0.333333 0.333333 0.333333 0.333333 0.333333 0.333333 
0.666667 0.666667 0.666667 0.666667 0.666667 0.666667 0.666667 0.666667 0.666667 0.666667 0.666667 0.666667 0.666667 0.666667 0.666667 0.666667 0.666667 0.666667 0.666667 0.666667 0.666667 0.666667 0.666667 0.666667 0.666667 0.666667 0.666667 0.666667 0.666667 0.666667 0.666667 0.666667 0.666667 0.666667 0.666667 0.666667 0.666667 0.666667 0.666667 0.666667 0.666667 0.666667 0.666667 0.666667 0.666667 0.666667 0.666667 0.666667 
1 1 1 1 1 1 1 1 1 1 1 1 1 1 1 1 1 1 1 1 1 1 1 1 1 1 1 1 1 1 1 1 1 1 1 1 1 1 1 1 1 1 1 1 1 1 1 1 
