12 16 3 10
7 6 13 1 14 13 18 5 10 12 13 14 9 1 8 4 
1.73 0.09 6.09 4.49 4.03 1.62 4.82 7.35 1.28 3.45 1.74 3.27 0 3.21 2.04 5.94 
6.4 2.2 5.37 5.46 1.17 4.89 1.72 0.6 5.77 6.48 1.4 2.2 3.41 4.65 7.79 3.31 
6.22 7.35 3.3 1.38 1.55 1.02 3.78 5.18 0.53 3.05 6.76 7.22 7.04 7.93 5.64 7.31 
4 4 4 4 4 4 4 4 4 4 4 4 4 4 4 4 
7.17 7.47 5.12 5.18 1.17 4.4 4.59 3.9 4.95 2.11 0.74 5.26 5 0.5 7.71 5.26 
4.05 2.08 7.99 2.83 3.39 2.89 6.01 7.08 6.26 5.4 1.04 4.89 4.71 3.18 6.48 3.58 
3.03 7.13 0.09 5.84 3.73 7.64 1.6 3.01 0.53 3.24 7.85 6.4 3.06 2.28 3.21 1.49 
1.02 6.25 0.47 6.01 1.58 5.14 7.56 7.87 2.31 6.61 5.13 6.03 0.92 4.29 1.23 1.54 
5.3 3.35 7.91 2.7 3.32 4.26 0.46 0.39 0.7 2.49 0.19 7.53 2.83 2.07 4.66 0.73 
1.18 0.37 1.88 5.33 1.82 2.91 6.09 7.77 7.99 4.41 0.63 5.8 0.78 1.85 7.73 5.88 
3.38 2.35 3.21 2.96 5.52 2.62 0.57 6.56 3.03 6.94 4 6.19 1.47 7.19 0.69 5.77 
4.5 3.2 5.73 7.94 1.98 6.74 2.94 4.19 7.02 3.5 4.1 1.38 0.76 4.43 7.14 2.66 
1 1 1 1 1 1 1 1 1 1 1 1 1 1 1 1 
1 1 1 1 1 1 1 1 1 1 1 1 1 1 1 1 
1 1 1 1 1 1 1 1 1 1 1 1 1 1 1 1 
1 1 1 1 1 1 1 1 1 1 1 1 1 1 1 1 
1 1 1 1 1 1 1 1 1 1 1 1 1 1 1 1 
1 1 1 1 1 1 1 1 1 1 1 1 1 1 1 1 
1 1 1 1 1 1 1 1 1 1 1 1 1 1 1 1 
1 1 1 1 1 1 1 1 1 1 1 1 1 1 1 1 
1 1 1 1 1 1 1 1 1 1 1 1 1 1 1 1 
1 1 1 1 1 1 1 1 1 1 1 1 1 1 1 1 
1 1 1 1 1 1 1 1 1 1 1 1 1 1 1 1 
1 1 1 1 1 1 1 1 1 1 1 1 1 1 1 1 
0.01 0.01 0.01 0.01 0.01 0.01 0.01 0.01 0.01 0.01 0.01 0.01 0.01 0.01 0.01 0.01 
0.02 0.02 0.02 0.02 0.02 0.02 0.02 0.02 0.02 0.02 0.02 0.02 0.02 0.02 0.02 0.02 
0.03 0.03 0.03 0.03 0.03 0.03 0.03 0.03 0.03 0.03 0.03 0.03 0.03 0.03 0.03 0.03 
0.04 0.04 0.04 0.04 0.04 0.04 0.04 0.04 0.04 0.04 0.04 0.04 0.04 0.04 0.04 0.04 
0.125 0.125 0.125 0.125 0.125 0.125 0.125 0.125 0.125 0.125 0.125 0.125 0.125 0.125 0.125 0.125 
0.25 0.25 0.25 0.25 0.25 0.25 0.25 0.25 0.25 0.25 0.25 0.25 0.25 0.25 0.25 0.25 
0.375 0.375 0.375 0.375 0.375 0.375 0.375 0.375 0.375 0.375 0.375 0.375 0.375 0.375 0.375 0.375 
0.5 0.5 0.5 0.5 0.5 0.5 0.5 0.5 0.5 0.5 0.5 0.5 0.5 0.5 0.5 0.5 
0.625 0.625 0.625 0.625 0.625 0.625 0.625 0.625 0.625 0.625 0.625 0.625 0.625 0.625 0.625 0.625 
0.75 0.75 0.75 0.75 0.75 0.75 0.75 0.75 0.75 0.75 0.75 0.75 0.75 0.75 0.75 0.75 
0.875 0.875 0.875 0.875 0.875 0.875 0.875 0.875 0.875 0.875 0.875 0.875 0.875 0.875 0.875 0.875 
1 1 1 1 1 1 1 1 1 1 1 1 1 1 1 1 
