6 24 2 10
12 18 4 17 4 9 7 14 1 11 3 16 12 20 6 7 8 19 16 6 17 18 1 17 
5.85 2.54 7.73 1.34 1.03 3.3 0.81 7.1 6.71 2.03 5.2 0.35 0.71 5.83 7.06 2.83 2.32 6.74 6.39 6.98 7.83 0.87 0.29 5.17 
6.77 6.7 6.07 2.35 4.06 5.1 4.89 2.67 5.66 4.12 6.13 0.98 1.57 0.33 5.48 7.85 0.01 2.34 5.88 4.88 6.27 6.86 4.42 4.9 
4 4 4 4 4 4 4 4 4 4 4 4 4 4 4 4 4 4 4 4 4 4 4 4 
6.01 2.9 0.76 3.36 5.12 0.09 0.8 7.63 5.92 5.84 7.9 4 5.5 3.31 0.21 2.09 7.08 5.15 5.55 3.83 1.28 1.59 1.48 1.24 
0.56 3.94 6.11 5.54 5.66 6 0.75 0.45 5.17 1.34 4.1 5.3 6.44 6.09 1.85 5.91 1.68 1.88 1.3 2.73 5.07 3.62 6.68 5.22 
1.72 6.53 4.94 3.33 4.18 7.48 4.22 6.99 1.91 2.28 2.9 7.56 5.19 6.9 0.7 0.95 4.98 4.74 0.93 7.25 0.37 0.44 1.41 2.03 
1 1 1 1 1 1 1 1 1 1 1 1 1 1 1 1 1 1 1 1 1 1 1 1 
1 1 1 1 1 1 1 1 1 1 1 1 1 1 1 1 1 1 1 1 1 1 1 1 
1 1 1 1 1 1 1 1 1 1 1 1 1 1 1 1 1 1 1 1 1 1 1 1 
1 1 1 1 1 1 1 1 1 1 1 1 1 1 1 1 1 1 1 1 1 1 1 1 
1 1 1 1 1 1 1 1 1 1 1 1 1 1 1 1 1 1 1 1 1 1 1 1 
1 1 1 1 1 1 1 1 1 1 1 1 1 1 1 1 1 1 1 1 1 1 1 1 
0.01 0.01 0.01 0.01 0.01 0.01 0.01 0.01 0.01 0.01 0.01 0.01 0.01 0.01 0.01 0.01 0.01 0.01 0.01 0.01 0.01 0.01 0.01 0.01 
0.02 0.02 0.02 0.02 0.02 0.02 0.02 0.02 0.02 0.02 0.02 0.02 0.02 0.02 0.02 0.02 0.02 0.02 0.02 0.02 0.02 0.02 0.02 0.02 
0.03 0.03 0.03 0.03 0.03 0.03 0.03 0.03 0.03 0.03 0.03 0.03 0.03 0.03 0.03 0.03 0.03 0.03 0.03 0.03 0.03 0.03 0.03 0.03 
0.333333 0.333333 0.333333 0.333333 0.333333 0.333333 0.333333 0.333333 0.333333 0.333333 0.333333 0.333333 0.333333 0.333333 0.333333 0.333333 0.333333 0.333333 0.333333 0.333333 0.333333 0.333333 0.333333 0.333333 
0.666667 0.666667 0.666667 0.666667 0.666667 0.666667 0.666667 0.666667 0.666667 0.666667 0.666667 0.666667 0.666667 0.666667 0.666667 0.666667 0.666667 0.666667 0.666667 0.666667 0.666667 0.666667 0.666667 0.666667 
1 1 1 1 1 1 1 1 1 1 1 1 1 1 1 1 1 1 1 1 1 1 1 1 
