12 16 6 10
8 13 19 4 5 4 4 19 20 6 5 4 15 1 10 13 
7.54 7.79 7.53 4 1.86 4.25 0.92 6.05 5.7 6.08 7.89 7.95 4.4 6.45 6.46 0.23 
4.7 7.97 6.29 1.06 6.52 5.76 7.99 6.41 5.26 2.57 1.7 5.71 3.14 0.97 2.34 5.18 
7.45 5.4 1.73 5.15 6.09 2.48 3.74 4.94 3.41 4.05 2.22 1.22 1.37 0.66 0.18 5.28 
0.02 7.07 1.08 7.55 3.26 2.83 0.92 7.64 7.21 3.03 7.42 5.26 6.94 5.41 0.86 6.06 
1.52 5.66 7.96 0.27 1.81 2.1 4.23 7.37 7.92 0.31 1.17 7.91 7.05 0.64 1.67 7.99 
7.03 4.58 2.48 2.72 2.75 4.3 7.91 5.36 4.48 6.3 1.66 3.48 0.09 5.89 5.95 5.84 
4 4 4 4 4 4 4 4 4 4 4 4 4 4 4 4 
6.28 7.73 7.06 7.78 5.92 4.51 4.99 0.75 6.28 2.05 3.83 1.53 7.77 7.81 2.38 6.7 
4.9 3.73 7.55 2.81 3.09 0.23 4.22 0.93 2.16 1.18 0.73 3.49 0.11 2.58 5.8 2.05 
5.97 6.29 4.36 0.71 6.85 1.21 0.06 2.72 1.7 0.77 5.06 5.98 4.26 0.16 3.9 6.91 
5.73 7.16 7.33 7.68 3.43 5.61 2.19 4.64 2.43 3.43 4.03 3.46 5.09 3.56 7.24 7.68 
4.48 6.22 0.62 0.73 4.54 7.89 1.16 3.07 7.82 5.62 0.01 0.75 3.63 5.99 2.38 2.92 
1 1 1 1 1 1 1 1 1 1 1 1 1 1 1 1 
1 1 1 1 1 1 1 1 1 1 1 1 1 1 1 1 
1 1 1 1 1 1 1 1 1 1 1 1 1 1 1 1 
1 1 1 1 1 1 1 1 1 1 1 1 1 1 1 1 
1 1 1 1 1 1 1 1 1 1 1 1 1 1 1 1 
1 1 1 1 1 1 1 1 1 1 1 1 1 1 1 1 
1 1 1 1 1 1 1 1 1 1 1 1 1 1 1 1 
1 1 1 1 1 1 1 1 1 1 1 1 1 1 1 1 
1 1 1 1 1 1 1 1 1 1 1 1 1 1 1 1 
1 1 1 1 1 1 1 1 1 1 1 1 1 1 1 1 
1 1 1 1 1 1 1 1 1 1 1 1 1 1 1 1 
1 1 1 1 1 1 1 1 1 1 1 1 1 1 1 1 
0.01 0.01 0.01 0.01 0.01 0.01 0.01 0.01 0.01 0.01 0.01 0.01 0.01 0.01 0.01 0.01 
0.02 0.02 0.02 0.02 0.02 0.02 0.02 0.02 0.02 0.02 0.02 0.02 0.02 0.02 0.02 0.02 
0.03 0.03 0.03 0.03 0.03 0.03 0.03 0.03 0.03 0.03 0.03 0.03 0.03 0.03 0.03 0.03 
0.04 0.04 0.04 0.04 0.04 0.04 0.04 0.04 0.04 0.04 0.04 0.04 0.04 0.04 0.04 0.04 
0.05 0.05 0.05 0.05 0.05 0.05 0.05 0.05 0.05 0.05 0.05 0.05 0.05 0.05 0.05 0.05 
0.06 0.06 0.06 0.06 0.06 0.06 0.06 0.06 0.06 0.06 0.06 0.06 0.06 0.06 0.06 0.06 
0.07 0.07 0.07 0.07 0.07 0.07 0.07 0.07 0.07 0.07 0.07 0.07 0.07 0.07 0.07 0.07 
0.2 0.2 0.2 0.2 0.2 0.2 0.2 0.2 0.2 0.2 0.2 0.2 0.2 0.2 0.2 0.2 
0.4 0.4 0.4 0.4 0.4 0.4 0.4 0.4 0.4 0.4 0.4 0.4 0.4 0.4 0.4 0.4 
0.6 0.6 0.6 0.6 0.6 0.6 0.6 0.6 0.6 0.6 0.6 0.6 0.6 0.6 0.6 0.6 
0.8 0.8 0.8 0.8 0.8 0.8 0.8 0.8 0.8 0.8 0.8 0.8 0.8 0.8 0.8 0.8 
1 1 1 1 1 1 1 1 1 1 1 1 1 1 1 1 
