12 48 3 10
8 15 6 14 14 20 11 8 3 9 9 1 7 17 18 11 13 14 4 12 4 20 19 9 15 5 16 20 19 6 3 19 20 13 15 4 16 5 14 14 6 18 5 2 8 11 18 18 
2.22 2.47 4.89 6.2 5.28 4.77 1.07 6.01 7.87 2.47 2.94 3.59 5.5 1.58 2.47 2.35 0.37 5.93 4.01 2.89 5.96 7.96 6.37 1.41 6.32 1.11 5.93 4.1 1.08 2.95 6.5 4.61 7.17 4.28 0.05 1.95 1.56 2.06 3.16 4.77 6.52 7.71 6.66 5.21 5.8 3.32 1.9 7.12 
2.54 6.21 2.73 6.14 7.17 1.69 7.97 1.2 2.86 4.99 3.8 5.49 3.62 5.38 4.69 6.18 0.07 2.91 3.21 7.43 5.45 2.54 7.6 3.47 7.14 4.97 6.67 6.13 5.89 1.14 6.76 5.53 0.25 2.1 7.23 4.42 0.46 0.86 2.03 6.93 0.61 3.23 2.69 4.54 5.25 2.78 2.58 2.81 
5.57 7.02 5.7 0.3 1.65 2.24 1.12 5.99 3.33 2.72 1.96 5.83 3.1 1.43 5.03 6.97 6.16 2.49 1.37 7.39 7.77 6.19 0.49 4.13 3.51 6.83 7.93 5.58 5.98 5.45 4.32 6.31 4.97 4.17 0.34 6.05 3.64 4.18 2.68 2 2.97 6.98 6.97 0.33 4.04 3.12 6.78 7.89 
4 4 4 4 4 4 4 4 4 4 4 4 4 4 4 4 4 4 4 4 4 4 4 4 4 4 4 4 4 4 4 4 4 4 4 4 4 4 4 4 4 4 4 4 4 4 4 4 
0.07 1.61 5.32 0.43 1.04 6.02 0.01 1.04 1.84 4.3 6.61 5.51 0.81 7.78 4.96 6.51 6.58 5.86 7.09 2.86 3.04 0.14 0.82 2.86 6.21 3.34 6.12 6.72 1.41 2.8 1.25 3.87 2.56 6.49 5.92 1.24 0.04 2.54 6.11 3.77 6.81 4.67 6.71 0.71 2.58 4.88 4.92 3.14 
2.52 5.31 1.99 3.38 0.1 7.15 5.25 1.23 6.74 1.44 0.72 4.19 7.86 1.72 7.98 4.92 3.01 5.55 7.99 2.73 0.46 0.1 5.24 4.7 5.87 4.67 0.32 6.67 3.35 5.61 3.11 5.52 5.5 7.98 5.72 7.37 1.42 5.27 2.09 2.28 6.48 6.45 0.99 4.84 5.51 0.55 4.38 2.51 
2.04 0.34 1.04 3.36 4.17 5.16 3.97 6.69 6.11 5.34 6.84 4.82 1.19 7.17 0.08 0.68 6.68 2.72 2.66 7.39 2.2 5.42 6.76 1.01 6.95 2.89 4.42 7.95 7.6 3.55 1.53 7.04 2.09 3.66 5.85 3.84 3.51 5.9 4.35 5.72 6.29 1.41 4.32 3 6.51 0.98 1.48 1.51 
0.42 7.07 7.72 0.8 3.48 1.57 4.35 5.74 4.49 3.22 2.52 1.08 2.11 3.3 7.69 0.39 3.66 2.66 3.7 5.04 4.47 6.58 5.07 2.43 2.47 1.4 6.48 7.84 6.96 4.45 6.58 7.76 2.86 2.04 6.73 7.15 4.47 0.32 4.86 1.06 7.28 0.89 7.5 1.59 2.79 1.04 2.81 4.55 
4.9 4.7 3.11 0.79 5.03 1.79 6.87 3.32 2.11 6.78 5.02 7.37 2.68 7.15 4.06 2.53 7.24 5.8 0.44 4.5 4.29 5.11 7.8 2.28 6.23 0.56 3.02 5.97 1.99 5.56 1.97 3.46 3.19 5.08 3.91 3.13 5.4 2.29 2.67 2.88 2.12 1.57 4.39 1.28 0.55 7.6 2.2 5.43 
5.84 4.91 2.32 1.87 0.98 5.11 2.47 3.39 4.3 2.64 7.67 1.77 4.3 4.19 1.93 4.07 1.89 7.62 7.34 6.48 5.41 6.29 0.51 2.07 4.76 5.04 7.2 3.96 0.6 7.87 2.5 0.7 4.97 7.35 7.27 4.18 6.77 1.32 1.16 3.9 1.69 1.36 3.46 2.45 3.69 0.71 7.5 4.08 
3.9 0.17 4.18 2.23 6.74 2.74 7.62 0 2.66 6.18 3.67 0.67 8 2.19 3.53 6.09 7.73 5.46 1.48 3.91 2.53 5 2.4 3.4 3.08 3.84 2.52 2.37 3.12 2.81 3.7 6.93 4.07 4.46 4.36 3.3 1.23 6.73 4.35 1.16 7.69 6.3 7.27 2.32 5.74 1.62 0.65 1.47 
0.67 2.93 5.57 3.91 6.95 6.03 6.57 0.12 1.37 2.6 2.18 1.75 7.77 5.16 4.81 0.56 5.26 2.96 5.45 7.54 2.21 7.63 5.3 7.53 3.09 4.62 6.8 2.2 2.47 1.13 3.4 1.44 4.19 3.93 7.1 1.41 2.44 3.68 0.37 1.68 2.31 0.92 2.8 4.22 3.62 2.4 5.88 7.21 
1 1 1 1 1 1 1 1 1 1 1 1 1 1 1 1 1 1 1 1 1 1 1 1 1 1 1 1 1 1 1 1 1 1 1 1 1 1 1 1 1 1 1 1 1 1 1 1 
1 1 1 1 1 1 1 1 1 1 1 1 1 1 1 1 1 1 1 1 1 1 1 1 1 1 1 1 1 1 1 1 1 1 1 1 1 1 1 1 1 1 1 1 1 1 1 1 
1 1 1 1 1 1 1 1 1 1 1 1 1 1 1 1 1 1 1 1 1 1 1 1 1 1 1 1 1 1 1 1 1 1 1 1 1 1 1 1 1 1 1 1 1 1 1 1 
1 1 1 1 1 1 1 1 1 1 1 1 1 1 1 1 1 1 1 1 1 1 1 1 1 1 1 1 1 1 1 1 1 1 1 1 1 1 1 1 1 1 1 1 1 1 1 1 
1 1 1 1 1 1 1 1 1 1 1 1 1 1 1 1 1 1 1 1 1 1 1 1 1 1 1 1 1 1 1 1 1 1 1 1 1 1 1 1 1 1 1 1 1 1 1 1 
1 1 1 1 1 1 1 1 1 1 1 1 1 1 1 1 1 1 1 1 1 1 1 1 1 1 1 1 1 1 1 1 1 1 1 1 1 1 1 1 1 1 1 1 1 1 1 1 
1 1 1 1 1 1 1 1 1 1 1 1 1 1 1 1 1 1 1 1 1 1 1 1 1 1 1 1 1 1 1 1 1 1 1 1 1 1 1 1 1 1 1 1 1 1 1 1 
1 1 1 1 1 1 1 1 1 1 1 1 1 1 1 1 1 1 1 1 1 1 1 1 1 1 1 1 1 1 1 1 1 1 1 1 1 1 1 1 1 1 1 1 1 1 1 1 
1 1 1 1 1 1 1 1 1 1 1 1 1 1 1 1 1 1 1 1 1 1 1 1 1 1 1 1 1 1 1 1 1 1 1 1 1 1 1 1 1 1 1 1 1 1 1 1 
1 1 1 1 1 1 1 1 1 1 1 1 1 1 1 1 1 1 1 1 1 1 1 1 1 1 1 1 1 1 1 1 1 1 1 1 1 1 1 1 1 1 1 1 1 1 1 1 
1 1 1 1 1 1 1 1 1 1 1 1 1 1 1 1 1 1 1 1 1 1 1 1 1 1 1 1 1 1 1 1 1 1 1 1 1 1 1 1 1 1 1 1 1 1 1 1 
1 1 1 1 1 1 1 1 1 1 1 1 1 1 1 1 1 1 1 1 1 1 1 1 1 1 1 1 1 1 1 1 1 1 1 1 1 1 1 1 1 1 1 1 1 1 1 1 
0.01 0.01 0.01 0.01 0.01 0.01 0.01 0.01 0.01 0.01 0.01 0.01 0.01 0.01 0.01 0.01 0.01 0.01 0.01 0.01 0.01 0.01 0.01 0.01 0.01 0.01 0.01 0.01 0.01 0.01 0.01 0.01 0.01 0.01 0.01 0.01 0.01 0.01 0.01 0.01 0.01 0.01 0.01 0.01 0.01 0.01 0.01 0.01 
0.02 0.02 0.02 0.02 0.02 0.02 0.02 0.02 0.02 0.02 0.02 0.02 0.02 0.02 0.02 0.02 0.02 0.02 0.02 0.02 0.02 0.02 0.02 0.02 0.02 0.02 0.02 0.02 0.02 0.02 0.02 0.02 0.02 0.02 0.02 0.02 0.02 0.02 0.02 0.02 0.02 0.02 0.02 0.02 0.02 0.02 0.02 0.02 
0.03 0.03 0.03 0.03 0.03 0.03 0.03 0.03 0.03 0.03 0.03 0.03 0.03 0.03 0.03 0.03 0.03 0.03 0.03 0.03 0.03 0.03 0.03 0.03 0.03 0.03 0.03 0.03 0.03 0.03 0.03 0.03 0.03 0.03 0.03 0.03 0.03 0.03 0.03 0.03 0.03 0.03 0.03 0.03 0.03 0.03 0.03 0.03 
0.04 0.04 0.04 0.04 0.04 0.04 0.04 0.04 0.04 0.04 0.04 0.04 0.04 0.04 0.04 0.04 0.04 0.04 0.04 0.04 0.04 0.04 0.04 0.04 0.04 0.04 0.04 0.04 0.04 0.04 0.04 0.04 0.04 0.04 0.04 0.04 0.04 0.04 0.04 0.04 0.04 0.04 0.04 0.04 0.04 0.04 0.04 0.04 
0.125 0.125 0.125 0.125 0.125 0.125 0.125 0.125 0.125 0.125 0.125 0.125 0.125 0.125 0.125 0.125 0.125 0.125 0.125 0.125 0.125 0.125 0.125 0.125 0.125 0.125 0.125 0.125 0.125 0.125 0.125 0.125 0.125 0.125 0.125 0.125 0.125 0.125 0.125 0.125 0.125 0.125 0.125 0.125 0.125 0.125 0.125 0.125 
0.25 0.25 0.25 0.25 0.25 0.25 0.25 0.25 0.25 0.25 0.25 0.25 0.25 0.25 0.25 0.25 0.25 0.25 0.25 0.25 0.25 0.25 0.25 0.25 0.25 0.25 0.25 0.25 0.25 0.25 0.25 0.25 0.25 0.25 0.25 0.25 0.25 0.25 0.25 0.25 0.25 0.25 0.25 0.25 0.25 0.25 0.25 0.25 
0.375 0.375 0.375 0.375 0.375 0.375 0.375 0.375 0.375 0.375 0.375 0.375 0.375 0.375 0.375 0.375 0.375 0.375 0.375 0.375 0.375 0.375 0.375 0.375 0.375 0.375 0.375 0.375 0.375 0.375 0.375 0.375 0.375 0.375 0.375 0.375 0.375 0.375 0.375 0.375 0.375 0.375 0.375 0.375 0.375 0.375 0.375 0.375 
0.5 0.5 0.5 0.5 0.5 0.5 0.5 0.5 0.5 0.5 0.5 0.5 0.5 0.5 0.5 0.5 0.5 0.5 0.5 0.5 0.5 0.5 0.5 0.5 0.5 0.5 0.5 0.5 0.5 0.5 0.5 0.5 0.5 0.5 0.5 0.5 0.5 0.5 0.5 0.5 0.5 0.5 0.5 0.5 0.5 0.5 0.5 0.5 
0.625 0.625 0.625 0.625 0.625 0.625 0.625 0.625 0.625 0.625 0.625 0.625 0.625 0.625 0.625 0.625 0.625 0.625 0.625 0.625 0.625 0.625 0.625 0.625 0.625 0.625 0.625 0.625 0.625 0.625 0.625 0.625 0.625 0.625 0.625 0.625 0.625 0.625 0.625 0.625 0.625 0.625 0.625 0.625 0.625 0.625 0.625 0.625 
0.75 0.75 0.75 0.75 0.75 0.75 0.75 0.75 0.75 0.75 0.75 0.75 0.75 0.75 0.75 0.75 0.75 0.75 0.75 0.75 0.75 0.75 0.75 0.75 0.75 0.75 0.75 0.75 0.75 0.75 0.75 0.75 0.75 0.75 0.75 0.75 0.75 0.75 0.75 0.75 0.75 0.75 0.75 0.75 0.75 0.75 0.75 0.75 
0.875 0.875 0.875 0.875 0.875 0.875 0.875 0.875 0.875 0.875 0.875 0.875 0.875 0.875 0.875 0.875 0.875 0.875 0.875 0.875 0.875 0.875 0.875 0.875 0.875 0.875 0.875 0.875 0.875 0.875 0.875 0.875 0.875 0.875 0.875 0.875 0.875 0.875 0.875 0.875 0.875 0.875 0.875 0.875 0.875 0.875 0.875 0.875 
1 1 1 1 1 1 1 1 1 1 1 1 1 1 1 1 1 1 1 1 1 1 1 1 1 1 1 1 1 1 1 1 1 1 1 1 1 1 1 1 1 1 1 1 1 1 1 1 
