6 40 2 10
2 10 7 9 4 19 14 16 12 7 20 18 10 15 17 8 4 15 18 6 2 20 17 9 1 10 9 18 10 20 2 19 6 12 13 19 1 4 20 1 
7.12 5.08 3.82 1.44 6.71 1.51 3.02 7.45 1.8 0.09 5.3 3.68 6.03 6.5 2.93 0.84 4.95 4.46 6.67 5.73 3.11 4.2 4.03 0.46 2.28 7.74 3.88 7.9 2.11 1.36 0.56 5.4 7.43 1.91 2.46 2.15 1.38 3.49 4.12 5.12 
6.66 6.35 2.49 3.5 3.5 4.41 4.87 1.46 7.75 4.62 7.77 1.18 6.64 6.74 5.01 1.69 2.54 1.4 7.44 6.68 4.98 3.68 4.65 3.92 0.77 3.86 4.64 3.57 4.94 3.33 2.17 0.57 3.56 1.59 6.43 7.94 7.77 3.95 6.07 5.21 
4 4 4 4 4 4 4 4 4 4 4 4 4 4 4 4 4 4 4 4 4 4 4 4 4 4 4 4 4 4 4 4 4 4 4 4 4 4 4 4 
0.09 5.74 4.53 2.51 3.57 3.79 4.96 6.43 2.04 3.05 6.44 6.1 5.88 1.7 6.64 5.82 3.64 7.97 6.65 0.83 6.11 4.09 0.17 2.39 2 5.45 1.36 4.25 5.73 4.6 2.24 1.99 2.08 4.39 3.97 4.83 0.71 4.08 5.68 3.66 
7.34 3.57 1.75 2.03 6.84 6.88 0.82 4.43 3.67 1.04 2.29 0.32 6.88 7.12 0.97 7.72 7.62 0.62 6.67 7.12 0.49 1.68 3.51 6.45 1.8 2.5 2.91 3.62 4.89 4.03 3.4 6.52 4.81 6.86 1.88 5.48 3.7 2.92 7.8 3.31 
7.48 0.49 7.31 5.72 4.42 1.2 3.15 1.56 5 6.14 3.63 2.25 1.59 6.17 3 3.42 0.36 3.19 6.31 6.6 0.34 6.66 0.08 6.43 0.35 6.99 6.81 4.05 3.05 7.13 6.57 2.91 2.08 7.6 7.61 1.22 7.14 5.11 4.69 6.82 
1 1 1 1 1 1 1 1 1 1 1 1 1 1 1 1 1 1 1 1 1 1 1 1 1 1 1 1 1 1 1 1 1 1 1 1 1 1 1 1 
1 1 1 1 1 1 1 1 1 1 1 1 1 1 1 1 1 1 1 1 1 1 1 1 1 1 1 1 1 1 1 1 1 1 1 1 1 1 1 1 
1 1 1 1 1 1 1 1 1 1 1 1 1 1 1 1 1 1 1 1 1 1 1 1 1 1 1 1 1 1 1 1 1 1 1 1 1 1 1 1 
1 1 1 1 1 1 1 1 1 1 1 1 1 1 1 1 1 1 1 1 1 1 1 1 1 1 1 1 1 1 1 1 1 1 1 1 1 1 1 1 
1 1 1 1 1 1 1 1 1 1 1 1 1 1 1 1 1 1 1 1 1 1 1 1 1 1 1 1 1 1 1 1 1 1 1 1 1 1 1 1 
1 1 1 1 1 1 1 1 1 1 1 1 1 1 1 1 1 1 1 1 1 1 1 1 1 1 1 1 1 1 1 1 1 1 1 1 1 1 1 1 
0.01 0.01 0.01 0.01 0.01 0.01 0.01 0.01 0.01 0.01 0.01 0.01 0.01 0.01 0.01 0.01 0.01 0.01 0.01 0.01 0.01 0.01 0.01 0.01 0.01 0.01 0.01 0.01 0.01 0.01 0.01 0.01 0.01 0.01 0.01 0.01 0.01 0.01 0.01 0.01 
0.02 0.02 0.02 0.02 0.02 0.02 0.02 0.02 0.02 0.02 0.02 0.02 0.02 0.02 0.02 0.02 0.02 0.02 0.02 0.02 0.02 0.02 0.02 0.02 0.02 0.02 0.02 0.02 0.02 0.02 0.02 0.02 0.02 0.02 0.02 0.02 0.02 0.02 0.02 0.02 
0.03 0.03 0.03 0.03 0.03 0.03 0.03 0.03 0.03 0.03 0.03 0.03 0.03 0.03 0.03 0.03 0.03 0.03 0.03 0.03 0.03 0.03 0.03 0.03 0.03 0.03 0.03 0.03 0.03 0.03 0.03 0.03 0.03 0.03 0.03 0.03 0.03 0.03 0.03 0.03 
0.333333 0.333333 0.333333 0.333333 0.333333 0.333333 0.333333 0.333333 0.333333 0.333333 0.333333 0.333333 0.333333 0.333333 0.333333 0.333333 0.333333 0.333333 0.333333 0.333333 0.333333 0.333333 0.333333 0.333333 0.333333 0.333333 0.333333 0.333333 0.333333 0.333333 0.333333 0.333333 0.333333 0.333333 0.333333 0.333333 0.333333 0.333333 0.333333 0.333333 
0.666667 0.666667 0.666667 0.666667 0.666667 0.666667 0.666667 0.666667 0.666667 0.666667 0.666667 0.666667 0.666667 0.666667 0.666667 0.666667 0.666667 0.666667 0.666667 0.666667 0.666667 0.666667 0.666667 0.666667 0.666667 0.666667 0.666667 0.666667 0.666667 0.666667 0.666667 0.666667 0.666667 0.666667 0.666667 0.666667 0.666667 0.666667 0.666667 0.666667 
1 1 1 1 1 1 1 1 1 1 1 1 1 1 1 1 1 1 1 1 1 1 1 1 1 1 1 1 1 1 1 1 1 1 1 1 1 1 1 1 
