6 16 2 10
6 13 2 3 1 15 9 19 19 18 13 18 9 10 17 10 
7.74 5.27 7.92 6.61 1.14 5.75 1.49 3.68 1.37 7.09 7.58 3.44 7.02 4.61 4.08 6.45 
4.97 5.74 3.67 7.78 6.43 5.5 5.22 2.48 2.79 7.06 1.09 6.46 4.33 6.15 0.28 3.53 
4 4 4 4 4 4 4 4 4 4 4 4 4 4 4 4 
4.32 2.16 2.71 0.6 4.42 4.51 2.15 5.13 3.86 5.85 7.07 6.53 0.84 2.56 0.73 7.7 
1.25 3.81 1.17 1 7.15 4.33 1.73 1.72 5.68 7.61 6.32 0.47 4.19 4.44 6.2 2.59 
1.58 4 1.3 1.43 3.26 1.82 1.36 5.4 5.52 5.17 3.56 0.64 5.46 6.94 4.46 4.57 
1 1 1 1 1 1 1 1 1 1 1 1 1 1 1 1 
1 1 1 1 1 1 1 1 1 1 1 1 1 1 1 1 
1 1 1 1 1 1 1 1 1 1 1 1 1 1 1 1 
1 1 1 1 1 1 1 1 1 1 1 1 1 1 1 1 
1 1 1 1 1 1 1 1 1 1 1 1 1 1 1 1 
1 1 1 1 1 1 1 1 1 1 1 1 1 1 1 1 
0.01 0.01 0.01 0.01 0.01 0.01 0.01 0.01 0.01 0.01 0.01 0.01 0.01 0.01 0.01 0.01 
0.02 0.02 0.02 0.02 0.02 0.02 0.02 0.02 0.02 0.02 0.02 0.02 0.02 0.02 0.02 0.02 
0.03 0.03 0.03 0.03 0.03 0.03 0.03 0.03 0.03 0.03 0.03 0.03 0.03 0.03 0.03 0.03 
0.333333 0.333333 0.333333 0.333333 0.333333 0.333333 0.333333 0.333333 0.333333 0.333333 0.333333 0.333333 0.333333 0.333333 0.333333 0.333333 
0.666667 0.666667 0.666667 0.666667 0.666667 0.666667 0.666667 0.666667 0.666667 0.666667 0.666667 0.666667 0.666667 0.666667 0.666667 0.666667 
1 1 1 1 1 1 1 1 1 1 1 1 1 1 1 1 
