6 48 2 10
15 1 4 2 13 14 19 18 19 15 14 18 13 13 16 13 14 3 8 16 6 16 14 8 8 19 6 16 1 2 17 19 12 18 14 18 10 7 8 6 4 17 17 13 8 10 12 19 
7.39 2.88 7.51 2.89 6.4 4.79 7.15 2.21 6.03 6.81 7.62 7.86 7.9 6.41 7.5 6.47 0.31 5.79 2 3.55 7.69 5.31 1.79 7.31 1.31 7.96 6.19 7.33 2.12 3.72 5.41 6.97 1.39 6.63 6.46 0.25 5.75 0.17 4.44 2.5 1.81 6.17 1.93 6.28 1.16 6.82 6.9 4.62 
1.2 6.93 3.99 6.7 6.58 7.88 2.64 0.42 6.15 5.94 1.51 0.4 7.85 7.58 0.51 3.76 3.6 2.07 4.07 5.43 4.09 0.42 2.3 4.93 3.91 7.18 7.1 3.75 0.95 7.2 3.57 5.13 0.15 1.92 4.74 6.95 5.49 3.65 5.07 2.03 3.1 0.89 4.11 0.36 7.28 4.68 4.12 2.66 
4 4 4 4 4 4 4 4 4 4 4 4 4 4 4 4 4 4 4 4 4 4 4 4 4 4 4 4 4 4 4 4 4 4 4 4 4 4 4 4 4 4 4 4 4 4 4 4 
6.04 3.6 3.74 6.41 2.45 6.54 3.23 5.32 2.53 1.01 6.39 5.22 7.11 6.77 6.84 5.96 3.24 5.25 1.04 2.22 3.24 2.01 1.15 0.56 2.39 5.56 1.02 1.95 2.39 1.75 5.69 5.87 6.88 2.61 5.84 6.42 1.5 3.47 3.28 6.84 6.34 7.35 5.47 5.97 1.46 1.34 1.5 1.4 
6.04 5.16 0.72 0.04 1.07 4.86 6.59 7.02 5.76 2.01 6.56 1.47 6.44 7.44 3.52 0.91 5.26 1.73 4.61 3.06 6.43 2.17 0.55 3.49 5.88 6.73 3.53 0.31 0.37 4.35 2.63 5.91 0.02 7.43 3.14 0.09 7.62 4.77 1.65 2.17 2.13 7.45 4.02 4.5 5.86 3.67 6.25 4.7 
2.95 0.54 0.85 3.99 3.78 0.22 6.58 3.35 7.33 3.57 2.76 2.21 1.13 0.72 3.64 4.17 0.52 0.86 1.66 3.23 1.42 5.46 0.81 3.09 2.14 2.23 3.41 4.42 3.02 2.67 0.58 1.34 1.41 3.08 1.29 0.38 4.04 2.48 2.5 5.57 2.48 0.81 7.02 1.97 5.93 2.96 2.23 3.85 
1 1 1 1 1 1 1 1 1 1 1 1 1 1 1 1 1 1 1 1 1 1 1 1 1 1 1 1 1 1 1 1 1 1 1 1 1 1 1 1 1 1 1 1 1 1 1 1 
1 1 1 1 1 1 1 1 1 1 1 1 1 1 1 1 1 1 1 1 1 1 1 1 1 1 1 1 1 1 1 1 1 1 1 1 1 1 1 1 1 1 1 1 1 1 1 1 
1 1 1 1 1 1 1 1 1 1 1 1 1 1 1 1 1 1 1 1 1 1 1 1 1 1 1 1 1 1 1 1 1 1 1 1 1 1 1 1 1 1 1 1 1 1 1 1 
1 1 1 1 1 1 1 1 1 1 1 1 1 1 1 1 1 1 1 1 1 1 1 1 1 1 1 1 1 1 1 1 1 1 1 1 1 1 1 1 1 1 1 1 1 1 1 1 
1 1 1 1 1 1 1 1 1 1 1 1 1 1 1 1 1 1 1 1 1 1 1 1 1 1 1 1 1 1 1 1 1 1 1 1 1 1 1 1 1 1 1 1 1 1 1 1 
1 1 1 1 1 1 1 1 1 1 1 1 1 1 1 1 1 1 1 1 1 1 1 1 1 1 1 1 1 1 1 1 1 1 1 1 1 1 1 1 1 1 1 1 1 1 1 1 
0.01 0.01 0.01 0.01 0.01 0.01 0.01 0.01 0.01 0.01 0.01 0.01 0.01 0.01 0.01 0.01 0.01 0.01 0.01 0.01 0.01 0.01 0.01 0.01 0.01 0.01 0.01 0.01 0.01 0.01 0.01 0.01 0.01 0.01 0.01 0.01 0.01 0.01 0.01 0.01 0.01 0.01 0.01 0.01 0.01 0.01 0.01 0.01 
0.02 0.02 0.02 0.02 0.02 0.02 0.02 0.02 0.02 0.02 0.02 0.02 0.02 0.02 0.02 0.02 0.02 0.02 0.02 0.02 0.02 0.02 0.02 0.02 0.02 0.02 0.02 0.02 0.02 0.02 0.02 0.02 0.02 0.02 0.02 0.02 0.02 0.02 0.02 0.02 0.02 0.02 0.02 0.02 0.02 0.02 0.02 0.02 
0.03 0.03 0.03 0.03 0.03 0.03 0.03 0.03 0.03 0.03 0.03 0.03 0.03 0.03 0.03 0.03 0.03 0.03 0.03 0.03 0.03 0.03 0.03 0.03 0.03 0.03 0.03 0.03 0.03 0.03 0.03 0.03 0.03 0.03 0.03 0.03 0.03 0.03 0.03 0.03 0.03 0.03 0.03 0.03 0.03 0.03 0.03 0.03 
0.333333 0.333333 0.333333 0.333333 0.333333 0.333333 0.333333 0.333333 0.333333 0.333333 0.333333 0.333333 0.333333 0.333333 0.333333 0.333333 0.333333 0.333333 0.333333 0.333333 0.333333 0.333333 0.333333 0.333333 0.333333 0.333333 0.333333 0.333333 0.333333 0.333333 0.333333 0.333333 0.333333 0.333333 0.333333 0.333333 0.333333 0.333333 0.333333 0.333333 0.333333 0.333333 0.333333 0.333333 0.333333 0.333333 0.333333 0.333333 
0.666667 0.666667 0.666667 0.666667 0.666667 0.666667 0.666667 0.666667 0.666667 0.666667 0.666667 0.666667 0.666667 0.666667 0.666667 0.666667 0.666667 0.666667 0.666667 0.666667 0.666667 0.666667 0.666667 0.666667 0.666667 0.666667 0.666667 0.666667 0.666667 0.666667 0.666667 0.666667 0.666667 0.666667 0.666667 0.666667 0.666667 0.666667 0.666667 0.666667 0.666667 0.666667 0.666667 0.666667 0.666667 0.666667 0.666667 0.666667 
1 1 1 1 1 1 1 1 1 1 1 1 1 1 1 1 1 1 1 1 1 1 1 1 1 1 1 1 1 1 1 1 1 1 1 1 1 1 1 1 1 1 1 1 1 1 1 1 
