12 48 6 10
11 2 19 9 11 1 13 13 4 9 19 15 12 14 19 17 6 8 20 19 2 13 2 1 19 13 20 16 20 14 12 20 14 7 16 2 9 1 19 4 11 19 6 19 6 10 10 3 
1.19 4.21 6.27 3.33 7.92 1.29 2.65 0.5 5.68 4.85 2.16 5.46 5.09 5.74 3.97 3.96 7.94 7.52 1.22 6.5 3.4 2.66 0.01 1.77 5.92 0.18 6.52 2.04 5.34 2.34 5.3 0.43 5.12 0.16 7.52 1.33 7.23 2.14 2.27 2.59 5.25 0.78 4.68 6.33 0.62 3.53 3.28 6.75 
7.59 5.8 4.26 3.37 7.65 5.9 3.4 2.62 0.42 4.16 1.44 6.83 5.85 6.77 3.81 1.62 0.65 1.31 4.77 6.81 0.83 1.34 4.52 4.16 0.97 6.02 7 7.2 0.79 1.2 4.72 7.3 3.45 3.3 7.94 2.88 1.64 3.27 7.89 4.04 1.61 4.25 6.87 1.34 2.67 2.39 5.7 1.4 
1.52 1.98 7.91 0.27 2.74 5.56 5.57 4.2 2.82 2.63 5.2 3.99 1.85 4.38 2.28 2.19 1.55 5.19 0.89 3.29 7.76 4.44 4.6 5.12 1.61 0.2 5.57 6.3 7.78 0.71 4.65 0.09 0.38 2.9 7.38 4.37 5.91 1.97 2.25 7.16 1.26 4.92 7.43 0.17 3.43 2.22 6.52 2.03 
0.69 1.65 7.97 7.13 1.63 5.52 0.9 1.96 4.96 1.95 7.85 2.47 4.26 5.35 3.16 1.83 6.88 7.48 1.84 0.15 4.87 6.63 1.25 3.94 7.4 3.14 1.07 6.26 5.87 1.47 2.05 4.26 3.71 1.44 3.9 5.41 6.98 1.58 2.87 5.79 4.51 6.83 0.03 4.28 1.74 2.74 1.12 0.13 
6.56 7.41 3.62 3.45 2.25 6.93 2.87 6 4.4 4.86 5.12 5.06 2.16 2.95 4.53 2.1 6.67 1.57 1.55 6.19 0.71 6.25 5.16 6.49 6.14 4.07 7.8 1.32 6.8 4.67 8 6.07 5.17 5.49 1.35 2.45 0.13 3.63 3.36 0.06 3.98 1.88 5.06 5.26 4.98 6.12 5.92 0.17 
1.55 2.99 5.03 0.08 6.59 3.25 7.62 0.05 6.31 6.13 3.04 5.95 0.73 3.5 6.79 6.97 7.43 1.68 7.07 6.94 1.58 4.33 4.29 6.58 7.84 4.57 5.16 5.87 2.75 6.82 5.25 5.36 0.71 2.18 7.29 2.08 4.55 6.06 6.09 4.62 6.69 0.45 2.79 3.95 2.22 1.05 4.64 3.09 
4 4 4 4 4 4 4 4 4 4 4 4 4 4 4 4 4 4 4 4 4 4 4 4 4 4 4 4 4 4 4 4 4 4 4 4 4 4 4 4 4 4 4 4 4 4 4 4 
6.79 2.4 5.44 7.45 0.47 5.11 3.74 5.26 2.06 7.25 1.7 1.77 5.98 7.36 7.15 5.16 3.78 2.81 5.14 6.8 2.06 2.15 7.67 4.32 7.51 6.47 6.04 0.8 5.63 0.11 3.32 7.46 3.48 0.15 6.02 5.3 1.25 4.09 4.51 4.35 1.79 4.56 6.02 0.33 2.23 3.81 5.39 0.84 
4.72 3.26 0.6 6.72 0.4 7.77 2.31 1.78 0.52 4.9 3.44 2.08 1.5 2.11 4.08 5.41 6.35 3.34 3.14 0.29 2.64 5.16 2.54 2.84 2.42 7.9 0.41 6.48 2.7 2.75 6.63 0.75 4.07 4.33 6.77 1.88 7.05 4.61 0.52 4.75 7.66 7.07 7.88 6.14 6.71 1.8 2.59 4.02 
2.09 2.23 3.42 2.73 0.35 2.02 5.52 5.26 1.31 5.04 1.18 2.02 3.49 5.02 0.48 4.39 6.33 2.93 1.07 0.02 2.26 2.74 5.43 5.77 2.79 7.73 6.67 7.28 5.11 2.58 6.25 3.33 1.75 7.57 5.57 3.46 7.31 1.51 6.17 5.52 0.73 4.98 5.13 7.07 5.96 4.23 4.38 3.95 
7.06 2.91 4.29 5.82 1.98 5.91 3.74 5.5 6.05 2.15 0.03 1.93 1.41 2.07 0.21 7.7 7.1 1.88 1.18 5.9 7.33 2.57 3.29 4.24 7.14 7.16 7.16 5.24 4.36 7.49 6.33 1.61 7.59 7.01 0.1 2.99 1.94 3.29 5.86 0.48 0.44 4.96 0.19 1.29 6.73 5.96 7.91 0.27 
7.67 3.45 2.87 6.43 2.26 6.71 4.31 7.42 3.81 1.05 1.31 1.02 3.67 3.56 7.09 7.28 3.39 6.23 1.4 0.94 4.39 2.89 1.53 1.95 4.07 2.3 4.98 0.16 6.74 1.22 6.66 3.78 0.31 3.08 4.84 6.5 1.27 7.65 7.8 2.6 5.51 4.14 2.29 2.44 0.94 3.35 0.36 6.37 
1 1 1 1 1 1 1 1 1 1 1 1 1 1 1 1 1 1 1 1 1 1 1 1 1 1 1 1 1 1 1 1 1 1 1 1 1 1 1 1 1 1 1 1 1 1 1 1 
1 1 1 1 1 1 1 1 1 1 1 1 1 1 1 1 1 1 1 1 1 1 1 1 1 1 1 1 1 1 1 1 1 1 1 1 1 1 1 1 1 1 1 1 1 1 1 1 
1 1 1 1 1 1 1 1 1 1 1 1 1 1 1 1 1 1 1 1 1 1 1 1 1 1 1 1 1 1 1 1 1 1 1 1 1 1 1 1 1 1 1 1 1 1 1 1 
1 1 1 1 1 1 1 1 1 1 1 1 1 1 1 1 1 1 1 1 1 1 1 1 1 1 1 1 1 1 1 1 1 1 1 1 1 1 1 1 1 1 1 1 1 1 1 1 
1 1 1 1 1 1 1 1 1 1 1 1 1 1 1 1 1 1 1 1 1 1 1 1 1 1 1 1 1 1 1 1 1 1 1 1 1 1 1 1 1 1 1 1 1 1 1 1 
1 1 1 1 1 1 1 1 1 1 1 1 1 1 1 1 1 1 1 1 1 1 1 1 1 1 1 1 1 1 1 1 1 1 1 1 1 1 1 1 1 1 1 1 1 1 1 1 
1 1 1 1 1 1 1 1 1 1 1 1 1 1 1 1 1 1 1 1 1 1 1 1 1 1 1 1 1 1 1 1 1 1 1 1 1 1 1 1 1 1 1 1 1 1 1 1 
1 1 1 1 1 1 1 1 1 1 1 1 1 1 1 1 1 1 1 1 1 1 1 1 1 1 1 1 1 1 1 1 1 1 1 1 1 1 1 1 1 1 1 1 1 1 1 1 
1 1 1 1 1 1 1 1 1 1 1 1 1 1 1 1 1 1 1 1 1 1 1 1 1 1 1 1 1 1 1 1 1 1 1 1 1 1 1 1 1 1 1 1 1 1 1 1 
1 1 1 1 1 1 1 1 1 1 1 1 1 1 1 1 1 1 1 1 1 1 1 1 1 1 1 1 1 1 1 1 1 1 1 1 1 1 1 1 1 1 1 1 1 1 1 1 
1 1 1 1 1 1 1 1 1 1 1 1 1 1 1 1 1 1 1 1 1 1 1 1 1 1 1 1 1 1 1 1 1 1 1 1 1 1 1 1 1 1 1 1 1 1 1 1 
1 1 1 1 1 1 1 1 1 1 1 1 1 1 1 1 1 1 1 1 1 1 1 1 1 1 1 1 1 1 1 1 1 1 1 1 1 1 1 1 1 1 1 1 1 1 1 1 
0.01 0.01 0.01 0.01 0.01 0.01 0.01 0.01 0.01 0.01 0.01 0.01 0.01 0.01 0.01 0.01 0.01 0.01 0.01 0.01 0.01 0.01 0.01 0.01 0.01 0.01 0.01 0.01 0.01 0.01 0.01 0.01 0.01 0.01 0.01 0.01 0.01 0.01 0.01 0.01 0.01 0.01 0.01 0.01 0.01 0.01 0.01 0.01 
0.02 0.02 0.02 0.02 0.02 0.02 0.02 0.02 0.02 0.02 0.02 0.02 0.02 0.02 0.02 0.02 0.02 0.02 0.02 0.02 0.02 0.02 0.02 0.02 0.02 0.02 0.02 0.02 0.02 0.02 0.02 0.02 0.02 0.02 0.02 0.02 0.02 0.02 0.02 0.02 0.02 0.02 0.02 0.02 0.02 0.02 0.02 0.02 
0.03 0.03 0.03 0.03 0.03 0.03 0.03 0.03 0.03 0.03 0.03 0.03 0.03 0.03 0.03 0.03 0.03 0.03 0.03 0.03 0.03 0.03 0.03 0.03 0.03 0.03 0.03 0.03 0.03 0.03 0.03 0.03 0.03 0.03 0.03 0.03 0.03 0.03 0.03 0.03 0.03 0.03 0.03 0.03 0.03 0.03 0.03 0.03 
0.04 0.04 0.04 0.04 0.04 0.04 0.04 0.04 0.04 0.04 0.04 0.04 0.04 0.04 0.04 0.04 0.04 0.04 0.04 0.04 0.04 0.04 0.04 0.04 0.04 0.04 0.04 0.04 0.04 0.04 0.04 0.04 0.04 0.04 0.04 0.04 0.04 0.04 0.04 0.04 0.04 0.04 0.04 0.04 0.04 0.04 0.04 0.04 
0.05 0.05 0.05 0.05 0.05 0.05 0.05 0.05 0.05 0.05 0.05 0.05 0.05 0.05 0.05 0.05 0.05 0.05 0.05 0.05 0.05 0.05 0.05 0.05 0.05 0.05 0.05 0.05 0.05 0.05 0.05 0.05 0.05 0.05 0.05 0.05 0.05 0.05 0.05 0.05 0.05 0.05 0.05 0.05 0.05 0.05 0.05 0.05 
0.06 0.06 0.06 0.06 0.06 0.06 0.06 0.06 0.06 0.06 0.06 0.06 0.06 0.06 0.06 0.06 0.06 0.06 0.06 0.06 0.06 0.06 0.06 0.06 0.06 0.06 0.06 0.06 0.06 0.06 0.06 0.06 0.06 0.06 0.06 0.06 0.06 0.06 0.06 0.06 0.06 0.06 0.06 0.06 0.06 0.06 0.06 0.06 
0.07 0.07 0.07 0.07 0.07 0.07 0.07 0.07 0.07 0.07 0.07 0.07 0.07 0.07 0.07 0.07 0.07 0.07 0.07 0.07 0.07 0.07 0.07 0.07 0.07 0.07 0.07 0.07 0.07 0.07 0.07 0.07 0.07 0.07 0.07 0.07 0.07 0.07 0.07 0.07 0.07 0.07 0.07 0.07 0.07 0.07 0.07 0.07 
0.2 0.2 0.2 0.2 0.2 0.2 0.2 0.2 0.2 0.2 0.2 0.2 0.2 0.2 0.2 0.2 0.2 0.2 0.2 0.2 0.2 0.2 0.2 0.2 0.2 0.2 0.2 0.2 0.2 0.2 0.2 0.2 0.2 0.2 0.2 0.2 0.2 0.2 0.2 0.2 0.2 0.2 0.2 0.2 0.2 0.2 0.2 0.2 
0.4 0.4 0.4 0.4 0.4 0.4 0.4 0.4 0.4 0.4 0.4 0.4 0.4 0.4 0.4 0.4 0.4 0.4 0.4 0.4 0.4 0.4 0.4 0.4 0.4 0.4 0.4 0.4 0.4 0.4 0.4 0.4 0.4 0.4 0.4 0.4 0.4 0.4 0.4 0.4 0.4 0.4 0.4 0.4 0.4 0.4 0.4 0.4 
0.6 0.6 0.6 0.6 0.6 0.6 0.6 0.6 0.6 0.6 0.6 0.6 0.6 0.6 0.6 0.6 0.6 0.6 0.6 0.6 0.6 0.6 0.6 0.6 0.6 0.6 0.6 0.6 0.6 0.6 0.6 0.6 0.6 0.6 0.6 0.6 0.6 0.6 0.6 0.6 0.6 0.6 0.6 0.6 0.6 0.6 0.6 0.6 
0.8 0.8 0.8 0.8 0.8 0.8 0.8 0.8 0.8 0.8 0.8 0.8 0.8 0.8 0.8 0.8 0.8 0.8 0.8 0.8 0.8 0.8 0.8 0.8 0.8 0.8 0.8 0.8 0.8 0.8 0.8 0.8 0.8 0.8 0.8 0.8 0.8 0.8 0.8 0.8 0.8 0.8 0.8 0.8 0.8 0.8 0.8 0.8 
1 1 1 1 1 1 1 1 1 1 1 1 1 1 1 1 1 1 1 1 1 1 1 1 1 1 1 1 1 1 1 1 1 1 1 1 1 1 1 1 1 1 1 1 1 1 1 1 
