3 40 1 10
11 17 6 19 15 2 16 17 15 1 13 11 18 18 12 10 6 8 5 14 3 2 13 19 16 13 13 15 3 6 15 14 15 16 8 6 11 10 2 4 
4.79 1.6 0.15 6.15 2.79 4.27 6.47 5.34 5.03 1.31 3 4.64 7.31 5.75 5.02 2.4 7.44 7.54 3.91 0.81 5.23 0.75 5.14 4.95 0.41 6.74 1.12 6.9 0.99 4.83 1.67 5.14 7.9 1.96 5.37 0.94 5.77 2.13 7.37 4.94 
4 4 4 4 4 4 4 4 4 4 4 4 4 4 4 4 4 4 4 4 4 4 4 4 4 4 4 4 4 4 4 4 4 4 4 4 4 4 4 4 
1.45 7.87 6.03 7.69 4.19 7.43 3.03 7.81 5.97 7.82 6.39 5.71 4.77 2.41 5.49 1.14 6.81 0.53 2.89 5.58 6.69 3.14 3.82 3.18 7.32 3.65 5.74 0.95 4.92 0.35 7.84 3.33 4.09 6.52 1.72 6 4.22 2.57 2.99 6.95 
1 1 1 1 1 1 1 1 1 1 1 1 1 1 1 1 1 1 1 1 1 1 1 1 1 1 1 1 1 1 1 1 1 1 1 1 1 1 1 1 
1 1 1 1 1 1 1 1 1 1 1 1 1 1 1 1 1 1 1 1 1 1 1 1 1 1 1 1 1 1 1 1 1 1 1 1 1 1 1 1 
1 1 1 1 1 1 1 1 1 1 1 1 1 1 1 1 1 1 1 1 1 1 1 1 1 1 1 1 1 1 1 1 1 1 1 1 1 1 1 1 
0.01 0.01 0.01 0.01 0.01 0.01 0.01 0.01 0.01 0.01 0.01 0.01 0.01 0.01 0.01 0.01 0.01 0.01 0.01 0.01 0.01 0.01 0.01 0.01 0.01 0.01 0.01 0.01 0.01 0.01 0.01 0.01 0.01 0.01 0.01 0.01 0.01 0.01 0.01 0.01 
0.02 0.02 0.02 0.02 0.02 0.02 0.02 0.02 0.02 0.02 0.02 0.02 0.02 0.02 0.02 0.02 0.02 0.02 0.02 0.02 0.02 0.02 0.02 0.02 0.02 0.02 0.02 0.02 0.02 0.02 0.02 0.02 0.02 0.02 0.02 0.02 0.02 0.02 0.02 0.02 
1 1 1 1 1 1 1 1 1 1 1 1 1 1 1 1 1 1 1 1 1 1 1 1 1 1 1 1 1 1 1 1 1 1 1 1 1 1 1 1 
