6 32 2 10
15 3 16 6 9 1 3 13 6 7 3 11 2 18 7 20 6 11 16 11 12 9 17 10 20 6 19 17 19 18 6 8 
1.44 7.75 1.34 4.91 2.9 1.07 6.96 2.35 3.99 5.31 4.04 7.27 5.14 4.85 2.68 3.64 1.45 6.47 1.95 2.58 3.21 2.22 1.26 0.35 5.76 4.1 1.56 6.88 6.45 2.07 7.7 5.05 
3.38 6.09 0.57 1.6 5.99 6.3 0.37 3.2 0.97 3.75 0.39 5.19 0.58 4.94 1.12 0.95 4.74 0.79 7.67 2.45 1.68 6.64 2.77 5.59 3.23 2.71 3.26 2.83 1.49 6.7 6.07 0.6 
4 4 4 4 4 4 4 4 4 4 4 4 4 4 4 4 4 4 4 4 4 4 4 4 4 4 4 4 4 4 4 4 
4.24 0.43 0.31 0.21 7.21 3.08 4.68 3.84 6.19 5.96 7.73 0.31 1.12 5.01 6.44 2.07 4.6 6.61 1.48 7.53 1.76 6.78 0.78 0.72 4.54 7.48 0.92 0.94 2.77 4.75 7.24 2.27 
3.6 2.67 7.68 7.09 6.65 3.35 3.01 6.13 5.78 2.32 0.59 2.18 7.89 3.31 7.07 7.9 4.83 1.64 2.31 5.27 2.58 7.89 0.54 7.51 5.59 4.87 0.6 6.49 1.72 3.34 2.65 2.72 
7.95 4.9 7.43 2.75 7.65 5.02 5.53 7.1 6.51 4.21 1.73 7.25 2.35 1.98 6.11 3.79 6.16 5.22 0.48 1.79 6.66 1.92 6.58 6.39 0.65 3.98 1.3 5.63 3.09 0.96 2.87 7.72 
1 1 1 1 1 1 1 1 1 1 1 1 1 1 1 1 1 1 1 1 1 1 1 1 1 1 1 1 1 1 1 1 
1 1 1 1 1 1 1 1 1 1 1 1 1 1 1 1 1 1 1 1 1 1 1 1 1 1 1 1 1 1 1 1 
1 1 1 1 1 1 1 1 1 1 1 1 1 1 1 1 1 1 1 1 1 1 1 1 1 1 1 1 1 1 1 1 
1 1 1 1 1 1 1 1 1 1 1 1 1 1 1 1 1 1 1 1 1 1 1 1 1 1 1 1 1 1 1 1 
1 1 1 1 1 1 1 1 1 1 1 1 1 1 1 1 1 1 1 1 1 1 1 1 1 1 1 1 1 1 1 1 
1 1 1 1 1 1 1 1 1 1 1 1 1 1 1 1 1 1 1 1 1 1 1 1 1 1 1 1 1 1 1 1 
0.01 0.01 0.01 0.01 0.01 0.01 0.01 0.01 0.01 0.01 0.01 0.01 0.01 0.01 0.01 0.01 0.01 0.01 0.01 0.01 0.01 0.01 0.01 0.01 0.01 0.01 0.01 0.01 0.01 0.01 0.01 0.01 
0.02 0.02 0.02 0.02 0.02 0.02 0.02 0.02 0.02 0.02 0.02 0.02 0.02 0.02 0.02 0.02 0.02 0.02 0.02 0.02 0.02 0.02 0.02 0.02 0.02 0.02 0.02 0.02 0.02 0.02 0.02 0.02 
0.03 0.03 0.03 0.03 0.03 0.03 0.03 0.03 0.03 0.03 0.03 0.03 0.03 0.03 0.03 0.03 0.03 0.03 0.03 0.03 0.03 0.03 0.03 0.03 0.03 0.03 0.03 0.03 0.03 0.03 0.03 0.03 
0.333333 0.333333 0.333333 0.333333 0.333333 0.333333 0.333333 0.333333 0.333333 0.333333 0.333333 0.333333 0.333333 0.333333 0.333333 0.333333 0.333333 0.333333 0.333333 0.333333 0.333333 0.333333 0.333333 0.333333 0.333333 0.333333 0.333333 0.333333 0.333333 0.333333 0.333333 0.333333 
0.666667 0.666667 0.666667 0.666667 0.666667 0.666667 0.666667 0.666667 0.666667 0.666667 0.666667 0.666667 0.666667 0.666667 0.666667 0.666667 0.666667 0.666667 0.666667 0.666667 0.666667 0.666667 0.666667 0.666667 0.666667 0.666667 0.666667 0.666667 0.666667 0.666667 0.666667 0.666667 
1 1 1 1 1 1 1 1 1 1 1 1 1 1 1 1 1 1 1 1 1 1 1 1 1 1 1 1 1 1 1 1 
