6 48 2 10
1 18 16 11 18 8 19 16 14 9 10 12 11 19 9 13 15 1 5 11 8 14 16 4 20 20 3 7 16 8 12 1 4 12 9 3 19 20 9 5 3 5 9 15 9 11 17 20 
2.74 1.12 2.91 5.58 6.27 6.41 2.04 7.9 7.91 1.67 3.75 0.64 2.72 2.93 0.52 3.93 4.27 7.53 6.56 0.79 6.33 7.47 0.7 7.59 1.44 3.25 0.2 4.09 1.65 0.51 0.56 7.9 7.63 1.15 3.9 4.96 2.08 6.38 7.58 3.44 2.61 7.12 1.76 3.35 1.54 7.45 7.2 0.25 
4.57 7.55 1.65 3.51 5.69 3.09 6.54 6.24 1.85 4.14 5.04 3.09 6.25 2.69 3.59 2.99 0.86 3.48 7.12 2.97 5.73 0.17 4.59 0.4 5.24 0.76 4.4 3.45 2.27 6.88 3.33 2.33 2.89 3.77 2.54 6.47 0.8 6.29 2.2 2.03 3.68 0.69 7.63 6.36 5.73 6.8 4.63 0.95 
4 4 4 4 4 4 4 4 4 4 4 4 4 4 4 4 4 4 4 4 4 4 4 4 4 4 4 4 4 4 4 4 4 4 4 4 4 4 4 4 4 4 4 4 4 4 4 4 
2.61 3.98 4.11 4.59 6.7 0.05 5.64 4.18 7.91 1.61 7.31 2.44 4.81 0.16 6.29 1.02 5.88 3.79 7.18 1.27 5.25 5.33 4.81 7.32 3.86 5.15 2.37 0.4 1.43 3.73 5.52 7.41 6.02 3.12 6.15 4.74 0.16 5.41 7.43 6.78 6.26 0.59 6.26 7.33 0.73 7.12 6.27 5.6 
0.45 0.68 0.48 7.56 6.45 5.88 7.12 1.1 7.05 2.74 5.86 5.64 0.08 3.92 5.04 1.85 3.66 1.76 0.3 2.73 0.66 3.27 4.25 5.46 1.8 1.36 7.32 6.6 4.39 4.48 0.91 3.26 2.71 1.05 3.99 5.56 0.99 5.67 2.17 6.15 2.93 5.98 2.16 3.07 5.3 6.31 4.72 7.16 
2.04 5.21 0.55 0.14 2.35 3.08 2.76 7.79 0.27 1.42 1.65 4.1 1.5 5.84 1.46 0.8 5.24 7.04 4.37 5.66 1.46 0.24 1.51 0.35 2.54 5.87 0.09 1.99 2.42 3.31 5.25 6.8 4.32 4.96 4.81 7.3 6.93 4.39 6.07 1.14 2.3 7.23 7.16 3.02 7.31 6.72 4.72 6.98 
1 1 1 1 1 1 1 1 1 1 1 1 1 1 1 1 1 1 1 1 1 1 1 1 1 1 1 1 1 1 1 1 1 1 1 1 1 1 1 1 1 1 1 1 1 1 1 1 
1 1 1 1 1 1 1 1 1 1 1 1 1 1 1 1 1 1 1 1 1 1 1 1 1 1 1 1 1 1 1 1 1 1 1 1 1 1 1 1 1 1 1 1 1 1 1 1 
1 1 1 1 1 1 1 1 1 1 1 1 1 1 1 1 1 1 1 1 1 1 1 1 1 1 1 1 1 1 1 1 1 1 1 1 1 1 1 1 1 1 1 1 1 1 1 1 
1 1 1 1 1 1 1 1 1 1 1 1 1 1 1 1 1 1 1 1 1 1 1 1 1 1 1 1 1 1 1 1 1 1 1 1 1 1 1 1 1 1 1 1 1 1 1 1 
1 1 1 1 1 1 1 1 1 1 1 1 1 1 1 1 1 1 1 1 1 1 1 1 1 1 1 1 1 1 1 1 1 1 1 1 1 1 1 1 1 1 1 1 1 1 1 1 
1 1 1 1 1 1 1 1 1 1 1 1 1 1 1 1 1 1 1 1 1 1 1 1 1 1 1 1 1 1 1 1 1 1 1 1 1 1 1 1 1 1 1 1 1 1 1 1 
0.01 0.01 0.01 0.01 0.01 0.01 0.01 0.01 0.01 0.01 0.01 0.01 0.01 0.01 0.01 0.01 0.01 0.01 0.01 0.01 0.01 0.01 0.01 0.01 0.01 0.01 0.01 0.01 0.01 0.01 0.01 0.01 0.01 0.01 0.01 0.01 0.01 0.01 0.01 0.01 0.01 0.01 0.01 0.01 0.01 0.01 0.01 0.01 
0.02 0.02 0.02 0.02 0.02 0.02 0.02 0.02 0.02 0.02 0.02 0.02 0.02 0.02 0.02 0.02 0.02 0.02 0.02 0.02 0.02 0.02 0.02 0.02 0.02 0.02 0.02 0.02 0.02 0.02 0.02 0.02 0.02 0.02 0.02 0.02 0.02 0.02 0.02 0.02 0.02 0.02 0.02 0.02 0.02 0.02 0.02 0.02 
0.03 0.03 0.03 0.03 0.03 0.03 0.03 0.03 0.03 0.03 0.03 0.03 0.03 0.03 0.03 0.03 0.03 0.03 0.03 0.03 0.03 0.03 0.03 0.03 0.03 0.03 0.03 0.03 0.03 0.03 0.03 0.03 0.03 0.03 0.03 0.03 0.03 0.03 0.03 0.03 0.03 0.03 0.03 0.03 0.03 0.03 0.03 0.03 
0.333333 0.333333 0.333333 0.333333 0.333333 0.333333 0.333333 0.333333 0.333333 0.333333 0.333333 0.333333 0.333333 0.333333 0.333333 0.333333 0.333333 0.333333 0.333333 0.333333 0.333333 0.333333 0.333333 0.333333 0.333333 0.333333 0.333333 0.333333 0.333333 0.333333 0.333333 0.333333 0.333333 0.333333 0.333333 0.333333 0.333333 0.333333 0.333333 0.333333 0.333333 0.333333 0.333333 0.333333 0.333333 0.333333 0.333333 0.333333 
0.666667 0.666667 0.666667 0.666667 0.666667 0.666667 0.666667 0.666667 0.666667 0.666667 0.666667 0.666667 0.666667 0.666667 0.666667 0.666667 0.666667 0.666667 0.666667 0.666667 0.666667 0.666667 0.666667 0.666667 0.666667 0.666667 0.666667 0.666667 0.666667 0.666667 0.666667 0.666667 0.666667 0.666667 0.666667 0.666667 0.666667 0.666667 0.666667 0.666667 0.666667 0.666667 0.666667 0.666667 0.666667 0.666667 0.666667 0.666667 
1 1 1 1 1 1 1 1 1 1 1 1 1 1 1 1 1 1 1 1 1 1 1 1 1 1 1 1 1 1 1 1 1 1 1 1 1 1 1 1 1 1 1 1 1 1 1 1 
