6 40 2 10
16 5 10 5 8 3 9 2 18 17 20 9 4 3 19 8 4 9 7 16 4 18 6 18 13 7 10 14 14 8 10 4 2 5 8 13 20 16 20 9 
4.07 0.8 2.67 3.69 7.41 7.51 6.81 5.65 4.7 0.42 4.12 2.58 3.44 4.9 2.7 3.49 1.91 6.71 0.98 4.48 0.91 0.29 3.42 5.36 6.58 3.11 0.61 4.77 1.17 3.33 3.45 2.21 4.32 3.25 1.14 0.61 2.51 0.24 6.04 1.42 
0.21 0.89 7.39 3.44 0.26 1.17 7.19 7.66 6.54 5.17 7.42 6.54 3.57 2.63 2.73 3.85 0.65 5.72 1.9 1.75 7.82 6.78 6.59 1.08 2.49 3.94 5.42 5.8 1.07 5.13 2.49 0.01 6.76 6.8 7.85 5.53 4.28 7.87 6.07 7.11 
4 4 4 4 4 4 4 4 4 4 4 4 4 4 4 4 4 4 4 4 4 4 4 4 4 4 4 4 4 4 4 4 4 4 4 4 4 4 4 4 
1.21 5.41 2.8 4.27 0.84 0.08 0.79 7.67 2.25 7 4.9 1.12 5.65 1.12 5.82 0.52 4.5 6.21 7.71 1.58 7.49 6.65 3.69 0.93 7.02 3.32 2.96 6.91 0.12 7.48 2.45 4.27 4.92 5.88 2.86 7.8 6.81 4.4 3.51 2.68 
0.77 2.91 5.5 4.08 0.67 6.44 3.03 4.08 0.66 0.85 7.16 0.05 2.23 6.24 4.86 1.93 4.9 1.93 2.39 5.75 1.16 5 4.79 6.15 1.84 2.18 4.79 0.49 1.62 7.11 3.99 3.96 3.22 1.23 7.5 2.44 2.83 3.95 4.09 4.71 
2.88 0.08 3.15 6.31 3.21 6.82 0.43 5.85 3.5 0.96 2.56 2.6 6.73 4.48 1.28 1.45 5.15 7.19 0.26 6.34 2.89 6.32 4.71 2.11 2.61 0.54 4.96 2.87 0.83 6.19 3.42 0.77 0.4 5.98 5.39 0.07 2.82 1.99 4.77 4.17 
1 1 1 1 1 1 1 1 1 1 1 1 1 1 1 1 1 1 1 1 1 1 1 1 1 1 1 1 1 1 1 1 1 1 1 1 1 1 1 1 
1 1 1 1 1 1 1 1 1 1 1 1 1 1 1 1 1 1 1 1 1 1 1 1 1 1 1 1 1 1 1 1 1 1 1 1 1 1 1 1 
1 1 1 1 1 1 1 1 1 1 1 1 1 1 1 1 1 1 1 1 1 1 1 1 1 1 1 1 1 1 1 1 1 1 1 1 1 1 1 1 
1 1 1 1 1 1 1 1 1 1 1 1 1 1 1 1 1 1 1 1 1 1 1 1 1 1 1 1 1 1 1 1 1 1 1 1 1 1 1 1 
1 1 1 1 1 1 1 1 1 1 1 1 1 1 1 1 1 1 1 1 1 1 1 1 1 1 1 1 1 1 1 1 1 1 1 1 1 1 1 1 
1 1 1 1 1 1 1 1 1 1 1 1 1 1 1 1 1 1 1 1 1 1 1 1 1 1 1 1 1 1 1 1 1 1 1 1 1 1 1 1 
0.01 0.01 0.01 0.01 0.01 0.01 0.01 0.01 0.01 0.01 0.01 0.01 0.01 0.01 0.01 0.01 0.01 0.01 0.01 0.01 0.01 0.01 0.01 0.01 0.01 0.01 0.01 0.01 0.01 0.01 0.01 0.01 0.01 0.01 0.01 0.01 0.01 0.01 0.01 0.01 
0.02 0.02 0.02 0.02 0.02 0.02 0.02 0.02 0.02 0.02 0.02 0.02 0.02 0.02 0.02 0.02 0.02 0.02 0.02 0.02 0.02 0.02 0.02 0.02 0.02 0.02 0.02 0.02 0.02 0.02 0.02 0.02 0.02 0.02 0.02 0.02 0.02 0.02 0.02 0.02 
0.03 0.03 0.03 0.03 0.03 0.03 0.03 0.03 0.03 0.03 0.03 0.03 0.03 0.03 0.03 0.03 0.03 0.03 0.03 0.03 0.03 0.03 0.03 0.03 0.03 0.03 0.03 0.03 0.03 0.03 0.03 0.03 0.03 0.03 0.03 0.03 0.03 0.03 0.03 0.03 
0.333333 0.333333 0.333333 0.333333 0.333333 0.333333 0.333333 0.333333 0.333333 0.333333 0.333333 0.333333 0.333333 0.333333 0.333333 0.333333 0.333333 0.333333 0.333333 0.333333 0.333333 0.333333 0.333333 0.333333 0.333333 0.333333 0.333333 0.333333 0.333333 0.333333 0.333333 0.333333 0.333333 0.333333 0.333333 0.333333 0.333333 0.333333 0.333333 0.333333 
0.666667 0.666667 0.666667 0.666667 0.666667 0.666667 0.666667 0.666667 0.666667 0.666667 0.666667 0.666667 0.666667 0.666667 0.666667 0.666667 0.666667 0.666667 0.666667 0.666667 0.666667 0.666667 0.666667 0.666667 0.666667 0.666667 0.666667 0.666667 0.666667 0.666667 0.666667 0.666667 0.666667 0.666667 0.666667 0.666667 0.666667 0.666667 0.666667 0.666667 
1 1 1 1 1 1 1 1 1 1 1 1 1 1 1 1 1 1 1 1 1 1 1 1 1 1 1 1 1 1 1 1 1 1 1 1 1 1 1 1 
