6 40 2 10
7 8 8 20 18 3 10 1 1 1 1 14 2 1 7 4 13 7 14 2 14 11 10 5 1 11 6 13 15 10 2 1 15 7 4 9 9 11 18 17 
4.44 5 1.75 0.09 7.5 5.09 2.44 3.8 4.62 0.78 1.46 7.58 6.16 7.44 2.1 7.14 0.24 4.82 5.2 0.9 7.5 6.83 4.67 6.29 3.75 3.05 6.04 2.53 0.69 7.78 4.9 1.62 0.14 7.85 1.3 4.24 1.59 2.4 4.05 5.81 
6.16 3.5 3.56 3.2 0.15 7.6 4.08 7.17 1.28 5.71 2.61 3.08 2.09 3.93 6.81 3.25 5.47 3.57 3.35 7.28 4.71 0.11 6.89 5.65 5.99 6.08 2.98 5.07 3.97 3.16 5.53 6.31 6.94 5.69 6.06 3.16 4.79 0.94 5.95 2.85 
4 4 4 4 4 4 4 4 4 4 4 4 4 4 4 4 4 4 4 4 4 4 4 4 4 4 4 4 4 4 4 4 4 4 4 4 4 4 4 4 
1.71 4.69 7.04 4.31 6.01 6.78 1.04 5.31 1.01 6.62 6.45 0.83 3.36 0.4 7.99 4.44 3.53 3.77 0.92 5.66 5.16 4.18 0.43 2.56 0.05 5.99 0.99 5.36 5.61 5.9 5.93 1.7 3.18 4.01 4.62 0.11 7.64 1.8 6.56 6.42 
2.93 3.43 5.2 4.22 3.06 3.26 7.71 2.69 1.54 3.22 5.46 0.13 2.49 6.93 4.51 4.73 2.58 4.9 5.5 4.29 3.72 3.87 5.02 3.69 0.97 1.39 1.58 2.5 0.98 7.27 0.37 1.39 5.82 7.27 0.22 5.08 2.25 0.77 7.3 7.1 
7.77 0.97 1.85 7.06 0.95 2.73 2.41 4.83 7 1.64 3.5 5.57 4.34 2.29 0.37 2.97 1.99 2.45 1.05 3.51 6.33 5.77 7.1 0.32 4.74 4.63 1.49 3.61 6.96 1.93 1.39 5.68 3.99 7.57 5.1 1.69 4.73 2.6 2.92 6.06 
1 1 1 1 1 1 1 1 1 1 1 1 1 1 1 1 1 1 1 1 1 1 1 1 1 1 1 1 1 1 1 1 1 1 1 1 1 1 1 1 
1 1 1 1 1 1 1 1 1 1 1 1 1 1 1 1 1 1 1 1 1 1 1 1 1 1 1 1 1 1 1 1 1 1 1 1 1 1 1 1 
1 1 1 1 1 1 1 1 1 1 1 1 1 1 1 1 1 1 1 1 1 1 1 1 1 1 1 1 1 1 1 1 1 1 1 1 1 1 1 1 
1 1 1 1 1 1 1 1 1 1 1 1 1 1 1 1 1 1 1 1 1 1 1 1 1 1 1 1 1 1 1 1 1 1 1 1 1 1 1 1 
1 1 1 1 1 1 1 1 1 1 1 1 1 1 1 1 1 1 1 1 1 1 1 1 1 1 1 1 1 1 1 1 1 1 1 1 1 1 1 1 
1 1 1 1 1 1 1 1 1 1 1 1 1 1 1 1 1 1 1 1 1 1 1 1 1 1 1 1 1 1 1 1 1 1 1 1 1 1 1 1 
0.01 0.01 0.01 0.01 0.01 0.01 0.01 0.01 0.01 0.01 0.01 0.01 0.01 0.01 0.01 0.01 0.01 0.01 0.01 0.01 0.01 0.01 0.01 0.01 0.01 0.01 0.01 0.01 0.01 0.01 0.01 0.01 0.01 0.01 0.01 0.01 0.01 0.01 0.01 0.01 
0.02 0.02 0.02 0.02 0.02 0.02 0.02 0.02 0.02 0.02 0.02 0.02 0.02 0.02 0.02 0.02 0.02 0.02 0.02 0.02 0.02 0.02 0.02 0.02 0.02 0.02 0.02 0.02 0.02 0.02 0.02 0.02 0.02 0.02 0.02 0.02 0.02 0.02 0.02 0.02 
0.03 0.03 0.03 0.03 0.03 0.03 0.03 0.03 0.03 0.03 0.03 0.03 0.03 0.03 0.03 0.03 0.03 0.03 0.03 0.03 0.03 0.03 0.03 0.03 0.03 0.03 0.03 0.03 0.03 0.03 0.03 0.03 0.03 0.03 0.03 0.03 0.03 0.03 0.03 0.03 
0.333333 0.333333 0.333333 0.333333 0.333333 0.333333 0.333333 0.333333 0.333333 0.333333 0.333333 0.333333 0.333333 0.333333 0.333333 0.333333 0.333333 0.333333 0.333333 0.333333 0.333333 0.333333 0.333333 0.333333 0.333333 0.333333 0.333333 0.333333 0.333333 0.333333 0.333333 0.333333 0.333333 0.333333 0.333333 0.333333 0.333333 0.333333 0.333333 0.333333 
0.666667 0.666667 0.666667 0.666667 0.666667 0.666667 0.666667 0.666667 0.666667 0.666667 0.666667 0.666667 0.666667 0.666667 0.666667 0.666667 0.666667 0.666667 0.666667 0.666667 0.666667 0.666667 0.666667 0.666667 0.666667 0.666667 0.666667 0.666667 0.666667 0.666667 0.666667 0.666667 0.666667 0.666667 0.666667 0.666667 0.666667 0.666667 0.666667 0.666667 
1 1 1 1 1 1 1 1 1 1 1 1 1 1 1 1 1 1 1 1 1 1 1 1 1 1 1 1 1 1 1 1 1 1 1 1 1 1 1 1 
