6 16 2 10
4 20 4 11 6 4 18 3 3 5 18 19 19 12 5 5 
0.22 1.81 1.92 6.68 0.25 6.93 5.09 2.91 4.37 6.41 2.73 0.83 7.71 3.11 7.58 7.05 
5.04 5.75 5.32 2.55 7.89 5.7 4.64 1.56 6.19 0.27 4.53 7.69 3.15 2.74 6.63 3.48 
4 4 4 4 4 4 4 4 4 4 4 4 4 4 4 4 
5.34 5.5 0.05 5.81 0.8 1.44 1.75 7.49 1.61 0.32 1.77 1.18 0.84 5.77 7.46 3.79 
3.12 1.49 3.94 3.32 6.15 7.58 0.22 1.72 0.87 1.04 5.88 1.5 3.48 6.72 1.43 2.49 
5.99 1.63 2.54 6.97 0.88 7.07 0.75 0.46 3.97 6.3 1.17 2.42 0.93 5.95 4.88 4.17 
1 1 1 1 1 1 1 1 1 1 1 1 1 1 1 1 
1 1 1 1 1 1 1 1 1 1 1 1 1 1 1 1 
1 1 1 1 1 1 1 1 1 1 1 1 1 1 1 1 
1 1 1 1 1 1 1 1 1 1 1 1 1 1 1 1 
1 1 1 1 1 1 1 1 1 1 1 1 1 1 1 1 
1 1 1 1 1 1 1 1 1 1 1 1 1 1 1 1 
0.01 0.01 0.01 0.01 0.01 0.01 0.01 0.01 0.01 0.01 0.01 0.01 0.01 0.01 0.01 0.01 
0.02 0.02 0.02 0.02 0.02 0.02 0.02 0.02 0.02 0.02 0.02 0.02 0.02 0.02 0.02 0.02 
0.03 0.03 0.03 0.03 0.03 0.03 0.03 0.03 0.03 0.03 0.03 0.03 0.03 0.03 0.03 0.03 
0.333333 0.333333 0.333333 0.333333 0.333333 0.333333 0.333333 0.333333 0.333333 0.333333 0.333333 0.333333 0.333333 0.333333 0.333333 0.333333 
0.666667 0.666667 0.666667 0.666667 0.666667 0.666667 0.666667 0.666667 0.666667 0.666667 0.666667 0.666667 0.666667 0.666667 0.666667 0.666667 
1 1 1 1 1 1 1 1 1 1 1 1 1 1 1 1 
