6 32 4 10
18 8 17 19 14 3 20 2 8 2 4 12 11 19 5 13 19 4 6 18 8 5 1 6 3 11 13 6 10 18 18 9 
4.52 4.95 0.95 3.85 0.33 1.84 0.56 3.16 0.93 1.85 4.32 1.41 2.2 4.06 1.82 1.63 6.99 6.16 7.6 5.77 3.81 5.16 6.31 4.29 6.73 5.51 5.96 5.67 5.52 4.2 7.03 5.98 
4.91 4.87 5.07 7.09 6.38 7.76 2.85 2.55 6.68 3.34 7.97 7.24 6.61 1.94 1.21 1.09 4.27 1.64 4.29 2.08 3.71 7.43 6.82 5.26 6.99 0.84 6.58 4.28 5.77 2.15 2.57 1.32 
6.18 2.46 4.13 7.49 2.59 4.21 3.75 0.28 3.02 2.02 6.29 7.98 6.32 2.09 2.14 6.98 1.33 4.97 6.33 6.3 4.3 4.04 6.3 1.87 2.51 0.92 0.69 6.96 5.04 3.28 4.6 1.57 
2.51 2.81 2.76 0.63 6.78 4.06 4.08 3.12 3.45 0.87 0.4 6.23 0.21 3.77 4.11 0.01 3.99 5.91 2.93 2.39 6.45 7.11 3.96 0.17 7.9 6.1 4.94 4.89 2.25 6.58 4.74 0.77 
4 4 4 4 4 4 4 4 4 4 4 4 4 4 4 4 4 4 4 4 4 4 4 4 4 4 4 4 4 4 4 4 
0.67 4.63 4.28 6.24 0.01 4.37 7.12 5.64 4.55 1.86 5.03 6.14 1.59 0.82 5.17 7.61 2.45 2.42 1.95 7.72 4.84 5.53 5.35 6.14 6.24 1.73 0.26 7.62 0.77 5.21 4.29 0.15 
1 1 1 1 1 1 1 1 1 1 1 1 1 1 1 1 1 1 1 1 1 1 1 1 1 1 1 1 1 1 1 1 
1 1 1 1 1 1 1 1 1 1 1 1 1 1 1 1 1 1 1 1 1 1 1 1 1 1 1 1 1 1 1 1 
1 1 1 1 1 1 1 1 1 1 1 1 1 1 1 1 1 1 1 1 1 1 1 1 1 1 1 1 1 1 1 1 
1 1 1 1 1 1 1 1 1 1 1 1 1 1 1 1 1 1 1 1 1 1 1 1 1 1 1 1 1 1 1 1 
1 1 1 1 1 1 1 1 1 1 1 1 1 1 1 1 1 1 1 1 1 1 1 1 1 1 1 1 1 1 1 1 
1 1 1 1 1 1 1 1 1 1 1 1 1 1 1 1 1 1 1 1 1 1 1 1 1 1 1 1 1 1 1 1 
0.01 0.01 0.01 0.01 0.01 0.01 0.01 0.01 0.01 0.01 0.01 0.01 0.01 0.01 0.01 0.01 0.01 0.01 0.01 0.01 0.01 0.01 0.01 0.01 0.01 0.01 0.01 0.01 0.01 0.01 0.01 0.01 
0.02 0.02 0.02 0.02 0.02 0.02 0.02 0.02 0.02 0.02 0.02 0.02 0.02 0.02 0.02 0.02 0.02 0.02 0.02 0.02 0.02 0.02 0.02 0.02 0.02 0.02 0.02 0.02 0.02 0.02 0.02 0.02 
0.03 0.03 0.03 0.03 0.03 0.03 0.03 0.03 0.03 0.03 0.03 0.03 0.03 0.03 0.03 0.03 0.03 0.03 0.03 0.03 0.03 0.03 0.03 0.03 0.03 0.03 0.03 0.03 0.03 0.03 0.03 0.03 
0.04 0.04 0.04 0.04 0.04 0.04 0.04 0.04 0.04 0.04 0.04 0.04 0.04 0.04 0.04 0.04 0.04 0.04 0.04 0.04 0.04 0.04 0.04 0.04 0.04 0.04 0.04 0.04 0.04 0.04 0.04 0.04 
0.05 0.05 0.05 0.05 0.05 0.05 0.05 0.05 0.05 0.05 0.05 0.05 0.05 0.05 0.05 0.05 0.05 0.05 0.05 0.05 0.05 0.05 0.05 0.05 0.05 0.05 0.05 0.05 0.05 0.05 0.05 0.05 
1 1 1 1 1 1 1 1 1 1 1 1 1 1 1 1 1 1 1 1 1 1 1 1 1 1 1 1 1 1 1 1 
