12 24 9 10
20 3 14 19 4 17 16 5 14 12 1 9 1 18 3 11 17 13 14 18 9 5 2 13 
1.16 7.09 1.07 1.26 2.35 6.83 4.27 0.53 5.28 7.81 1.2 5.53 1.68 6.18 2.67 0.12 7.16 2.99 1.91 2.18 4.64 7.17 2.1 7.82 
4.42 4.12 0.79 0.34 3.02 7.82 2.39 1.81 6.76 7.82 4.73 0.24 7.2 6.73 6.17 0.14 0.27 5 1.83 3.39 7.68 3.64 6.2 0.64 
2.53 0.58 3.14 5.24 2.96 4.9 1.95 0.03 3.82 2.13 0.18 1.08 0.33 2.13 1.96 0.71 1.89 1.75 6.85 3.78 2.94 6.6 5.76 6.97 
4.86 2.7 5.82 0.18 2.34 2.59 6.51 1.91 2.83 0.32 6.67 6.34 3.33 7.91 3.88 5.17 2.85 5.11 5.21 5.68 5.1 1.49 7.77 3.34 
4.07 3.73 5.96 1.95 1.21 4.47 2.29 3.02 7.48 1.15 0.8 5.58 3.08 2.87 3.43 4.33 6.16 2.02 2.96 1.58 6.78 6.76 0.6 1.34 
3.76 1.01 6.25 0.39 0.98 4.35 4.48 1.94 7.7 2.19 0.44 2.83 4.11 1.78 3.58 6.33 2.21 2.51 1.1 6.06 5.2 0.97 1.23 1.48 
2.3 3.48 6.27 4.79 4.35 0.93 0.93 2.7 3.82 3.5 0.99 1.98 4.71 0.15 4.8 6.9 7.1 5.9 4.02 3.54 3.22 5.13 5.71 6.58 
6.45 1.6 1.1 3.26 6.99 0.35 5.04 4.57 1.47 7.95 1.97 6.73 0.66 4.28 4.65 7.98 4.11 1.72 7.53 2.65 2.4 6.96 4.41 4.05 
7.82 7.79 5.41 3.6 4.45 2.9 4.16 0.32 5.04 0.65 0.07 3.28 5.54 4.64 3.12 4.83 1.57 6.72 7.4 7.43 1.21 6.72 7.73 4.69 
4 4 4 4 4 4 4 4 4 4 4 4 4 4 4 4 4 4 4 4 4 4 4 4 
5.11 5.55 0.88 1.57 4.95 5.48 5.85 7.5 6.75 0.75 7.23 5.62 7.23 7.94 6.08 6.72 6.51 7.33 2.16 2.21 1.5 0.01 3.61 4.84 
4.51 1.29 2.12 2.89 0.41 7.47 1.38 7.42 2.02 2.58 5.6 2.17 6.25 3.47 5.03 5.87 1.42 0.33 7.54 5.23 6.51 4.13 6.07 6.53 
1 1 1 1 1 1 1 1 1 1 1 1 1 1 1 1 1 1 1 1 1 1 1 1 
1 1 1 1 1 1 1 1 1 1 1 1 1 1 1 1 1 1 1 1 1 1 1 1 
1 1 1 1 1 1 1 1 1 1 1 1 1 1 1 1 1 1 1 1 1 1 1 1 
1 1 1 1 1 1 1 1 1 1 1 1 1 1 1 1 1 1 1 1 1 1 1 1 
1 1 1 1 1 1 1 1 1 1 1 1 1 1 1 1 1 1 1 1 1 1 1 1 
1 1 1 1 1 1 1 1 1 1 1 1 1 1 1 1 1 1 1 1 1 1 1 1 
1 1 1 1 1 1 1 1 1 1 1 1 1 1 1 1 1 1 1 1 1 1 1 1 
1 1 1 1 1 1 1 1 1 1 1 1 1 1 1 1 1 1 1 1 1 1 1 1 
1 1 1 1 1 1 1 1 1 1 1 1 1 1 1 1 1 1 1 1 1 1 1 1 
1 1 1 1 1 1 1 1 1 1 1 1 1 1 1 1 1 1 1 1 1 1 1 1 
1 1 1 1 1 1 1 1 1 1 1 1 1 1 1 1 1 1 1 1 1 1 1 1 
1 1 1 1 1 1 1 1 1 1 1 1 1 1 1 1 1 1 1 1 1 1 1 1 
0.01 0.01 0.01 0.01 0.01 0.01 0.01 0.01 0.01 0.01 0.01 0.01 0.01 0.01 0.01 0.01 0.01 0.01 0.01 0.01 0.01 0.01 0.01 0.01 
0.02 0.02 0.02 0.02 0.02 0.02 0.02 0.02 0.02 0.02 0.02 0.02 0.02 0.02 0.02 0.02 0.02 0.02 0.02 0.02 0.02 0.02 0.02 0.02 
0.03 0.03 0.03 0.03 0.03 0.03 0.03 0.03 0.03 0.03 0.03 0.03 0.03 0.03 0.03 0.03 0.03 0.03 0.03 0.03 0.03 0.03 0.03 0.03 
0.04 0.04 0.04 0.04 0.04 0.04 0.04 0.04 0.04 0.04 0.04 0.04 0.04 0.04 0.04 0.04 0.04 0.04 0.04 0.04 0.04 0.04 0.04 0.04 
0.05 0.05 0.05 0.05 0.05 0.05 0.05 0.05 0.05 0.05 0.05 0.05 0.05 0.05 0.05 0.05 0.05 0.05 0.05 0.05 0.05 0.05 0.05 0.05 
0.06 0.06 0.06 0.06 0.06 0.06 0.06 0.06 0.06 0.06 0.06 0.06 0.06 0.06 0.06 0.06 0.06 0.06 0.06 0.06 0.06 0.06 0.06 0.06 
0.07 0.07 0.07 0.07 0.07 0.07 0.07 0.07 0.07 0.07 0.07 0.07 0.07 0.07 0.07 0.07 0.07 0.07 0.07 0.07 0.07 0.07 0.07 0.07 
0.08 0.08 0.08 0.08 0.08 0.08 0.08 0.08 0.08 0.08 0.08 0.08 0.08 0.08 0.08 0.08 0.08 0.08 0.08 0.08 0.08 0.08 0.08 0.08 
0.09 0.09 0.09 0.09 0.09 0.09 0.09 0.09 0.09 0.09 0.09 0.09 0.09 0.09 0.09 0.09 0.09 0.09 0.09 0.09 0.09 0.09 0.09 0.09 
0.1 0.1 0.1 0.1 0.1 0.1 0.1 0.1 0.1 0.1 0.1 0.1 0.1 0.1 0.1 0.1 0.1 0.1 0.1 0.1 0.1 0.1 0.1 0.1 
0.5 0.5 0.5 0.5 0.5 0.5 0.5 0.5 0.5 0.5 0.5 0.5 0.5 0.5 0.5 0.5 0.5 0.5 0.5 0.5 0.5 0.5 0.5 0.5 
1 1 1 1 1 1 1 1 1 1 1 1 1 1 1 1 1 1 1 1 1 1 1 1 
