12 16 3 10
16 3 15 8 6 4 8 6 10 3 16 15 10 8 16 10 
0.64 7.7 7.79 1.91 1.81 2.19 1.36 6.71 0.8 4.72 5.79 4.57 3.33 5.36 1.32 2.39 
2.54 2.67 0.74 5.04 3.46 3.01 5.89 3.85 6.47 4.34 6.4 1.61 7.72 3.02 2.65 6.44 
4.16 2.48 6.19 0.69 5.65 5.78 3.24 6.45 4.4 7.2 2.62 3.38 0.74 0.85 1.21 4.63 
4 4 4 4 4 4 4 4 4 4 4 4 4 4 4 4 
3.56 1.07 2.9 0.38 6.55 5.98 4.96 5.87 5.61 0.12 6.95 5.72 4.52 6 0.53 0.89 
3.94 3.87 1.47 3.15 0.07 1.92 6.27 7.2 7.89 1.34 4.46 7.51 2.62 1.35 4.59 5.72 
2.86 0.68 6.35 1.75 7.87 0.92 7.7 2.52 6.94 4.36 1.21 3.51 2.17 6.63 5.3 7.94 
6.55 0.14 1.06 1.34 4.44 4.86 2.07 4.51 1.17 4.27 7.89 6.41 0.03 5.18 1.58 4.86 
7.44 1.27 7.57 5.74 5.68 7.63 5.52 2.38 4.45 4.83 7.26 5.7 3.99 7.43 3.7 5.01 
5.57 3.94 1.04 3.53 4.29 6.4 5.37 7.1 7.56 3.23 4.68 3.37 1.29 7.9 2.97 0.11 
7.32 1.31 1.08 4.3 2.03 2.8 4.48 3.11 6.95 5.58 5.09 1.6 6.53 4.53 0.63 5.65 
2.86 3.57 6.14 7.37 4.17 5.26 0.97 2.94 4.59 2.68 7.37 7.33 2.54 4.3 7.93 6.66 
1 1 1 1 1 1 1 1 1 1 1 1 1 1 1 1 
1 1 1 1 1 1 1 1 1 1 1 1 1 1 1 1 
1 1 1 1 1 1 1 1 1 1 1 1 1 1 1 1 
1 1 1 1 1 1 1 1 1 1 1 1 1 1 1 1 
1 1 1 1 1 1 1 1 1 1 1 1 1 1 1 1 
1 1 1 1 1 1 1 1 1 1 1 1 1 1 1 1 
1 1 1 1 1 1 1 1 1 1 1 1 1 1 1 1 
1 1 1 1 1 1 1 1 1 1 1 1 1 1 1 1 
1 1 1 1 1 1 1 1 1 1 1 1 1 1 1 1 
1 1 1 1 1 1 1 1 1 1 1 1 1 1 1 1 
1 1 1 1 1 1 1 1 1 1 1 1 1 1 1 1 
1 1 1 1 1 1 1 1 1 1 1 1 1 1 1 1 
0.01 0.01 0.01 0.01 0.01 0.01 0.01 0.01 0.01 0.01 0.01 0.01 0.01 0.01 0.01 0.01 
0.02 0.02 0.02 0.02 0.02 0.02 0.02 0.02 0.02 0.02 0.02 0.02 0.02 0.02 0.02 0.02 
0.03 0.03 0.03 0.03 0.03 0.03 0.03 0.03 0.03 0.03 0.03 0.03 0.03 0.03 0.03 0.03 
0.04 0.04 0.04 0.04 0.04 0.04 0.04 0.04 0.04 0.04 0.04 0.04 0.04 0.04 0.04 0.04 
0.125 0.125 0.125 0.125 0.125 0.125 0.125 0.125 0.125 0.125 0.125 0.125 0.125 0.125 0.125 0.125 
0.25 0.25 0.25 0.25 0.25 0.25 0.25 0.25 0.25 0.25 0.25 0.25 0.25 0.25 0.25 0.25 
0.375 0.375 0.375 0.375 0.375 0.375 0.375 0.375 0.375 0.375 0.375 0.375 0.375 0.375 0.375 0.375 
0.5 0.5 0.5 0.5 0.5 0.5 0.5 0.5 0.5 0.5 0.5 0.5 0.5 0.5 0.5 0.5 
0.625 0.625 0.625 0.625 0.625 0.625 0.625 0.625 0.625 0.625 0.625 0.625 0.625 0.625 0.625 0.625 
0.75 0.75 0.75 0.75 0.75 0.75 0.75 0.75 0.75 0.75 0.75 0.75 0.75 0.75 0.75 0.75 
0.875 0.875 0.875 0.875 0.875 0.875 0.875 0.875 0.875 0.875 0.875 0.875 0.875 0.875 0.875 0.875 
1 1 1 1 1 1 1 1 1 1 1 1 1 1 1 1 
