6 16 2 10
11 3 6 7 19 14 1 15 13 4 17 19 16 11 3 18 
6.98 3.67 6.54 4.13 6.81 2.6 4.96 5.58 6.89 5.76 6.4 6.94 7.62 3.46 4.75 1.1 
6.43 2.72 1.84 2.83 7.06 1.57 3.33 2.23 4.49 2.85 0.25 7.81 0.73 1.66 3.79 5.45 
4 4 4 4 4 4 4 4 4 4 4 4 4 4 4 4 
5.05 1.12 6.47 2.21 6.51 7.25 4.3 7.43 5.76 4.42 0.47 0.56 4.48 7.98 4.23 1.62 
5.85 6.97 4.22 3.92 0.81 7.78 5.43 5.36 6.08 0.55 4.96 0.65 7.14 6.9 5.71 6.37 
3.07 4.57 3.59 5.14 1.59 4.59 4.64 4.24 0.33 5.6 4.07 7.03 7.16 4.31 4.71 6.24 
1 1 1 1 1 1 1 1 1 1 1 1 1 1 1 1 
1 1 1 1 1 1 1 1 1 1 1 1 1 1 1 1 
1 1 1 1 1 1 1 1 1 1 1 1 1 1 1 1 
1 1 1 1 1 1 1 1 1 1 1 1 1 1 1 1 
1 1 1 1 1 1 1 1 1 1 1 1 1 1 1 1 
1 1 1 1 1 1 1 1 1 1 1 1 1 1 1 1 
0.01 0.01 0.01 0.01 0.01 0.01 0.01 0.01 0.01 0.01 0.01 0.01 0.01 0.01 0.01 0.01 
0.02 0.02 0.02 0.02 0.02 0.02 0.02 0.02 0.02 0.02 0.02 0.02 0.02 0.02 0.02 0.02 
0.03 0.03 0.03 0.03 0.03 0.03 0.03 0.03 0.03 0.03 0.03 0.03 0.03 0.03 0.03 0.03 
0.333333 0.333333 0.333333 0.333333 0.333333 0.333333 0.333333 0.333333 0.333333 0.333333 0.333333 0.333333 0.333333 0.333333 0.333333 0.333333 
0.666667 0.666667 0.666667 0.666667 0.666667 0.666667 0.666667 0.666667 0.666667 0.666667 0.666667 0.666667 0.666667 0.666667 0.666667 0.666667 
1 1 1 1 1 1 1 1 1 1 1 1 1 1 1 1 
