12 16 3 10
7 10 7 5 18 6 6 1 18 5 6 8 19 3 11 3 
0.84 0.86 5.07 7.54 4.4 5.02 0.74 5.26 0 7.44 2.15 1.19 3.53 4.95 3.93 1.22 
1.6 2.14 3.58 3.92 0.3 7.75 5.31 0.59 3.64 5.66 7.1 5.65 1.59 0.75 3.39 6.9 
3.94 5.84 0.26 7.2 6.4 1.07 2.85 7.28 2.02 5.48 2.39 6.75 0.05 7.75 6.39 7.04 
4 4 4 4 4 4 4 4 4 4 4 4 4 4 4 4 
2.24 1.85 7.42 5.21 4.99 7.38 0.84 3.11 1.63 1.03 7.18 4.94 0.46 5.43 2.12 5.79 
3.16 1.06 0.74 0.49 1.86 1.23 2.63 4.21 3.93 5.74 0.4 7.98 2.11 7.71 3.75 2.73 
1.64 3.65 6.17 2.21 6.65 5.51 7.98 4.78 7.74 1.03 4.57 2.35 4.38 1.98 5.9 0.43 
4.28 3.11 5.52 3.78 1.53 6.17 1.07 5.27 0.81 7.95 7.81 0.39 1.71 1.98 0.97 1.83 
1.95 6.1 0.81 7.57 2 7.32 0.5 5.28 6.2 0.83 4.74 5.21 5.84 4.43 0.03 6.54 
4.42 5.31 1.42 6.83 5 4.75 7.07 0.69 7.4 7.54 4.56 5.22 6.39 4.31 1.34 2.21 
5.72 1.58 5.76 4.9 2.7 3.71 4.64 6.78 3.53 0.17 0.8 7.73 0.21 3.23 3.22 0.5 
0.98 5.81 2.53 1.36 7.64 5.46 3.82 7.86 4.54 0.22 5.99 0.89 2.03 1.32 1.35 1.34 
1 1 1 1 1 1 1 1 1 1 1 1 1 1 1 1 
1 1 1 1 1 1 1 1 1 1 1 1 1 1 1 1 
1 1 1 1 1 1 1 1 1 1 1 1 1 1 1 1 
1 1 1 1 1 1 1 1 1 1 1 1 1 1 1 1 
1 1 1 1 1 1 1 1 1 1 1 1 1 1 1 1 
1 1 1 1 1 1 1 1 1 1 1 1 1 1 1 1 
1 1 1 1 1 1 1 1 1 1 1 1 1 1 1 1 
1 1 1 1 1 1 1 1 1 1 1 1 1 1 1 1 
1 1 1 1 1 1 1 1 1 1 1 1 1 1 1 1 
1 1 1 1 1 1 1 1 1 1 1 1 1 1 1 1 
1 1 1 1 1 1 1 1 1 1 1 1 1 1 1 1 
1 1 1 1 1 1 1 1 1 1 1 1 1 1 1 1 
0.01 0.01 0.01 0.01 0.01 0.01 0.01 0.01 0.01 0.01 0.01 0.01 0.01 0.01 0.01 0.01 
0.02 0.02 0.02 0.02 0.02 0.02 0.02 0.02 0.02 0.02 0.02 0.02 0.02 0.02 0.02 0.02 
0.03 0.03 0.03 0.03 0.03 0.03 0.03 0.03 0.03 0.03 0.03 0.03 0.03 0.03 0.03 0.03 
0.04 0.04 0.04 0.04 0.04 0.04 0.04 0.04 0.04 0.04 0.04 0.04 0.04 0.04 0.04 0.04 
0.125 0.125 0.125 0.125 0.125 0.125 0.125 0.125 0.125 0.125 0.125 0.125 0.125 0.125 0.125 0.125 
0.25 0.25 0.25 0.25 0.25 0.25 0.25 0.25 0.25 0.25 0.25 0.25 0.25 0.25 0.25 0.25 
0.375 0.375 0.375 0.375 0.375 0.375 0.375 0.375 0.375 0.375 0.375 0.375 0.375 0.375 0.375 0.375 
0.5 0.5 0.5 0.5 0.5 0.5 0.5 0.5 0.5 0.5 0.5 0.5 0.5 0.5 0.5 0.5 
0.625 0.625 0.625 0.625 0.625 0.625 0.625 0.625 0.625 0.625 0.625 0.625 0.625 0.625 0.625 0.625 
0.75 0.75 0.75 0.75 0.75 0.75 0.75 0.75 0.75 0.75 0.75 0.75 0.75 0.75 0.75 0.75 
0.875 0.875 0.875 0.875 0.875 0.875 0.875 0.875 0.875 0.875 0.875 0.875 0.875 0.875 0.875 0.875 
1 1 1 1 1 1 1 1 1 1 1 1 1 1 1 1 
