6 48 4 10
5 16 6 7 9 18 14 15 11 8 15 5 12 3 8 2 9 19 19 10 6 7 15 12 15 13 20 12 16 14 8 3 11 20 11 17 19 11 9 3 2 1 6 15 3 18 5 16 
2.46 6.15 2.12 4.57 3.67 7.11 1.38 7.98 2.07 7.7 4.86 5.83 5.48 5.32 7.01 1.47 0.98 7.59 7.4 3.86 2.36 0.88 0.4 3.16 3.42 4.61 7.19 6.87 6.3 0.06 3.29 0.61 3.68 7.12 4.23 4.42 4.6 2.64 6.3 3.48 4.11 6.94 3.83 5.3 3.65 7.84 6.9 2.62 
2.78 4.7 2.11 3.47 0.96 6.96 3.3 7.46 6.62 5.71 6.09 5.6 3.75 6.46 0.7 3.99 1.32 1.94 6.68 0.07 7.19 2.03 6.71 5.79 4.45 6.69 4.07 0.57 2.68 0.92 5.21 0.55 2.51 2 6.19 2.46 7.34 2.69 5.08 2.38 1 3.13 2.85 0.29 0.41 5.59 2.37 5.4 
5.43 6.39 1.85 2.62 2.3 2.67 5.25 0.1 1.9 2.61 0.42 1.22 0.92 2.08 5.99 3.82 1.73 0.27 4.96 6.03 6.51 3.54 1.72 0.23 5 7.1 6.12 2.83 3.44 1.81 2.36 3.47 6 2.36 5.71 7.21 7.48 4.92 5.69 5.44 6.18 4.52 4.07 3.85 2.05 6.33 6.42 3.63 
6.41 4.22 1.21 0.34 6.38 4.65 1.37 1.37 5.43 7.23 2.6 3.35 1.74 0.87 7.74 1.81 0.45 3.04 6.83 1.42 3.2 7.12 0.25 3.09 3.49 4.27 6.79 5.79 4.69 0.28 1.24 2.16 5.94 4.77 7.57 4.7 6.93 5.01 5.99 1.23 1.36 5.37 3.95 1.69 0.51 7.07 0.46 5.61 
4 4 4 4 4 4 4 4 4 4 4 4 4 4 4 4 4 4 4 4 4 4 4 4 4 4 4 4 4 4 4 4 4 4 4 4 4 4 4 4 4 4 4 4 4 4 4 4 
4.47 7.13 4.93 5.42 6.25 1.54 7.26 6.85 0.55 7.95 5.47 3.51 7.64 5.24 7.16 3.88 2.27 7.81 3.2 3.61 7.86 2.03 7.72 3.02 3.16 6.38 5.68 4.34 6.32 6.65 2.62 5.42 7.44 0.55 1.7 2.67 4.56 4.59 2.94 1.9 4.16 2.92 0.03 1.36 2.96 1.88 1.43 7.14 
1 1 1 1 1 1 1 1 1 1 1 1 1 1 1 1 1 1 1 1 1 1 1 1 1 1 1 1 1 1 1 1 1 1 1 1 1 1 1 1 1 1 1 1 1 1 1 1 
1 1 1 1 1 1 1 1 1 1 1 1 1 1 1 1 1 1 1 1 1 1 1 1 1 1 1 1 1 1 1 1 1 1 1 1 1 1 1 1 1 1 1 1 1 1 1 1 
1 1 1 1 1 1 1 1 1 1 1 1 1 1 1 1 1 1 1 1 1 1 1 1 1 1 1 1 1 1 1 1 1 1 1 1 1 1 1 1 1 1 1 1 1 1 1 1 
1 1 1 1 1 1 1 1 1 1 1 1 1 1 1 1 1 1 1 1 1 1 1 1 1 1 1 1 1 1 1 1 1 1 1 1 1 1 1 1 1 1 1 1 1 1 1 1 
1 1 1 1 1 1 1 1 1 1 1 1 1 1 1 1 1 1 1 1 1 1 1 1 1 1 1 1 1 1 1 1 1 1 1 1 1 1 1 1 1 1 1 1 1 1 1 1 
1 1 1 1 1 1 1 1 1 1 1 1 1 1 1 1 1 1 1 1 1 1 1 1 1 1 1 1 1 1 1 1 1 1 1 1 1 1 1 1 1 1 1 1 1 1 1 1 
0.01 0.01 0.01 0.01 0.01 0.01 0.01 0.01 0.01 0.01 0.01 0.01 0.01 0.01 0.01 0.01 0.01 0.01 0.01 0.01 0.01 0.01 0.01 0.01 0.01 0.01 0.01 0.01 0.01 0.01 0.01 0.01 0.01 0.01 0.01 0.01 0.01 0.01 0.01 0.01 0.01 0.01 0.01 0.01 0.01 0.01 0.01 0.01 
0.02 0.02 0.02 0.02 0.02 0.02 0.02 0.02 0.02 0.02 0.02 0.02 0.02 0.02 0.02 0.02 0.02 0.02 0.02 0.02 0.02 0.02 0.02 0.02 0.02 0.02 0.02 0.02 0.02 0.02 0.02 0.02 0.02 0.02 0.02 0.02 0.02 0.02 0.02 0.02 0.02 0.02 0.02 0.02 0.02 0.02 0.02 0.02 
0.03 0.03 0.03 0.03 0.03 0.03 0.03 0.03 0.03 0.03 0.03 0.03 0.03 0.03 0.03 0.03 0.03 0.03 0.03 0.03 0.03 0.03 0.03 0.03 0.03 0.03 0.03 0.03 0.03 0.03 0.03 0.03 0.03 0.03 0.03 0.03 0.03 0.03 0.03 0.03 0.03 0.03 0.03 0.03 0.03 0.03 0.03 0.03 
0.04 0.04 0.04 0.04 0.04 0.04 0.04 0.04 0.04 0.04 0.04 0.04 0.04 0.04 0.04 0.04 0.04 0.04 0.04 0.04 0.04 0.04 0.04 0.04 0.04 0.04 0.04 0.04 0.04 0.04 0.04 0.04 0.04 0.04 0.04 0.04 0.04 0.04 0.04 0.04 0.04 0.04 0.04 0.04 0.04 0.04 0.04 0.04 
0.05 0.05 0.05 0.05 0.05 0.05 0.05 0.05 0.05 0.05 0.05 0.05 0.05 0.05 0.05 0.05 0.05 0.05 0.05 0.05 0.05 0.05 0.05 0.05 0.05 0.05 0.05 0.05 0.05 0.05 0.05 0.05 0.05 0.05 0.05 0.05 0.05 0.05 0.05 0.05 0.05 0.05 0.05 0.05 0.05 0.05 0.05 0.05 
1 1 1 1 1 1 1 1 1 1 1 1 1 1 1 1 1 1 1 1 1 1 1 1 1 1 1 1 1 1 1 1 1 1 1 1 1 1 1 1 1 1 1 1 1 1 1 1 
