6 40 2 10
11 9 3 6 8 11 16 2 2 14 18 8 6 10 19 13 11 4 11 15 1 16 9 2 8 13 20 6 2 5 8 11 12 15 11 17 6 7 12 16 
4.7 5.55 1.85 5.59 2.52 0.93 1.59 4.68 0.26 1.6 4.42 7.79 2.65 5.7 5.14 6.63 1.27 1.08 4.12 0.98 2.41 7.49 4.1 0.91 6.5 6.49 2.65 2.22 4.85 0.63 0.71 0.11 4.56 3.37 0.4 6.33 6.73 2.05 1.63 0.28 
5.87 2.06 7.74 0.42 1.01 2.84 6.91 2.12 3.34 5.32 1.24 6.04 1.65 1.98 5.98 2.9 6.3 0.01 5.9 5.92 2.71 2.34 4.12 1.41 3.19 2.81 5.05 4.04 2.59 1.02 0.19 6.27 7.36 7.22 7.79 6.12 7.83 4.89 3.66 6.09 
4 4 4 4 4 4 4 4 4 4 4 4 4 4 4 4 4 4 4 4 4 4 4 4 4 4 4 4 4 4 4 4 4 4 4 4 4 4 4 4 
1.23 5.39 7.67 2.55 4.06 5.33 6.08 1.04 5.59 4.44 0.29 0.61 5.69 7.51 1.57 6.77 3.15 6.49 5.38 6.64 3.81 0.45 7.64 0.65 0.7 4.12 6.07 5.7 7.04 1.7 5.83 5.42 3.77 2.17 4.3 5.32 4.14 1.17 5.98 5.84 
2.51 2.58 2.97 7.68 3.07 3.86 4.78 3.12 6.94 2.61 7.27 7.42 0.69 5.66 0.68 2.33 3.4 4.07 4.81 5.38 1.21 3.63 5.24 0.81 3.09 6.35 1.96 2.44 4.15 0.22 5.5 0.44 6.93 3.27 4.88 0.35 2.68 6.52 5.81 2 
0.19 4.25 7.21 2.59 4.75 5.37 7.68 7.05 0.02 7.57 5.48 2.15 2.77 2.55 3.8 6.46 5.66 2.21 6.05 4.28 4.12 3.79 3.98 0.81 1.65 7.56 7.86 2.07 3.48 6.05 1.3 3.33 0.3 6.17 1.35 6.81 0.85 5.95 5.25 4.32 
1 1 1 1 1 1 1 1 1 1 1 1 1 1 1 1 1 1 1 1 1 1 1 1 1 1 1 1 1 1 1 1 1 1 1 1 1 1 1 1 
1 1 1 1 1 1 1 1 1 1 1 1 1 1 1 1 1 1 1 1 1 1 1 1 1 1 1 1 1 1 1 1 1 1 1 1 1 1 1 1 
1 1 1 1 1 1 1 1 1 1 1 1 1 1 1 1 1 1 1 1 1 1 1 1 1 1 1 1 1 1 1 1 1 1 1 1 1 1 1 1 
1 1 1 1 1 1 1 1 1 1 1 1 1 1 1 1 1 1 1 1 1 1 1 1 1 1 1 1 1 1 1 1 1 1 1 1 1 1 1 1 
1 1 1 1 1 1 1 1 1 1 1 1 1 1 1 1 1 1 1 1 1 1 1 1 1 1 1 1 1 1 1 1 1 1 1 1 1 1 1 1 
1 1 1 1 1 1 1 1 1 1 1 1 1 1 1 1 1 1 1 1 1 1 1 1 1 1 1 1 1 1 1 1 1 1 1 1 1 1 1 1 
0.01 0.01 0.01 0.01 0.01 0.01 0.01 0.01 0.01 0.01 0.01 0.01 0.01 0.01 0.01 0.01 0.01 0.01 0.01 0.01 0.01 0.01 0.01 0.01 0.01 0.01 0.01 0.01 0.01 0.01 0.01 0.01 0.01 0.01 0.01 0.01 0.01 0.01 0.01 0.01 
0.02 0.02 0.02 0.02 0.02 0.02 0.02 0.02 0.02 0.02 0.02 0.02 0.02 0.02 0.02 0.02 0.02 0.02 0.02 0.02 0.02 0.02 0.02 0.02 0.02 0.02 0.02 0.02 0.02 0.02 0.02 0.02 0.02 0.02 0.02 0.02 0.02 0.02 0.02 0.02 
0.03 0.03 0.03 0.03 0.03 0.03 0.03 0.03 0.03 0.03 0.03 0.03 0.03 0.03 0.03 0.03 0.03 0.03 0.03 0.03 0.03 0.03 0.03 0.03 0.03 0.03 0.03 0.03 0.03 0.03 0.03 0.03 0.03 0.03 0.03 0.03 0.03 0.03 0.03 0.03 
0.333333 0.333333 0.333333 0.333333 0.333333 0.333333 0.333333 0.333333 0.333333 0.333333 0.333333 0.333333 0.333333 0.333333 0.333333 0.333333 0.333333 0.333333 0.333333 0.333333 0.333333 0.333333 0.333333 0.333333 0.333333 0.333333 0.333333 0.333333 0.333333 0.333333 0.333333 0.333333 0.333333 0.333333 0.333333 0.333333 0.333333 0.333333 0.333333 0.333333 
0.666667 0.666667 0.666667 0.666667 0.666667 0.666667 0.666667 0.666667 0.666667 0.666667 0.666667 0.666667 0.666667 0.666667 0.666667 0.666667 0.666667 0.666667 0.666667 0.666667 0.666667 0.666667 0.666667 0.666667 0.666667 0.666667 0.666667 0.666667 0.666667 0.666667 0.666667 0.666667 0.666667 0.666667 0.666667 0.666667 0.666667 0.666667 0.666667 0.666667 
1 1 1 1 1 1 1 1 1 1 1 1 1 1 1 1 1 1 1 1 1 1 1 1 1 1 1 1 1 1 1 1 1 1 1 1 1 1 1 1 
