12 24 9 10
8 2 5 8 11 8 19 4 20 13 7 5 9 18 15 14 2 12 12 4 17 11 11 5 
4.8 2.33 7.55 0.62 0.42 2.3 7.86 0.48 2.06 1.66 0.73 6.11 3.53 3.88 5.48 2.97 7.69 4.36 4.29 4.02 0.13 5.42 1.76 0.22 
4.4 5.31 6.77 0.63 1.22 7.82 3.85 1.92 6.17 7.91 1.68 7.23 1.6 3.01 6.07 4.19 6.68 2.87 5.85 0.82 6.33 1.72 7.91 5.03 
2.92 0.61 1.2 3.06 0.98 4.37 0.73 7.91 6.58 0.2 5.65 6.11 3.41 7.97 0.89 4.68 3.28 7.37 4.07 6.99 2.84 4.87 7.29 7.48 
5.49 7 4.16 0.04 3.51 5.04 3.39 2.96 3.73 5.28 2.73 0.73 6.17 4.64 5.78 7.09 4.61 1.12 1.98 3.7 4.39 4.1 3.81 5.08 
2.77 2.23 2.01 2.27 4.84 0.06 2.37 1.56 2.37 7.45 5.25 4.7 7.2 5.8 1.35 4.36 0.55 3.42 1.43 0.79 7.93 3.52 5.21 5.36 
3.44 6.82 5.95 1.85 1.52 4.14 2.28 7.35 4.14 2.31 2.3 2.79 0.2 5.38 5.86 6.51 7.27 3.75 1.98 3.78 2.79 0.18 7.88 6.1 
6.21 1.58 4.55 1.44 0.97 2.57 7.83 5.5 5.5 1.31 4.35 2.2 4.37 1.98 5.23 6.48 7.48 5.52 7.73 1.74 6.1 4.4 5.04 5.64 
1.29 1.86 6.58 2.24 0.73 3.96 5.88 6.58 2.9 1.1 3.84 2.53 3.52 4.69 4.32 0.57 2.07 1.62 6.23 2.11 0.53 7.28 4.3 0.34 
3.02 5.63 3.26 3.66 6.2 6.24 5.16 2.29 1.92 5.63 0.02 4.23 2.84 2.83 4.24 5.54 4.86 5.66 3.89 3.49 2.54 4.99 2.06 0.4 
4 4 4 4 4 4 4 4 4 4 4 4 4 4 4 4 4 4 4 4 4 4 4 4 
5.57 3.41 2.56 0.34 4.12 7.36 3.32 0.25 6.85 1.4 5.54 7.69 1.45 2.58 4.52 4.39 5.05 0.73 4.44 1.4 7.23 6.07 2.88 5.85 
7.52 5.38 5.88 1.61 0.88 2.64 1.65 3.85 4.48 1.41 4.28 7.43 7.24 4.72 7.26 7.51 3.12 3.12 2.8 5.24 3.5 5.16 3.44 5.24 
1 1 1 1 1 1 1 1 1 1 1 1 1 1 1 1 1 1 1 1 1 1 1 1 
1 1 1 1 1 1 1 1 1 1 1 1 1 1 1 1 1 1 1 1 1 1 1 1 
1 1 1 1 1 1 1 1 1 1 1 1 1 1 1 1 1 1 1 1 1 1 1 1 
1 1 1 1 1 1 1 1 1 1 1 1 1 1 1 1 1 1 1 1 1 1 1 1 
1 1 1 1 1 1 1 1 1 1 1 1 1 1 1 1 1 1 1 1 1 1 1 1 
1 1 1 1 1 1 1 1 1 1 1 1 1 1 1 1 1 1 1 1 1 1 1 1 
1 1 1 1 1 1 1 1 1 1 1 1 1 1 1 1 1 1 1 1 1 1 1 1 
1 1 1 1 1 1 1 1 1 1 1 1 1 1 1 1 1 1 1 1 1 1 1 1 
1 1 1 1 1 1 1 1 1 1 1 1 1 1 1 1 1 1 1 1 1 1 1 1 
1 1 1 1 1 1 1 1 1 1 1 1 1 1 1 1 1 1 1 1 1 1 1 1 
1 1 1 1 1 1 1 1 1 1 1 1 1 1 1 1 1 1 1 1 1 1 1 1 
1 1 1 1 1 1 1 1 1 1 1 1 1 1 1 1 1 1 1 1 1 1 1 1 
0.01 0.01 0.01 0.01 0.01 0.01 0.01 0.01 0.01 0.01 0.01 0.01 0.01 0.01 0.01 0.01 0.01 0.01 0.01 0.01 0.01 0.01 0.01 0.01 
0.02 0.02 0.02 0.02 0.02 0.02 0.02 0.02 0.02 0.02 0.02 0.02 0.02 0.02 0.02 0.02 0.02 0.02 0.02 0.02 0.02 0.02 0.02 0.02 
0.03 0.03 0.03 0.03 0.03 0.03 0.03 0.03 0.03 0.03 0.03 0.03 0.03 0.03 0.03 0.03 0.03 0.03 0.03 0.03 0.03 0.03 0.03 0.03 
0.04 0.04 0.04 0.04 0.04 0.04 0.04 0.04 0.04 0.04 0.04 0.04 0.04 0.04 0.04 0.04 0.04 0.04 0.04 0.04 0.04 0.04 0.04 0.04 
0.05 0.05 0.05 0.05 0.05 0.05 0.05 0.05 0.05 0.05 0.05 0.05 0.05 0.05 0.05 0.05 0.05 0.05 0.05 0.05 0.05 0.05 0.05 0.05 
0.06 0.06 0.06 0.06 0.06 0.06 0.06 0.06 0.06 0.06 0.06 0.06 0.06 0.06 0.06 0.06 0.06 0.06 0.06 0.06 0.06 0.06 0.06 0.06 
0.07 0.07 0.07 0.07 0.07 0.07 0.07 0.07 0.07 0.07 0.07 0.07 0.07 0.07 0.07 0.07 0.07 0.07 0.07 0.07 0.07 0.07 0.07 0.07 
0.08 0.08 0.08 0.08 0.08 0.08 0.08 0.08 0.08 0.08 0.08 0.08 0.08 0.08 0.08 0.08 0.08 0.08 0.08 0.08 0.08 0.08 0.08 0.08 
0.09 0.09 0.09 0.09 0.09 0.09 0.09 0.09 0.09 0.09 0.09 0.09 0.09 0.09 0.09 0.09 0.09 0.09 0.09 0.09 0.09 0.09 0.09 0.09 
0.1 0.1 0.1 0.1 0.1 0.1 0.1 0.1 0.1 0.1 0.1 0.1 0.1 0.1 0.1 0.1 0.1 0.1 0.1 0.1 0.1 0.1 0.1 0.1 
0.5 0.5 0.5 0.5 0.5 0.5 0.5 0.5 0.5 0.5 0.5 0.5 0.5 0.5 0.5 0.5 0.5 0.5 0.5 0.5 0.5 0.5 0.5 0.5 
1 1 1 1 1 1 1 1 1 1 1 1 1 1 1 1 1 1 1 1 1 1 1 1 
