12 24 6 10
8 5 12 20 1 2 16 18 5 10 5 2 15 18 13 14 2 3 7 17 12 8 10 16 
3.85 2.19 3.89 5.23 7.86 4.51 6.66 2.26 3.57 0.78 1.06 1.15 4.5 4.15 4.71 0.52 2.6 7.67 6.73 2.75 5.06 2.21 0.15 5.26 
4.93 1.59 2.08 5.42 1.19 1.04 0.81 3.25 3.11 4.94 2.16 5.88 5.64 7.07 7.54 2.74 2.57 3.63 1.85 3.43 3.52 1.53 5.99 0.83 
4.25 2.57 4.93 1.13 3.01 2.32 6.27 7.38 0.69 4.76 0.85 3.11 3.31 7.15 0.01 0.3 7.39 2.26 0.43 0.46 6.58 4.79 0.38 7.04 
3.54 2.03 4.15 1.27 3.61 5.42 1.61 2.05 5.99 2.91 2.08 2.41 2.97 2.8 4.81 3.48 4.41 0.21 7.36 2.2 2.98 4.79 5.88 4.27 
6.23 0.3 7.57 7.17 1.39 6.18 0.35 2.95 1.24 1.82 1.51 3.55 6.49 6.73 5.27 5.81 7.41 6.08 7.44 5.87 3.48 0.19 1.81 6.81 
0.46 6.03 7.79 2.11 6.14 5.55 0 4.12 4.07 6.12 3.83 0.72 3.51 4.76 7.85 7.65 4.75 5.51 6.27 6.77 0.15 7.91 0.21 6.71 
4 4 4 4 4 4 4 4 4 4 4 4 4 4 4 4 4 4 4 4 4 4 4 4 
4.83 0.71 3.31 5.82 1.98 2.64 4.73 3.09 7.61 5.54 1.34 6.51 2.3 6.87 2.45 1.77 0.65 6.97 7.43 3.02 4.87 7.01 4.4 0.19 
4.39 3.61 5.41 0.57 1.06 5.83 3.46 1.46 2.67 5.31 7.99 5.92 6.48 5.01 2.54 3.14 4.99 1.07 4.06 6.68 4.2 7.82 3.82 4.54 
0.82 5.46 7.35 0.46 7.83 0.19 5.02 6.95 2.05 3.33 4.03 1.58 7.27 5.83 2.03 4.29 1.03 0.31 1.2 2.51 2.66 1.41 7.23 5.04 
1.49 6.63 3.13 2.56 2.02 0.47 1.71 4.34 0.28 3.49 7.15 7.13 1.82 4.95 7.94 2.65 1.27 0.87 7.33 2.6 1.06 7.4 4.31 2.3 
4.96 5.08 3.61 0.12 7.42 4.94 6.4 7.85 0.58 1.61 7.36 6 6.3 6.96 4.18 5.07 7.81 0.8 6.7 4.45 0.38 0.76 3.52 7.11 
1 1 1 1 1 1 1 1 1 1 1 1 1 1 1 1 1 1 1 1 1 1 1 1 
1 1 1 1 1 1 1 1 1 1 1 1 1 1 1 1 1 1 1 1 1 1 1 1 
1 1 1 1 1 1 1 1 1 1 1 1 1 1 1 1 1 1 1 1 1 1 1 1 
1 1 1 1 1 1 1 1 1 1 1 1 1 1 1 1 1 1 1 1 1 1 1 1 
1 1 1 1 1 1 1 1 1 1 1 1 1 1 1 1 1 1 1 1 1 1 1 1 
1 1 1 1 1 1 1 1 1 1 1 1 1 1 1 1 1 1 1 1 1 1 1 1 
1 1 1 1 1 1 1 1 1 1 1 1 1 1 1 1 1 1 1 1 1 1 1 1 
1 1 1 1 1 1 1 1 1 1 1 1 1 1 1 1 1 1 1 1 1 1 1 1 
1 1 1 1 1 1 1 1 1 1 1 1 1 1 1 1 1 1 1 1 1 1 1 1 
1 1 1 1 1 1 1 1 1 1 1 1 1 1 1 1 1 1 1 1 1 1 1 1 
1 1 1 1 1 1 1 1 1 1 1 1 1 1 1 1 1 1 1 1 1 1 1 1 
1 1 1 1 1 1 1 1 1 1 1 1 1 1 1 1 1 1 1 1 1 1 1 1 
0.01 0.01 0.01 0.01 0.01 0.01 0.01 0.01 0.01 0.01 0.01 0.01 0.01 0.01 0.01 0.01 0.01 0.01 0.01 0.01 0.01 0.01 0.01 0.01 
0.02 0.02 0.02 0.02 0.02 0.02 0.02 0.02 0.02 0.02 0.02 0.02 0.02 0.02 0.02 0.02 0.02 0.02 0.02 0.02 0.02 0.02 0.02 0.02 
0.03 0.03 0.03 0.03 0.03 0.03 0.03 0.03 0.03 0.03 0.03 0.03 0.03 0.03 0.03 0.03 0.03 0.03 0.03 0.03 0.03 0.03 0.03 0.03 
0.04 0.04 0.04 0.04 0.04 0.04 0.04 0.04 0.04 0.04 0.04 0.04 0.04 0.04 0.04 0.04 0.04 0.04 0.04 0.04 0.04 0.04 0.04 0.04 
0.05 0.05 0.05 0.05 0.05 0.05 0.05 0.05 0.05 0.05 0.05 0.05 0.05 0.05 0.05 0.05 0.05 0.05 0.05 0.05 0.05 0.05 0.05 0.05 
0.06 0.06 0.06 0.06 0.06 0.06 0.06 0.06 0.06 0.06 0.06 0.06 0.06 0.06 0.06 0.06 0.06 0.06 0.06 0.06 0.06 0.06 0.06 0.06 
0.07 0.07 0.07 0.07 0.07 0.07 0.07 0.07 0.07 0.07 0.07 0.07 0.07 0.07 0.07 0.07 0.07 0.07 0.07 0.07 0.07 0.07 0.07 0.07 
0.2 0.2 0.2 0.2 0.2 0.2 0.2 0.2 0.2 0.2 0.2 0.2 0.2 0.2 0.2 0.2 0.2 0.2 0.2 0.2 0.2 0.2 0.2 0.2 
0.4 0.4 0.4 0.4 0.4 0.4 0.4 0.4 0.4 0.4 0.4 0.4 0.4 0.4 0.4 0.4 0.4 0.4 0.4 0.4 0.4 0.4 0.4 0.4 
0.6 0.6 0.6 0.6 0.6 0.6 0.6 0.6 0.6 0.6 0.6 0.6 0.6 0.6 0.6 0.6 0.6 0.6 0.6 0.6 0.6 0.6 0.6 0.6 
0.8 0.8 0.8 0.8 0.8 0.8 0.8 0.8 0.8 0.8 0.8 0.8 0.8 0.8 0.8 0.8 0.8 0.8 0.8 0.8 0.8 0.8 0.8 0.8 
1 1 1 1 1 1 1 1 1 1 1 1 1 1 1 1 1 1 1 1 1 1 1 1 
