6 32 2 10
6 16 6 18 18 3 3 4 18 5 1 17 7 11 18 16 15 9 17 9 18 17 15 19 4 12 19 4 18 11 12 9 
3.6 2.08 2.91 5.93 6.1 5.39 4.36 6.44 0.34 1.16 6.16 3.53 3.41 3.07 2.25 7.38 6.57 2.62 4.8 0.38 2.68 4.81 3.68 1.64 7.18 2.26 5.31 2.63 0.29 4.63 6.1 3.33 
6.53 4.39 6.69 7.86 1.4 4.35 5.89 0.34 6.66 7.03 5.78 6.68 0.68 6.37 3.89 3.93 7.88 6.77 5.28 3.78 6.35 6.38 1.71 5.55 6.23 4.61 7.61 0.64 6.19 0.08 2.78 4.15 
4 4 4 4 4 4 4 4 4 4 4 4 4 4 4 4 4 4 4 4 4 4 4 4 4 4 4 4 4 4 4 4 
0.72 5.62 6.11 2.01 3.74 7.26 7.42 2 4.49 1.85 4.75 5.72 2.46 6.59 1.01 5.7 4.46 4.68 2.76 2.48 7.75 5.59 7.79 3.87 1.75 3.94 7.39 7.45 5.41 1.67 7.57 2.2 
5.01 2.38 3.01 1.27 2.98 7.46 6.49 7.65 1.89 6.74 1.39 6.42 5.24 6.08 7.21 0.05 0.84 2.15 6.87 2.76 0.52 2.51 2.27 6.8 3.05 1.43 1.99 5.49 4.7 5.08 2.63 0.42 
1.79 6.45 0.7 7.13 1.44 0.72 2.78 0.82 3.56 5.4 3.03 0.88 1.78 6.62 1.44 0.09 6.18 3.24 6.1 3.85 2.45 6.98 2.26 6.13 3.12 0.06 4.33 0.67 6.99 4.92 2.22 2.51 
1 1 1 1 1 1 1 1 1 1 1 1 1 1 1 1 1 1 1 1 1 1 1 1 1 1 1 1 1 1 1 1 
1 1 1 1 1 1 1 1 1 1 1 1 1 1 1 1 1 1 1 1 1 1 1 1 1 1 1 1 1 1 1 1 
1 1 1 1 1 1 1 1 1 1 1 1 1 1 1 1 1 1 1 1 1 1 1 1 1 1 1 1 1 1 1 1 
1 1 1 1 1 1 1 1 1 1 1 1 1 1 1 1 1 1 1 1 1 1 1 1 1 1 1 1 1 1 1 1 
1 1 1 1 1 1 1 1 1 1 1 1 1 1 1 1 1 1 1 1 1 1 1 1 1 1 1 1 1 1 1 1 
1 1 1 1 1 1 1 1 1 1 1 1 1 1 1 1 1 1 1 1 1 1 1 1 1 1 1 1 1 1 1 1 
0.01 0.01 0.01 0.01 0.01 0.01 0.01 0.01 0.01 0.01 0.01 0.01 0.01 0.01 0.01 0.01 0.01 0.01 0.01 0.01 0.01 0.01 0.01 0.01 0.01 0.01 0.01 0.01 0.01 0.01 0.01 0.01 
0.02 0.02 0.02 0.02 0.02 0.02 0.02 0.02 0.02 0.02 0.02 0.02 0.02 0.02 0.02 0.02 0.02 0.02 0.02 0.02 0.02 0.02 0.02 0.02 0.02 0.02 0.02 0.02 0.02 0.02 0.02 0.02 
0.03 0.03 0.03 0.03 0.03 0.03 0.03 0.03 0.03 0.03 0.03 0.03 0.03 0.03 0.03 0.03 0.03 0.03 0.03 0.03 0.03 0.03 0.03 0.03 0.03 0.03 0.03 0.03 0.03 0.03 0.03 0.03 
0.333333 0.333333 0.333333 0.333333 0.333333 0.333333 0.333333 0.333333 0.333333 0.333333 0.333333 0.333333 0.333333 0.333333 0.333333 0.333333 0.333333 0.333333 0.333333 0.333333 0.333333 0.333333 0.333333 0.333333 0.333333 0.333333 0.333333 0.333333 0.333333 0.333333 0.333333 0.333333 
0.666667 0.666667 0.666667 0.666667 0.666667 0.666667 0.666667 0.666667 0.666667 0.666667 0.666667 0.666667 0.666667 0.666667 0.666667 0.666667 0.666667 0.666667 0.666667 0.666667 0.666667 0.666667 0.666667 0.666667 0.666667 0.666667 0.666667 0.666667 0.666667 0.666667 0.666667 0.666667 
1 1 1 1 1 1 1 1 1 1 1 1 1 1 1 1 1 1 1 1 1 1 1 1 1 1 1 1 1 1 1 1 
