12 32 6 10
10 20 11 12 2 14 15 19 13 15 8 8 12 17 9 1 11 15 9 2 17 2 5 13 17 13 12 18 2 2 13 15 
6.75 1.47 2.41 6.53 4.44 5.71 0.22 5.7 5.01 1.91 6.88 6.77 5.32 1.86 2.93 0.3 1.82 7.91 4.51 7.8 2.74 1.48 0.58 0.27 4.37 6.6 4.84 4.31 2.39 2.65 4.09 6.84 
0.44 3 2.3 4.64 1.2 7.23 0.52 1.24 3.98 4.31 6.69 5.9 1.11 1.48 3.99 5.27 4.36 6.84 4.83 3.32 1.21 2.49 4.32 2.27 0.96 5.84 7.25 3.56 1.66 4.66 2 5.06 
2 6.23 6.7 5.72 2.6 5.13 7.32 0.46 0.63 7.55 2.8 1.09 3.87 3.73 7.46 7.87 0.57 1.53 4.42 2.25 6.5 7.89 5.5 1.36 5.93 3.84 2.65 3.98 7.35 4.66 3.41 6.07 
4.79 2.36 1.86 7.21 7.07 0.98 4.41 1.71 1.04 3.87 2.17 2.06 1.21 0.42 7.57 3.88 7.31 3.78 7.97 2.67 7.74 6.15 4.09 0.15 1.44 5.06 5.82 7.81 2.3 5.43 4.06 3.27 
7.93 6.7 5.55 0.46 0.07 3.58 5.07 0.25 0.41 6.7 7.6 4.55 6.43 1.65 0.49 2.67 4.59 1.6 7.96 4.74 4.36 5.59 5.31 0.8 7.86 7.3 7.41 0.05 1.82 3.37 0.2 2.18 
7.92 6.61 6.46 0.34 7.08 3.18 7.21 1.64 0.95 3.05 4.26 6.66 5.97 1.19 3.63 6.33 1.55 0.77 0.48 2.55 5.11 0.87 3.29 6.93 4.25 1.15 2.98 0.28 1.68 3.85 3.96 4.19 
4 4 4 4 4 4 4 4 4 4 4 4 4 4 4 4 4 4 4 4 4 4 4 4 4 4 4 4 4 4 4 4 
7.82 0.58 5.28 0.47 5.86 2.43 0.08 3.97 7.94 0.17 1.92 3 2.31 1.39 6.51 7.1 1.98 0.07 5.23 2.8 1.61 2.57 0.94 5.14 6.36 2.47 5.23 1.33 1.23 0.02 7.16 3.06 
7.9 2.4 0.27 3.37 7.93 1.05 3.24 1.15 6.99 7.68 0.88 6.7 5.28 6.3 7.53 7.56 3.8 3.09 3.8 0.48 5.99 1.5 6.58 3.61 1.07 3.44 3.55 0.35 0.02 3.47 7.51 4.14 
0.78 1.61 1.98 0.9 5.12 4.24 2.66 1.74 3.06 5.74 2.62 3.64 3.05 3.93 1.82 2.69 5.12 4.63 1 2.74 2.57 3.89 4.53 2.41 5.99 4.94 3.47 1.29 4.47 3.62 4.38 1.58 
5.41 0.15 3.64 2.97 5.13 7.16 4.83 3.66 7.6 6.79 3.01 3.56 7.38 1.61 7.7 4.31 4.96 0.23 4.06 5.53 6.56 1.96 1.35 2.44 7.6 3.71 6.73 5.18 5.42 7.57 5.03 2.96 
5.38 1.84 4.32 6.68 0.57 5.28 7.47 2.28 4.36 2.08 4.74 6.82 4.77 3.42 5.89 6.62 5.8 7.33 1.62 5.14 5.04 1.74 6.11 2.29 6.82 2.1 1.02 5.24 4.42 5.98 3.5 2.49 
1 1 1 1 1 1 1 1 1 1 1 1 1 1 1 1 1 1 1 1 1 1 1 1 1 1 1 1 1 1 1 1 
1 1 1 1 1 1 1 1 1 1 1 1 1 1 1 1 1 1 1 1 1 1 1 1 1 1 1 1 1 1 1 1 
1 1 1 1 1 1 1 1 1 1 1 1 1 1 1 1 1 1 1 1 1 1 1 1 1 1 1 1 1 1 1 1 
1 1 1 1 1 1 1 1 1 1 1 1 1 1 1 1 1 1 1 1 1 1 1 1 1 1 1 1 1 1 1 1 
1 1 1 1 1 1 1 1 1 1 1 1 1 1 1 1 1 1 1 1 1 1 1 1 1 1 1 1 1 1 1 1 
1 1 1 1 1 1 1 1 1 1 1 1 1 1 1 1 1 1 1 1 1 1 1 1 1 1 1 1 1 1 1 1 
1 1 1 1 1 1 1 1 1 1 1 1 1 1 1 1 1 1 1 1 1 1 1 1 1 1 1 1 1 1 1 1 
1 1 1 1 1 1 1 1 1 1 1 1 1 1 1 1 1 1 1 1 1 1 1 1 1 1 1 1 1 1 1 1 
1 1 1 1 1 1 1 1 1 1 1 1 1 1 1 1 1 1 1 1 1 1 1 1 1 1 1 1 1 1 1 1 
1 1 1 1 1 1 1 1 1 1 1 1 1 1 1 1 1 1 1 1 1 1 1 1 1 1 1 1 1 1 1 1 
1 1 1 1 1 1 1 1 1 1 1 1 1 1 1 1 1 1 1 1 1 1 1 1 1 1 1 1 1 1 1 1 
1 1 1 1 1 1 1 1 1 1 1 1 1 1 1 1 1 1 1 1 1 1 1 1 1 1 1 1 1 1 1 1 
0.01 0.01 0.01 0.01 0.01 0.01 0.01 0.01 0.01 0.01 0.01 0.01 0.01 0.01 0.01 0.01 0.01 0.01 0.01 0.01 0.01 0.01 0.01 0.01 0.01 0.01 0.01 0.01 0.01 0.01 0.01 0.01 
0.02 0.02 0.02 0.02 0.02 0.02 0.02 0.02 0.02 0.02 0.02 0.02 0.02 0.02 0.02 0.02 0.02 0.02 0.02 0.02 0.02 0.02 0.02 0.02 0.02 0.02 0.02 0.02 0.02 0.02 0.02 0.02 
0.03 0.03 0.03 0.03 0.03 0.03 0.03 0.03 0.03 0.03 0.03 0.03 0.03 0.03 0.03 0.03 0.03 0.03 0.03 0.03 0.03 0.03 0.03 0.03 0.03 0.03 0.03 0.03 0.03 0.03 0.03 0.03 
0.04 0.04 0.04 0.04 0.04 0.04 0.04 0.04 0.04 0.04 0.04 0.04 0.04 0.04 0.04 0.04 0.04 0.04 0.04 0.04 0.04 0.04 0.04 0.04 0.04 0.04 0.04 0.04 0.04 0.04 0.04 0.04 
0.05 0.05 0.05 0.05 0.05 0.05 0.05 0.05 0.05 0.05 0.05 0.05 0.05 0.05 0.05 0.05 0.05 0.05 0.05 0.05 0.05 0.05 0.05 0.05 0.05 0.05 0.05 0.05 0.05 0.05 0.05 0.05 
0.06 0.06 0.06 0.06 0.06 0.06 0.06 0.06 0.06 0.06 0.06 0.06 0.06 0.06 0.06 0.06 0.06 0.06 0.06 0.06 0.06 0.06 0.06 0.06 0.06 0.06 0.06 0.06 0.06 0.06 0.06 0.06 
0.07 0.07 0.07 0.07 0.07 0.07 0.07 0.07 0.07 0.07 0.07 0.07 0.07 0.07 0.07 0.07 0.07 0.07 0.07 0.07 0.07 0.07 0.07 0.07 0.07 0.07 0.07 0.07 0.07 0.07 0.07 0.07 
0.2 0.2 0.2 0.2 0.2 0.2 0.2 0.2 0.2 0.2 0.2 0.2 0.2 0.2 0.2 0.2 0.2 0.2 0.2 0.2 0.2 0.2 0.2 0.2 0.2 0.2 0.2 0.2 0.2 0.2 0.2 0.2 
0.4 0.4 0.4 0.4 0.4 0.4 0.4 0.4 0.4 0.4 0.4 0.4 0.4 0.4 0.4 0.4 0.4 0.4 0.4 0.4 0.4 0.4 0.4 0.4 0.4 0.4 0.4 0.4 0.4 0.4 0.4 0.4 
0.6 0.6 0.6 0.6 0.6 0.6 0.6 0.6 0.6 0.6 0.6 0.6 0.6 0.6 0.6 0.6 0.6 0.6 0.6 0.6 0.6 0.6 0.6 0.6 0.6 0.6 0.6 0.6 0.6 0.6 0.6 0.6 
0.8 0.8 0.8 0.8 0.8 0.8 0.8 0.8 0.8 0.8 0.8 0.8 0.8 0.8 0.8 0.8 0.8 0.8 0.8 0.8 0.8 0.8 0.8 0.8 0.8 0.8 0.8 0.8 0.8 0.8 0.8 0.8 
1 1 1 1 1 1 1 1 1 1 1 1 1 1 1 1 1 1 1 1 1 1 1 1 1 1 1 1 1 1 1 1 
