6 40 2 10
16 15 14 18 9 18 16 6 12 10 18 3 11 15 4 10 20 17 13 11 4 12 4 14 14 2 5 9 10 6 7 19 5 20 4 1 20 15 3 10 
0.4 6.34 5.12 4.57 3.6 0.08 3.66 2.85 6.69 6.33 7.36 0.44 3.47 2.21 2.88 1.45 1.39 0.67 1.52 2.52 6.52 5.58 0.91 5.21 2.05 1.01 3.31 2.91 1.45 5.24 2.05 5.35 4.86 0.16 5.55 2.31 3.29 6.77 0.93 7.38 
4.3 5.21 6.79 1.55 7.32 2.8 0.5 5.44 4.56 7.49 7.09 3.51 7.22 4.14 7.7 4.11 7.42 1.32 5.24 2.96 1.64 2.94 1.98 2.82 6.76 4.89 2.95 4.27 1.49 6.37 4.53 3.92 5.24 7.06 6.7 1.82 0.66 2.62 0.4 6.27 
4 4 4 4 4 4 4 4 4 4 4 4 4 4 4 4 4 4 4 4 4 4 4 4 4 4 4 4 4 4 4 4 4 4 4 4 4 4 4 4 
4.88 6.94 7.1 5.29 2.55 5.87 4 5.78 2.31 6.31 4.22 2.82 5.81 3.66 3.73 5.59 7.45 5.15 5.79 5.85 5.35 0.01 0.62 2.56 3.44 0.02 1.57 1.98 0.81 4.47 6.17 4.64 7.67 4.32 6.23 1.35 3.42 2.35 3.72 6.65 
4.95 7.83 0.1 1.61 0.08 4.67 7.86 4.06 1.68 3.53 2.25 1.27 5.76 4.65 1.04 2.58 4.5 0.42 2.61 7.69 4.48 2.39 3.7 4.13 5.1 2.78 6.41 1.08 4.27 4.99 0.79 6.03 0.49 1.18 4.41 1.2 6.38 7.58 2.48 0.75 
5.73 5.13 4.06 2.44 3.71 6.34 6.89 2 4.64 4.52 7.63 3.3 7.55 5.66 1.54 2.03 4.9 1.74 1.67 6.46 5.77 5.09 2.87 2.19 3.35 0.27 4.26 3.86 1.05 4.25 4.16 5.66 3.79 0.17 6.08 7.92 7.33 2.52 5.48 6.79 
1 1 1 1 1 1 1 1 1 1 1 1 1 1 1 1 1 1 1 1 1 1 1 1 1 1 1 1 1 1 1 1 1 1 1 1 1 1 1 1 
1 1 1 1 1 1 1 1 1 1 1 1 1 1 1 1 1 1 1 1 1 1 1 1 1 1 1 1 1 1 1 1 1 1 1 1 1 1 1 1 
1 1 1 1 1 1 1 1 1 1 1 1 1 1 1 1 1 1 1 1 1 1 1 1 1 1 1 1 1 1 1 1 1 1 1 1 1 1 1 1 
1 1 1 1 1 1 1 1 1 1 1 1 1 1 1 1 1 1 1 1 1 1 1 1 1 1 1 1 1 1 1 1 1 1 1 1 1 1 1 1 
1 1 1 1 1 1 1 1 1 1 1 1 1 1 1 1 1 1 1 1 1 1 1 1 1 1 1 1 1 1 1 1 1 1 1 1 1 1 1 1 
1 1 1 1 1 1 1 1 1 1 1 1 1 1 1 1 1 1 1 1 1 1 1 1 1 1 1 1 1 1 1 1 1 1 1 1 1 1 1 1 
0.01 0.01 0.01 0.01 0.01 0.01 0.01 0.01 0.01 0.01 0.01 0.01 0.01 0.01 0.01 0.01 0.01 0.01 0.01 0.01 0.01 0.01 0.01 0.01 0.01 0.01 0.01 0.01 0.01 0.01 0.01 0.01 0.01 0.01 0.01 0.01 0.01 0.01 0.01 0.01 
0.02 0.02 0.02 0.02 0.02 0.02 0.02 0.02 0.02 0.02 0.02 0.02 0.02 0.02 0.02 0.02 0.02 0.02 0.02 0.02 0.02 0.02 0.02 0.02 0.02 0.02 0.02 0.02 0.02 0.02 0.02 0.02 0.02 0.02 0.02 0.02 0.02 0.02 0.02 0.02 
0.03 0.03 0.03 0.03 0.03 0.03 0.03 0.03 0.03 0.03 0.03 0.03 0.03 0.03 0.03 0.03 0.03 0.03 0.03 0.03 0.03 0.03 0.03 0.03 0.03 0.03 0.03 0.03 0.03 0.03 0.03 0.03 0.03 0.03 0.03 0.03 0.03 0.03 0.03 0.03 
0.333333 0.333333 0.333333 0.333333 0.333333 0.333333 0.333333 0.333333 0.333333 0.333333 0.333333 0.333333 0.333333 0.333333 0.333333 0.333333 0.333333 0.333333 0.333333 0.333333 0.333333 0.333333 0.333333 0.333333 0.333333 0.333333 0.333333 0.333333 0.333333 0.333333 0.333333 0.333333 0.333333 0.333333 0.333333 0.333333 0.333333 0.333333 0.333333 0.333333 
0.666667 0.666667 0.666667 0.666667 0.666667 0.666667 0.666667 0.666667 0.666667 0.666667 0.666667 0.666667 0.666667 0.666667 0.666667 0.666667 0.666667 0.666667 0.666667 0.666667 0.666667 0.666667 0.666667 0.666667 0.666667 0.666667 0.666667 0.666667 0.666667 0.666667 0.666667 0.666667 0.666667 0.666667 0.666667 0.666667 0.666667 0.666667 0.666667 0.666667 
1 1 1 1 1 1 1 1 1 1 1 1 1 1 1 1 1 1 1 1 1 1 1 1 1 1 1 1 1 1 1 1 1 1 1 1 1 1 1 1 
