6 32 4 10
7 18 1 2 12 16 3 10 8 16 9 18 6 10 7 11 15 1 12 1 10 2 18 4 7 18 9 4 5 18 17 1 
7.33 2.82 6.79 6.32 0.51 1.95 4.7 1.81 3.84 1.18 2.98 0.13 1.15 5.33 7.85 1.5 7.82 6.65 7.6 4.02 6.86 2.27 4.07 1.94 4.65 4.77 7.13 2.28 7.24 7.88 4.34 1.1 
2.28 3.96 3.59 3.63 5.82 0.46 4.35 2.04 2.95 1.52 3.54 4.7 7.89 0.8 4.72 6.18 5.49 1.07 2.29 1.84 3.05 7.89 6.37 5.38 4.35 7.71 4.65 6.41 4.88 0.97 0.41 7.24 
5.62 2.79 7.93 0.21 7.87 4.92 1.58 1.23 2.31 5.95 7.32 3.74 2.3 3.28 1.94 1.42 3.31 7.37 5.97 3.7 4.83 5.71 7 7.37 4.09 5.93 4.49 5.1 6.67 5.17 4.33 7.03 
0.83 3.34 4.42 6.78 7.44 1.61 5.94 0.84 0.01 0.79 1.55 5.65 0.68 1.21 3.94 4.28 7.38 5.52 6.45 2.23 1.38 3.25 7.99 3.64 6.45 5.05 5.61 5.85 2.65 6.74 4.39 4.52 
4 4 4 4 4 4 4 4 4 4 4 4 4 4 4 4 4 4 4 4 4 4 4 4 4 4 4 4 4 4 4 4 
4.52 6 2.93 2.82 7.73 7.86 7.69 1.2 2.08 1.05 7.63 7.2 6 2.19 2.34 4 2.24 4.07 7.33 3.03 7.97 5.74 4.34 2.44 0.48 5.79 4.01 3.02 2.3 4.33 6.17 3.66 
1 1 1 1 1 1 1 1 1 1 1 1 1 1 1 1 1 1 1 1 1 1 1 1 1 1 1 1 1 1 1 1 
1 1 1 1 1 1 1 1 1 1 1 1 1 1 1 1 1 1 1 1 1 1 1 1 1 1 1 1 1 1 1 1 
1 1 1 1 1 1 1 1 1 1 1 1 1 1 1 1 1 1 1 1 1 1 1 1 1 1 1 1 1 1 1 1 
1 1 1 1 1 1 1 1 1 1 1 1 1 1 1 1 1 1 1 1 1 1 1 1 1 1 1 1 1 1 1 1 
1 1 1 1 1 1 1 1 1 1 1 1 1 1 1 1 1 1 1 1 1 1 1 1 1 1 1 1 1 1 1 1 
1 1 1 1 1 1 1 1 1 1 1 1 1 1 1 1 1 1 1 1 1 1 1 1 1 1 1 1 1 1 1 1 
0.01 0.01 0.01 0.01 0.01 0.01 0.01 0.01 0.01 0.01 0.01 0.01 0.01 0.01 0.01 0.01 0.01 0.01 0.01 0.01 0.01 0.01 0.01 0.01 0.01 0.01 0.01 0.01 0.01 0.01 0.01 0.01 
0.02 0.02 0.02 0.02 0.02 0.02 0.02 0.02 0.02 0.02 0.02 0.02 0.02 0.02 0.02 0.02 0.02 0.02 0.02 0.02 0.02 0.02 0.02 0.02 0.02 0.02 0.02 0.02 0.02 0.02 0.02 0.02 
0.03 0.03 0.03 0.03 0.03 0.03 0.03 0.03 0.03 0.03 0.03 0.03 0.03 0.03 0.03 0.03 0.03 0.03 0.03 0.03 0.03 0.03 0.03 0.03 0.03 0.03 0.03 0.03 0.03 0.03 0.03 0.03 
0.04 0.04 0.04 0.04 0.04 0.04 0.04 0.04 0.04 0.04 0.04 0.04 0.04 0.04 0.04 0.04 0.04 0.04 0.04 0.04 0.04 0.04 0.04 0.04 0.04 0.04 0.04 0.04 0.04 0.04 0.04 0.04 
0.05 0.05 0.05 0.05 0.05 0.05 0.05 0.05 0.05 0.05 0.05 0.05 0.05 0.05 0.05 0.05 0.05 0.05 0.05 0.05 0.05 0.05 0.05 0.05 0.05 0.05 0.05 0.05 0.05 0.05 0.05 0.05 
1 1 1 1 1 1 1 1 1 1 1 1 1 1 1 1 1 1 1 1 1 1 1 1 1 1 1 1 1 1 1 1 
