6 24 2 10
5 1 20 3 2 12 18 20 16 1 10 15 13 4 5 5 7 6 6 3 8 6 7 18 
1.45 6.35 6.14 1.11 2.33 7.42 2.55 5.66 2.66 3.93 1.15 3.95 6.46 7.7 7.78 4.02 4.09 1.3 7.33 5.06 0.31 3.67 2.5 3.05 
1.7 6.11 5.73 6.5 7.59 0.85 0.29 3.82 1.2 2.31 4.77 5.64 5.39 5.58 1.59 7.4 0.13 0.33 4.83 1.93 6.31 6.58 0.37 1.51 
4 4 4 4 4 4 4 4 4 4 4 4 4 4 4 4 4 4 4 4 4 4 4 4 
5.22 7.07 1.23 4.09 4.3 4.49 5.19 6.57 3.39 1.73 7.65 2.37 3.14 3.08 6.63 0.83 6.08 1.85 7.92 3.64 4.05 2.23 4.5 3.78 
6.76 3.32 4.17 2.52 2.58 5.9 1.68 5.93 3.04 6.72 0.61 5.85 3.29 1.78 5.38 5.95 4.27 5.42 4.67 4.91 4.34 4 6.11 5.16 
7.79 6.44 6.85 6.44 2.94 6.77 2.65 3.89 3.49 2.15 6.49 7.2 0.62 3.31 7.47 2.02 7.99 5.43 3.3 0.14 6.43 2.39 6.85 2.32 
1 1 1 1 1 1 1 1 1 1 1 1 1 1 1 1 1 1 1 1 1 1 1 1 
1 1 1 1 1 1 1 1 1 1 1 1 1 1 1 1 1 1 1 1 1 1 1 1 
1 1 1 1 1 1 1 1 1 1 1 1 1 1 1 1 1 1 1 1 1 1 1 1 
1 1 1 1 1 1 1 1 1 1 1 1 1 1 1 1 1 1 1 1 1 1 1 1 
1 1 1 1 1 1 1 1 1 1 1 1 1 1 1 1 1 1 1 1 1 1 1 1 
1 1 1 1 1 1 1 1 1 1 1 1 1 1 1 1 1 1 1 1 1 1 1 1 
0.01 0.01 0.01 0.01 0.01 0.01 0.01 0.01 0.01 0.01 0.01 0.01 0.01 0.01 0.01 0.01 0.01 0.01 0.01 0.01 0.01 0.01 0.01 0.01 
0.02 0.02 0.02 0.02 0.02 0.02 0.02 0.02 0.02 0.02 0.02 0.02 0.02 0.02 0.02 0.02 0.02 0.02 0.02 0.02 0.02 0.02 0.02 0.02 
0.03 0.03 0.03 0.03 0.03 0.03 0.03 0.03 0.03 0.03 0.03 0.03 0.03 0.03 0.03 0.03 0.03 0.03 0.03 0.03 0.03 0.03 0.03 0.03 
0.333333 0.333333 0.333333 0.333333 0.333333 0.333333 0.333333 0.333333 0.333333 0.333333 0.333333 0.333333 0.333333 0.333333 0.333333 0.333333 0.333333 0.333333 0.333333 0.333333 0.333333 0.333333 0.333333 0.333333 
0.666667 0.666667 0.666667 0.666667 0.666667 0.666667 0.666667 0.666667 0.666667 0.666667 0.666667 0.666667 0.666667 0.666667 0.666667 0.666667 0.666667 0.666667 0.666667 0.666667 0.666667 0.666667 0.666667 0.666667 
1 1 1 1 1 1 1 1 1 1 1 1 1 1 1 1 1 1 1 1 1 1 1 1 
