12 16 9 10
16 2 10 2 19 10 15 2 14 9 20 5 18 4 11 11 
2.71 7.55 3.57 6.34 2.21 0.3 4.87 7.87 7.98 7.47 6.08 1.85 2.57 2.57 2.39 7 
5.73 0.48 3.54 6.16 7.43 3.77 4.98 6.12 6.65 4.82 5.4 4.36 6.77 3.44 7.4 3.32 
3.11 5.1 3.68 1.28 6.59 4.65 5.19 6.64 3.29 4.61 6.38 0.01 6 3.65 3.99 1.42 
4.66 0.09 2.61 5.28 6.82 0.05 2.96 7.34 5.82 3.17 0.25 2.38 5.6 1.5 5.21 5.88 
2.34 7.05 7.52 0.61 7.52 0.21 1.85 0.55 2.98 5 1.48 5.24 1.3 3.95 2.86 5.95 
0.73 1.32 7.68 7.44 6.52 3.82 2.92 6.32 7.28 4.1 2.26 5.82 7.01 3.65 0.72 2.75 
3.88 6.6 5.27 5.36 1.02 1.52 1.53 2.97 3.46 3.39 7.04 6.72 1.58 5.64 4.17 1.76 
2.94 7.13 3.49 5.04 1.06 7.88 4.39 6.39 0.02 7.45 7.66 7.48 7.51 1.44 3.15 7.22 
6.96 5.14 5.17 3.88 2.83 3.6 3.79 2.73 6.16 1.67 4.9 6.85 5.63 0.85 1.14 2.64 
4 4 4 4 4 4 4 4 4 4 4 4 4 4 4 4 
2.76 7.72 3.07 4.67 4.92 1.6 1.57 4.1 0.67 3.86 1.1 7.48 2.79 0.45 3.79 0.07 
3 7.54 0.97 1.05 1.32 6.34 5.59 5.93 6.63 5.36 4.27 5.23 0.8 3.34 4.08 2.46 
1 1 1 1 1 1 1 1 1 1 1 1 1 1 1 1 
1 1 1 1 1 1 1 1 1 1 1 1 1 1 1 1 
1 1 1 1 1 1 1 1 1 1 1 1 1 1 1 1 
1 1 1 1 1 1 1 1 1 1 1 1 1 1 1 1 
1 1 1 1 1 1 1 1 1 1 1 1 1 1 1 1 
1 1 1 1 1 1 1 1 1 1 1 1 1 1 1 1 
1 1 1 1 1 1 1 1 1 1 1 1 1 1 1 1 
1 1 1 1 1 1 1 1 1 1 1 1 1 1 1 1 
1 1 1 1 1 1 1 1 1 1 1 1 1 1 1 1 
1 1 1 1 1 1 1 1 1 1 1 1 1 1 1 1 
1 1 1 1 1 1 1 1 1 1 1 1 1 1 1 1 
1 1 1 1 1 1 1 1 1 1 1 1 1 1 1 1 
0.01 0.01 0.01 0.01 0.01 0.01 0.01 0.01 0.01 0.01 0.01 0.01 0.01 0.01 0.01 0.01 
0.02 0.02 0.02 0.02 0.02 0.02 0.02 0.02 0.02 0.02 0.02 0.02 0.02 0.02 0.02 0.02 
0.03 0.03 0.03 0.03 0.03 0.03 0.03 0.03 0.03 0.03 0.03 0.03 0.03 0.03 0.03 0.03 
0.04 0.04 0.04 0.04 0.04 0.04 0.04 0.04 0.04 0.04 0.04 0.04 0.04 0.04 0.04 0.04 
0.05 0.05 0.05 0.05 0.05 0.05 0.05 0.05 0.05 0.05 0.05 0.05 0.05 0.05 0.05 0.05 
0.06 0.06 0.06 0.06 0.06 0.06 0.06 0.06 0.06 0.06 0.06 0.06 0.06 0.06 0.06 0.06 
0.07 0.07 0.07 0.07 0.07 0.07 0.07 0.07 0.07 0.07 0.07 0.07 0.07 0.07 0.07 0.07 
0.08 0.08 0.08 0.08 0.08 0.08 0.08 0.08 0.08 0.08 0.08 0.08 0.08 0.08 0.08 0.08 
0.09 0.09 0.09 0.09 0.09 0.09 0.09 0.09 0.09 0.09 0.09 0.09 0.09 0.09 0.09 0.09 
0.1 0.1 0.1 0.1 0.1 0.1 0.1 0.1 0.1 0.1 0.1 0.1 0.1 0.1 0.1 0.1 
0.5 0.5 0.5 0.5 0.5 0.5 0.5 0.5 0.5 0.5 0.5 0.5 0.5 0.5 0.5 0.5 
1 1 1 1 1 1 1 1 1 1 1 1 1 1 1 1 
