12 32 3 10
14 6 3 10 3 11 13 14 16 10 15 2 13 9 14 12 5 6 13 14 8 19 13 2 19 12 12 9 6 6 6 14 
2.97 2.26 1.74 6.04 4.37 2.86 0.97 0.23 5.1 5.05 3.11 6 2.73 5.69 1.81 4.5 5.92 5.99 5.65 2.7 3.71 1.08 3.11 1.2 0.86 7.15 3.21 3.57 4.16 2.91 4.73 1.91 
3.2 7.56 5.62 5.75 2.81 6.36 0.19 4.45 7.9 5.24 0.04 3.68 3.98 4.89 0.56 1.84 0.38 2.89 0.31 5.15 3.88 1.14 1.98 3.86 3.44 3.53 3.69 5.26 6.12 0.07 5.24 0.68 
7.69 5.07 4.24 0.55 3.5 6.02 1.67 7.62 0.21 0.01 5 4.66 1.68 4.62 4.31 7 1.7 7.53 2.71 7.31 1.4 2.13 1.9 0.75 0.56 2.1 4.87 2.53 4.24 1.92 3.53 3.84 
4 4 4 4 4 4 4 4 4 4 4 4 4 4 4 4 4 4 4 4 4 4 4 4 4 4 4 4 4 4 4 4 
7.36 6.7 2.31 3.97 7.57 1 3.35 0.61 2.33 3.09 2.68 3.39 4.5 0.93 5.05 3.34 0.98 6.7 6.79 6.46 3.58 0.29 3.59 5.75 7.06 2.39 5.39 6.61 1.53 3.61 2.75 4.33 
0.97 3.02 0.99 4.3 4.63 4.51 6.07 3.49 0.08 1.56 4.85 1.03 0.7 6.15 1.56 3.98 6.96 0.11 1.08 1.85 7.66 7.97 4.54 5.91 4.04 7.12 2.85 5.4 4.85 3.69 2.42 3.34 
2.62 2.11 2.98 6.85 4.05 6.57 4.14 4 0.9 2.37 5.17 0.07 2.42 5.36 7.91 6.83 4.83 3.88 4.72 3.28 6.51 3.67 5.28 1.02 2.37 5.45 4.78 0.9 5.2 5.21 2.7 2.67 
7.06 2.22 0.23 3.03 1.3 6.53 0.76 1.06 4.08 1.4 6.9 6.74 0.81 3.55 0.63 1.78 3.9 6.33 1.27 2.97 4.39 3.12 5.32 1.01 6.43 4.41 4.84 1 2.01 0.78 0.33 7.58 
0.88 0.05 1.21 2.74 7.2 6.05 4.78 3.57 7.82 6.5 7.06 7.25 0.1 1.43 5.94 7.64 4.31 6.42 2.6 1.68 3.47 0.24 1.99 6.53 6.55 7.66 5.76 1.6 0.36 7 7.07 6 
1.62 1.26 3.86 4.52 7.9 3.36 3.66 4.33 2.26 1.64 7.24 5.55 0.6 7.54 7.37 7.73 0.37 1.4 0.19 5.85 1.44 2.11 6.25 7.75 7.76 2.51 4.63 7.29 4.19 6.54 4.8 3.91 
0.56 1.51 5.21 3.82 3.81 4.66 7.2 4.5 0.3 7.25 4.91 5.15 5.96 1.43 0.31 1.02 7.42 4.63 1.41 0.37 5.23 4.4 3.66 7.39 6.64 5.18 0.01 3.94 7.78 1.94 6.53 2.52 
4.96 1.25 1.84 7.19 5.37 7.03 5.79 2.11 2.76 6.78 6.98 1.29 4.16 5.26 6.41 5.75 4.66 1.39 0.4 6.64 1.7 6.6 4.54 7.55 7.61 3.44 1.37 1.19 3.4 6.11 6.22 2.22 
1 1 1 1 1 1 1 1 1 1 1 1 1 1 1 1 1 1 1 1 1 1 1 1 1 1 1 1 1 1 1 1 
1 1 1 1 1 1 1 1 1 1 1 1 1 1 1 1 1 1 1 1 1 1 1 1 1 1 1 1 1 1 1 1 
1 1 1 1 1 1 1 1 1 1 1 1 1 1 1 1 1 1 1 1 1 1 1 1 1 1 1 1 1 1 1 1 
1 1 1 1 1 1 1 1 1 1 1 1 1 1 1 1 1 1 1 1 1 1 1 1 1 1 1 1 1 1 1 1 
1 1 1 1 1 1 1 1 1 1 1 1 1 1 1 1 1 1 1 1 1 1 1 1 1 1 1 1 1 1 1 1 
1 1 1 1 1 1 1 1 1 1 1 1 1 1 1 1 1 1 1 1 1 1 1 1 1 1 1 1 1 1 1 1 
1 1 1 1 1 1 1 1 1 1 1 1 1 1 1 1 1 1 1 1 1 1 1 1 1 1 1 1 1 1 1 1 
1 1 1 1 1 1 1 1 1 1 1 1 1 1 1 1 1 1 1 1 1 1 1 1 1 1 1 1 1 1 1 1 
1 1 1 1 1 1 1 1 1 1 1 1 1 1 1 1 1 1 1 1 1 1 1 1 1 1 1 1 1 1 1 1 
1 1 1 1 1 1 1 1 1 1 1 1 1 1 1 1 1 1 1 1 1 1 1 1 1 1 1 1 1 1 1 1 
1 1 1 1 1 1 1 1 1 1 1 1 1 1 1 1 1 1 1 1 1 1 1 1 1 1 1 1 1 1 1 1 
1 1 1 1 1 1 1 1 1 1 1 1 1 1 1 1 1 1 1 1 1 1 1 1 1 1 1 1 1 1 1 1 
0.01 0.01 0.01 0.01 0.01 0.01 0.01 0.01 0.01 0.01 0.01 0.01 0.01 0.01 0.01 0.01 0.01 0.01 0.01 0.01 0.01 0.01 0.01 0.01 0.01 0.01 0.01 0.01 0.01 0.01 0.01 0.01 
0.02 0.02 0.02 0.02 0.02 0.02 0.02 0.02 0.02 0.02 0.02 0.02 0.02 0.02 0.02 0.02 0.02 0.02 0.02 0.02 0.02 0.02 0.02 0.02 0.02 0.02 0.02 0.02 0.02 0.02 0.02 0.02 
0.03 0.03 0.03 0.03 0.03 0.03 0.03 0.03 0.03 0.03 0.03 0.03 0.03 0.03 0.03 0.03 0.03 0.03 0.03 0.03 0.03 0.03 0.03 0.03 0.03 0.03 0.03 0.03 0.03 0.03 0.03 0.03 
0.04 0.04 0.04 0.04 0.04 0.04 0.04 0.04 0.04 0.04 0.04 0.04 0.04 0.04 0.04 0.04 0.04 0.04 0.04 0.04 0.04 0.04 0.04 0.04 0.04 0.04 0.04 0.04 0.04 0.04 0.04 0.04 
0.125 0.125 0.125 0.125 0.125 0.125 0.125 0.125 0.125 0.125 0.125 0.125 0.125 0.125 0.125 0.125 0.125 0.125 0.125 0.125 0.125 0.125 0.125 0.125 0.125 0.125 0.125 0.125 0.125 0.125 0.125 0.125 
0.25 0.25 0.25 0.25 0.25 0.25 0.25 0.25 0.25 0.25 0.25 0.25 0.25 0.25 0.25 0.25 0.25 0.25 0.25 0.25 0.25 0.25 0.25 0.25 0.25 0.25 0.25 0.25 0.25 0.25 0.25 0.25 
0.375 0.375 0.375 0.375 0.375 0.375 0.375 0.375 0.375 0.375 0.375 0.375 0.375 0.375 0.375 0.375 0.375 0.375 0.375 0.375 0.375 0.375 0.375 0.375 0.375 0.375 0.375 0.375 0.375 0.375 0.375 0.375 
0.5 0.5 0.5 0.5 0.5 0.5 0.5 0.5 0.5 0.5 0.5 0.5 0.5 0.5 0.5 0.5 0.5 0.5 0.5 0.5 0.5 0.5 0.5 0.5 0.5 0.5 0.5 0.5 0.5 0.5 0.5 0.5 
0.625 0.625 0.625 0.625 0.625 0.625 0.625 0.625 0.625 0.625 0.625 0.625 0.625 0.625 0.625 0.625 0.625 0.625 0.625 0.625 0.625 0.625 0.625 0.625 0.625 0.625 0.625 0.625 0.625 0.625 0.625 0.625 
0.75 0.75 0.75 0.75 0.75 0.75 0.75 0.75 0.75 0.75 0.75 0.75 0.75 0.75 0.75 0.75 0.75 0.75 0.75 0.75 0.75 0.75 0.75 0.75 0.75 0.75 0.75 0.75 0.75 0.75 0.75 0.75 
0.875 0.875 0.875 0.875 0.875 0.875 0.875 0.875 0.875 0.875 0.875 0.875 0.875 0.875 0.875 0.875 0.875 0.875 0.875 0.875 0.875 0.875 0.875 0.875 0.875 0.875 0.875 0.875 0.875 0.875 0.875 0.875 
1 1 1 1 1 1 1 1 1 1 1 1 1 1 1 1 1 1 1 1 1 1 1 1 1 1 1 1 1 1 1 1 
