12 24 3 10
16 13 16 9 20 4 19 2 13 8 2 15 4 10 10 2 2 10 19 2 7 8 3 5 
7.9 3.05 7.92 7.8 4.08 6.45 0.49 2.73 4.92 0.21 3.1 7.02 1.99 3.71 2.49 1.48 7.07 4.18 7.61 1.92 0.95 1.77 2.58 6.49 
3.66 4.7 4.75 0.98 5.82 1.68 0.37 2.42 7.03 4.68 5.83 3.56 7.81 1.93 5.99 1.6 0.4 2.76 6.38 0.24 5.8 6.43 1.36 6.37 
6.71 0.24 2.65 6.63 4.7 3.43 7.68 5.1 3.97 7.57 5.86 2.78 3.4 7.66 2.92 2.6 2.98 0.91 0.4 3.93 6.12 4.04 2.76 3.11 
4 4 4 4 4 4 4 4 4 4 4 4 4 4 4 4 4 4 4 4 4 4 4 4 
1.42 7.93 0.63 5.78 0.42 6.62 1.84 1.46 5.94 2.45 6.38 3.42 7.74 1.97 4.63 5.22 6.49 6.85 4.24 4.12 4.28 7.61 6.52 0.6 
3.37 7.14 3.46 1.15 0.13 5.48 1.22 3.06 0.9 5.86 5.55 0.1 4.46 6.3 5.06 0.28 1.31 3.45 7.18 7.61 6.62 1.46 6.42 7.89 
2.1 2.85 6.02 0.94 6.63 7.8 3.46 1.71 7.21 0.43 6.17 7.38 1.53 2.24 5.3 0.2 6.03 3.02 8 5.63 2.2 2.5 3.65 2.58 
0.97 0.05 2.63 3.2 5.56 6.19 3.71 1.61 2.97 0.03 7.75 4.33 2.7 3.93 1.07 0.72 3.28 3.66 6.79 7.66 3.36 6.98 5.63 4.55 
6.22 7.76 7.37 2.19 0.47 1.92 5.17 4.31 0.79 7.92 7.97 0.23 5.39 6.26 3.84 6.7 2.05 2.58 0.97 4.44 4.73 0.15 1.32 5.21 
6.02 3.49 6.81 1.7 3.82 4.9 5.11 2.98 0.61 2.64 7.82 3.66 4.24 0.98 7.6 4.3 2.32 5.79 1.45 4.26 1.84 3.82 2.25 1.72 
6.25 3.09 4.72 1.77 1.37 1.7 4.18 2.63 7.78 1.91 6.22 4.79 4.03 4.38 7.62 1.6 2.51 7.95 6.14 2.82 0.59 6.93 1.14 6.87 
5.51 1.82 0.84 6.07 2.02 4.11 6.17 2.2 3.88 0.05 5.54 7.02 2.11 2.14 0.57 2.77 7.56 5.49 5.02 4.19 4.13 3.62 2.36 1.93 
1 1 1 1 1 1 1 1 1 1 1 1 1 1 1 1 1 1 1 1 1 1 1 1 
1 1 1 1 1 1 1 1 1 1 1 1 1 1 1 1 1 1 1 1 1 1 1 1 
1 1 1 1 1 1 1 1 1 1 1 1 1 1 1 1 1 1 1 1 1 1 1 1 
1 1 1 1 1 1 1 1 1 1 1 1 1 1 1 1 1 1 1 1 1 1 1 1 
1 1 1 1 1 1 1 1 1 1 1 1 1 1 1 1 1 1 1 1 1 1 1 1 
1 1 1 1 1 1 1 1 1 1 1 1 1 1 1 1 1 1 1 1 1 1 1 1 
1 1 1 1 1 1 1 1 1 1 1 1 1 1 1 1 1 1 1 1 1 1 1 1 
1 1 1 1 1 1 1 1 1 1 1 1 1 1 1 1 1 1 1 1 1 1 1 1 
1 1 1 1 1 1 1 1 1 1 1 1 1 1 1 1 1 1 1 1 1 1 1 1 
1 1 1 1 1 1 1 1 1 1 1 1 1 1 1 1 1 1 1 1 1 1 1 1 
1 1 1 1 1 1 1 1 1 1 1 1 1 1 1 1 1 1 1 1 1 1 1 1 
1 1 1 1 1 1 1 1 1 1 1 1 1 1 1 1 1 1 1 1 1 1 1 1 
0.01 0.01 0.01 0.01 0.01 0.01 0.01 0.01 0.01 0.01 0.01 0.01 0.01 0.01 0.01 0.01 0.01 0.01 0.01 0.01 0.01 0.01 0.01 0.01 
0.02 0.02 0.02 0.02 0.02 0.02 0.02 0.02 0.02 0.02 0.02 0.02 0.02 0.02 0.02 0.02 0.02 0.02 0.02 0.02 0.02 0.02 0.02 0.02 
0.03 0.03 0.03 0.03 0.03 0.03 0.03 0.03 0.03 0.03 0.03 0.03 0.03 0.03 0.03 0.03 0.03 0.03 0.03 0.03 0.03 0.03 0.03 0.03 
0.04 0.04 0.04 0.04 0.04 0.04 0.04 0.04 0.04 0.04 0.04 0.04 0.04 0.04 0.04 0.04 0.04 0.04 0.04 0.04 0.04 0.04 0.04 0.04 
0.125 0.125 0.125 0.125 0.125 0.125 0.125 0.125 0.125 0.125 0.125 0.125 0.125 0.125 0.125 0.125 0.125 0.125 0.125 0.125 0.125 0.125 0.125 0.125 
0.25 0.25 0.25 0.25 0.25 0.25 0.25 0.25 0.25 0.25 0.25 0.25 0.25 0.25 0.25 0.25 0.25 0.25 0.25 0.25 0.25 0.25 0.25 0.25 
0.375 0.375 0.375 0.375 0.375 0.375 0.375 0.375 0.375 0.375 0.375 0.375 0.375 0.375 0.375 0.375 0.375 0.375 0.375 0.375 0.375 0.375 0.375 0.375 
0.5 0.5 0.5 0.5 0.5 0.5 0.5 0.5 0.5 0.5 0.5 0.5 0.5 0.5 0.5 0.5 0.5 0.5 0.5 0.5 0.5 0.5 0.5 0.5 
0.625 0.625 0.625 0.625 0.625 0.625 0.625 0.625 0.625 0.625 0.625 0.625 0.625 0.625 0.625 0.625 0.625 0.625 0.625 0.625 0.625 0.625 0.625 0.625 
0.75 0.75 0.75 0.75 0.75 0.75 0.75 0.75 0.75 0.75 0.75 0.75 0.75 0.75 0.75 0.75 0.75 0.75 0.75 0.75 0.75 0.75 0.75 0.75 
0.875 0.875 0.875 0.875 0.875 0.875 0.875 0.875 0.875 0.875 0.875 0.875 0.875 0.875 0.875 0.875 0.875 0.875 0.875 0.875 0.875 0.875 0.875 0.875 
1 1 1 1 1 1 1 1 1 1 1 1 1 1 1 1 1 1 1 1 1 1 1 1 
