12 48 3 10
16 19 15 9 20 14 19 18 8 3 14 6 4 7 16 2 20 1 14 6 12 12 12 15 11 19 7 10 6 15 20 2 8 7 6 13 15 17 1 12 10 17 14 7 2 18 12 1 
7.34 1.38 6.11 1.86 5.86 1.91 0.79 5.06 5.07 7.72 5.35 5.92 3.19 2.85 4.52 5.2 7.7 2.61 6.13 3.08 7.53 7.05 5.83 3.95 1.41 6.59 3.12 6.5 7.98 1.65 2.86 1.81 6.75 0.59 2.02 6.44 1.67 1.27 3.99 5.95 6.45 5.44 3.09 7.52 1.37 5.5 0.43 0.67 
5.56 3.97 5.6 4.11 4.54 2.04 6.15 6.46 3.23 7.4 1.35 2.38 6.78 1.6 5.06 0.59 0.02 0.31 1.17 3.77 0.54 0.74 2.35 7.35 3.16 5.19 4.47 2.61 0.87 7.67 3.51 2.23 7.96 5.68 4.4 1.6 4.88 4.85 1.67 4.25 3.16 5.65 4.27 3.82 2.93 4.09 1.64 0.26 
6.16 7.93 1.04 0 5.53 1.52 4.34 5.21 0.25 4.89 4.16 4.13 6.36 2.54 2.24 5.87 0.4 3.27 1.66 0.41 3.05 4.18 2.66 3.26 7.81 6.9 5.28 3.75 7.92 1.99 3.48 0.59 0.13 1.35 0.07 6.17 4.46 7.13 2.37 7.65 0.94 0.58 1.4 0.74 2.96 3.29 2.52 2.96 
4 4 4 4 4 4 4 4 4 4 4 4 4 4 4 4 4 4 4 4 4 4 4 4 4 4 4 4 4 4 4 4 4 4 4 4 4 4 4 4 4 4 4 4 4 4 4 4 
5.73 2.1 1.47 4.8 4.13 1.82 5.43 2.66 6.69 7.42 7.48 2.27 2.27 5.17 6.15 4.75 1.57 1.03 7.11 3.23 0.22 3.41 7.2 3.77 7.92 6.11 7.36 7.3 6.15 1.66 0.05 0.35 4.51 7.95 4.75 4.82 5.45 3.32 2.61 5.45 3.76 1.73 2.9 4.38 0.33 2.23 2.84 0.1 
5.02 0.1 7.63 7.13 2.79 7.18 3.76 4.44 7.73 1.25 0.89 2.65 5.68 2.47 7.96 7.13 7.07 6.43 3.15 2.27 3.83 4.01 4.75 4.27 2.92 2.5 0.88 6.4 2.61 3.22 6.09 2.43 4.69 0.48 2.75 6.67 6.24 3.75 1.61 6.45 3.13 6.04 3.25 0.46 3.79 3.47 7.38 1.04 
0.18 4.45 1.08 0.08 4.54 6.97 7.21 6.59 0.03 6.75 2.19 5.82 7.98 0.17 3.31 3.49 5.56 7.14 5.16 6.32 1.56 7.11 3.44 0.17 5 5.39 2.78 7.96 2.01 7.46 1.02 3.62 3.15 7.62 0.66 7.12 2.48 3.19 1.91 7.44 5.69 5.28 1.09 1.9 3.85 0.86 1.97 3.16 
5.89 2.39 4.4 7.96 2.92 3.78 0.92 4.16 4.89 6.23 7.43 6.99 7.73 2.39 4.84 3.43 5.18 1.27 6.74 3.27 4.68 4.79 5.84 7.52 6.98 3.54 1.86 7.95 5.76 7.57 5.78 0.78 2.08 7.77 4.77 2.34 7.11 6.61 5.64 1.12 2.23 5.55 0.87 6.94 0.48 7.69 3.62 2.41 
2.93 4.68 5.89 7.74 5.83 4.62 4.62 7.51 1.86 6.79 1.77 5.52 1.76 3.75 0.42 1.66 6.46 5.54 6.08 0.77 0.5 6.75 5.2 6.52 5.49 0.05 7.73 0.46 6.5 1.08 1.61 0.04 0.12 6.01 2.63 4.4 2.26 7.04 6.94 4.72 0.27 5.01 3.3 2.3 1.9 0.81 5.75 3.93 
4.99 1.21 7.93 1.84 3.9 6.22 7.15 0.84 3.83 0.86 0.06 1.02 4.67 6.94 7.49 4.91 6.03 6.12 2.45 5.3 0.44 4.74 7.05 3.15 5.76 4.37 1.41 1.53 6.12 3.82 1.23 0.6 3.16 2.33 0.93 0.54 2.02 3.73 3.36 3.35 5.14 7.58 3.67 3.35 7.22 2.33 7.51 7.58 
2.23 7.32 5.35 6.71 6.32 4.95 3.75 1.56 6.24 4.35 5.87 7.58 5.91 6.65 7.41 4.69 3.82 2.39 7.44 7.19 6.97 6.15 6.01 5.19 0.59 0.48 0.2 0.77 6.59 6.43 5.44 6.6 5.95 5.83 2.82 3.75 5.13 5.19 3.01 4.86 2.71 1.53 4.48 7.08 0.48 7.76 7.87 6.04 
5.1 4.36 2.51 3.42 5.6 4.91 5.24 0.51 2.07 4.3 4.83 3.27 0.67 2.7 2.32 5.85 5.19 2.45 4.61 7.91 5.29 5.95 6.49 4.41 2.83 5.49 0.43 5.02 3.51 4.57 0.26 5.42 0.55 3.18 4.39 1.57 4.9 5.98 2.95 7.26 5.8 7.3 1.52 4.98 4.42 7.73 5.61 7.7 
1 1 1 1 1 1 1 1 1 1 1 1 1 1 1 1 1 1 1 1 1 1 1 1 1 1 1 1 1 1 1 1 1 1 1 1 1 1 1 1 1 1 1 1 1 1 1 1 
1 1 1 1 1 1 1 1 1 1 1 1 1 1 1 1 1 1 1 1 1 1 1 1 1 1 1 1 1 1 1 1 1 1 1 1 1 1 1 1 1 1 1 1 1 1 1 1 
1 1 1 1 1 1 1 1 1 1 1 1 1 1 1 1 1 1 1 1 1 1 1 1 1 1 1 1 1 1 1 1 1 1 1 1 1 1 1 1 1 1 1 1 1 1 1 1 
1 1 1 1 1 1 1 1 1 1 1 1 1 1 1 1 1 1 1 1 1 1 1 1 1 1 1 1 1 1 1 1 1 1 1 1 1 1 1 1 1 1 1 1 1 1 1 1 
1 1 1 1 1 1 1 1 1 1 1 1 1 1 1 1 1 1 1 1 1 1 1 1 1 1 1 1 1 1 1 1 1 1 1 1 1 1 1 1 1 1 1 1 1 1 1 1 
1 1 1 1 1 1 1 1 1 1 1 1 1 1 1 1 1 1 1 1 1 1 1 1 1 1 1 1 1 1 1 1 1 1 1 1 1 1 1 1 1 1 1 1 1 1 1 1 
1 1 1 1 1 1 1 1 1 1 1 1 1 1 1 1 1 1 1 1 1 1 1 1 1 1 1 1 1 1 1 1 1 1 1 1 1 1 1 1 1 1 1 1 1 1 1 1 
1 1 1 1 1 1 1 1 1 1 1 1 1 1 1 1 1 1 1 1 1 1 1 1 1 1 1 1 1 1 1 1 1 1 1 1 1 1 1 1 1 1 1 1 1 1 1 1 
1 1 1 1 1 1 1 1 1 1 1 1 1 1 1 1 1 1 1 1 1 1 1 1 1 1 1 1 1 1 1 1 1 1 1 1 1 1 1 1 1 1 1 1 1 1 1 1 
1 1 1 1 1 1 1 1 1 1 1 1 1 1 1 1 1 1 1 1 1 1 1 1 1 1 1 1 1 1 1 1 1 1 1 1 1 1 1 1 1 1 1 1 1 1 1 1 
1 1 1 1 1 1 1 1 1 1 1 1 1 1 1 1 1 1 1 1 1 1 1 1 1 1 1 1 1 1 1 1 1 1 1 1 1 1 1 1 1 1 1 1 1 1 1 1 
1 1 1 1 1 1 1 1 1 1 1 1 1 1 1 1 1 1 1 1 1 1 1 1 1 1 1 1 1 1 1 1 1 1 1 1 1 1 1 1 1 1 1 1 1 1 1 1 
0.01 0.01 0.01 0.01 0.01 0.01 0.01 0.01 0.01 0.01 0.01 0.01 0.01 0.01 0.01 0.01 0.01 0.01 0.01 0.01 0.01 0.01 0.01 0.01 0.01 0.01 0.01 0.01 0.01 0.01 0.01 0.01 0.01 0.01 0.01 0.01 0.01 0.01 0.01 0.01 0.01 0.01 0.01 0.01 0.01 0.01 0.01 0.01 
0.02 0.02 0.02 0.02 0.02 0.02 0.02 0.02 0.02 0.02 0.02 0.02 0.02 0.02 0.02 0.02 0.02 0.02 0.02 0.02 0.02 0.02 0.02 0.02 0.02 0.02 0.02 0.02 0.02 0.02 0.02 0.02 0.02 0.02 0.02 0.02 0.02 0.02 0.02 0.02 0.02 0.02 0.02 0.02 0.02 0.02 0.02 0.02 
0.03 0.03 0.03 0.03 0.03 0.03 0.03 0.03 0.03 0.03 0.03 0.03 0.03 0.03 0.03 0.03 0.03 0.03 0.03 0.03 0.03 0.03 0.03 0.03 0.03 0.03 0.03 0.03 0.03 0.03 0.03 0.03 0.03 0.03 0.03 0.03 0.03 0.03 0.03 0.03 0.03 0.03 0.03 0.03 0.03 0.03 0.03 0.03 
0.04 0.04 0.04 0.04 0.04 0.04 0.04 0.04 0.04 0.04 0.04 0.04 0.04 0.04 0.04 0.04 0.04 0.04 0.04 0.04 0.04 0.04 0.04 0.04 0.04 0.04 0.04 0.04 0.04 0.04 0.04 0.04 0.04 0.04 0.04 0.04 0.04 0.04 0.04 0.04 0.04 0.04 0.04 0.04 0.04 0.04 0.04 0.04 
0.125 0.125 0.125 0.125 0.125 0.125 0.125 0.125 0.125 0.125 0.125 0.125 0.125 0.125 0.125 0.125 0.125 0.125 0.125 0.125 0.125 0.125 0.125 0.125 0.125 0.125 0.125 0.125 0.125 0.125 0.125 0.125 0.125 0.125 0.125 0.125 0.125 0.125 0.125 0.125 0.125 0.125 0.125 0.125 0.125 0.125 0.125 0.125 
0.25 0.25 0.25 0.25 0.25 0.25 0.25 0.25 0.25 0.25 0.25 0.25 0.25 0.25 0.25 0.25 0.25 0.25 0.25 0.25 0.25 0.25 0.25 0.25 0.25 0.25 0.25 0.25 0.25 0.25 0.25 0.25 0.25 0.25 0.25 0.25 0.25 0.25 0.25 0.25 0.25 0.25 0.25 0.25 0.25 0.25 0.25 0.25 
0.375 0.375 0.375 0.375 0.375 0.375 0.375 0.375 0.375 0.375 0.375 0.375 0.375 0.375 0.375 0.375 0.375 0.375 0.375 0.375 0.375 0.375 0.375 0.375 0.375 0.375 0.375 0.375 0.375 0.375 0.375 0.375 0.375 0.375 0.375 0.375 0.375 0.375 0.375 0.375 0.375 0.375 0.375 0.375 0.375 0.375 0.375 0.375 
0.5 0.5 0.5 0.5 0.5 0.5 0.5 0.5 0.5 0.5 0.5 0.5 0.5 0.5 0.5 0.5 0.5 0.5 0.5 0.5 0.5 0.5 0.5 0.5 0.5 0.5 0.5 0.5 0.5 0.5 0.5 0.5 0.5 0.5 0.5 0.5 0.5 0.5 0.5 0.5 0.5 0.5 0.5 0.5 0.5 0.5 0.5 0.5 
0.625 0.625 0.625 0.625 0.625 0.625 0.625 0.625 0.625 0.625 0.625 0.625 0.625 0.625 0.625 0.625 0.625 0.625 0.625 0.625 0.625 0.625 0.625 0.625 0.625 0.625 0.625 0.625 0.625 0.625 0.625 0.625 0.625 0.625 0.625 0.625 0.625 0.625 0.625 0.625 0.625 0.625 0.625 0.625 0.625 0.625 0.625 0.625 
0.75 0.75 0.75 0.75 0.75 0.75 0.75 0.75 0.75 0.75 0.75 0.75 0.75 0.75 0.75 0.75 0.75 0.75 0.75 0.75 0.75 0.75 0.75 0.75 0.75 0.75 0.75 0.75 0.75 0.75 0.75 0.75 0.75 0.75 0.75 0.75 0.75 0.75 0.75 0.75 0.75 0.75 0.75 0.75 0.75 0.75 0.75 0.75 
0.875 0.875 0.875 0.875 0.875 0.875 0.875 0.875 0.875 0.875 0.875 0.875 0.875 0.875 0.875 0.875 0.875 0.875 0.875 0.875 0.875 0.875 0.875 0.875 0.875 0.875 0.875 0.875 0.875 0.875 0.875 0.875 0.875 0.875 0.875 0.875 0.875 0.875 0.875 0.875 0.875 0.875 0.875 0.875 0.875 0.875 0.875 0.875 
1 1 1 1 1 1 1 1 1 1 1 1 1 1 1 1 1 1 1 1 1 1 1 1 1 1 1 1 1 1 1 1 1 1 1 1 1 1 1 1 1 1 1 1 1 1 1 1 
