6 40 2 10
5 20 10 12 15 7 2 20 11 9 15 9 11 9 10 20 13 14 18 2 15 7 20 17 20 16 2 14 20 15 5 8 7 17 8 2 17 14 3 3 
0.29 0.26 1.56 2.01 5.82 4.45 1.03 7.36 2.14 4.21 3.73 0.17 3.4 0.83 4.51 0.12 2.47 5.39 6.39 2.84 3.69 0.59 3.29 4.74 0.61 0.43 0.02 4.6 2.72 5.88 4.86 0.48 6.13 2.48 2.9 1.8 5.11 5.37 1.63 5.79 
0.21 3.71 0.96 6.18 3.75 2.82 1.93 7.2 2.54 1.8 0.48 0.25 5.88 6.21 2.57 6.58 4.68 6.8 2.95 0.47 0.92 5.42 3.38 7.84 6.93 1.63 6.04 6.65 0.33 7.27 3.26 2.85 0.92 2.29 6.66 5.73 4.09 2.82 5.7 1.75 
4 4 4 4 4 4 4 4 4 4 4 4 4 4 4 4 4 4 4 4 4 4 4 4 4 4 4 4 4 4 4 4 4 4 4 4 4 4 4 4 
5.1 5.68 3.33 0.27 3.97 2.66 7.45 2.31 5.47 0.47 2.18 0.03 1.8 6.9 1.18 3.57 1.9 3.94 3.29 4.18 4.21 4.01 5.33 6.45 2.27 4.85 6.31 4.29 3.77 0.08 4.1 2.15 0.97 4.16 0.45 2.54 3.53 2.65 3.9 2.89 
7.43 0.79 5.08 5.03 1.88 6.34 4.61 0.32 0.36 0.76 2.64 7.68 6.88 2.35 4.52 3.11 6.79 7.03 7.28 1.99 6.23 3.4 1.86 7.79 6.38 1.29 5.94 1.64 0.44 7.16 6.33 6.65 2.09 7.69 1.89 4.35 7.42 6.55 0.09 2.42 
0.61 0.21 7.64 7.96 1.55 3.95 2.95 6.01 1.17 4.9 0.04 4.86 2.02 2.77 2.18 2.09 0.72 3.81 5.27 1.02 1.78 3.9 6.48 3.38 3.96 6.06 5.86 4.27 1.41 3.08 3.79 2.62 6 1.64 5.46 7.74 7.11 0.41 2.52 5.05 
1 1 1 1 1 1 1 1 1 1 1 1 1 1 1 1 1 1 1 1 1 1 1 1 1 1 1 1 1 1 1 1 1 1 1 1 1 1 1 1 
1 1 1 1 1 1 1 1 1 1 1 1 1 1 1 1 1 1 1 1 1 1 1 1 1 1 1 1 1 1 1 1 1 1 1 1 1 1 1 1 
1 1 1 1 1 1 1 1 1 1 1 1 1 1 1 1 1 1 1 1 1 1 1 1 1 1 1 1 1 1 1 1 1 1 1 1 1 1 1 1 
1 1 1 1 1 1 1 1 1 1 1 1 1 1 1 1 1 1 1 1 1 1 1 1 1 1 1 1 1 1 1 1 1 1 1 1 1 1 1 1 
1 1 1 1 1 1 1 1 1 1 1 1 1 1 1 1 1 1 1 1 1 1 1 1 1 1 1 1 1 1 1 1 1 1 1 1 1 1 1 1 
1 1 1 1 1 1 1 1 1 1 1 1 1 1 1 1 1 1 1 1 1 1 1 1 1 1 1 1 1 1 1 1 1 1 1 1 1 1 1 1 
0.01 0.01 0.01 0.01 0.01 0.01 0.01 0.01 0.01 0.01 0.01 0.01 0.01 0.01 0.01 0.01 0.01 0.01 0.01 0.01 0.01 0.01 0.01 0.01 0.01 0.01 0.01 0.01 0.01 0.01 0.01 0.01 0.01 0.01 0.01 0.01 0.01 0.01 0.01 0.01 
0.02 0.02 0.02 0.02 0.02 0.02 0.02 0.02 0.02 0.02 0.02 0.02 0.02 0.02 0.02 0.02 0.02 0.02 0.02 0.02 0.02 0.02 0.02 0.02 0.02 0.02 0.02 0.02 0.02 0.02 0.02 0.02 0.02 0.02 0.02 0.02 0.02 0.02 0.02 0.02 
0.03 0.03 0.03 0.03 0.03 0.03 0.03 0.03 0.03 0.03 0.03 0.03 0.03 0.03 0.03 0.03 0.03 0.03 0.03 0.03 0.03 0.03 0.03 0.03 0.03 0.03 0.03 0.03 0.03 0.03 0.03 0.03 0.03 0.03 0.03 0.03 0.03 0.03 0.03 0.03 
0.333333 0.333333 0.333333 0.333333 0.333333 0.333333 0.333333 0.333333 0.333333 0.333333 0.333333 0.333333 0.333333 0.333333 0.333333 0.333333 0.333333 0.333333 0.333333 0.333333 0.333333 0.333333 0.333333 0.333333 0.333333 0.333333 0.333333 0.333333 0.333333 0.333333 0.333333 0.333333 0.333333 0.333333 0.333333 0.333333 0.333333 0.333333 0.333333 0.333333 
0.666667 0.666667 0.666667 0.666667 0.666667 0.666667 0.666667 0.666667 0.666667 0.666667 0.666667 0.666667 0.666667 0.666667 0.666667 0.666667 0.666667 0.666667 0.666667 0.666667 0.666667 0.666667 0.666667 0.666667 0.666667 0.666667 0.666667 0.666667 0.666667 0.666667 0.666667 0.666667 0.666667 0.666667 0.666667 0.666667 0.666667 0.666667 0.666667 0.666667 
1 1 1 1 1 1 1 1 1 1 1 1 1 1 1 1 1 1 1 1 1 1 1 1 1 1 1 1 1 1 1 1 1 1 1 1 1 1 1 1 
