12 24 3 10
12 7 18 20 10 8 10 9 20 15 2 7 18 10 13 1 20 14 5 10 10 17 5 6 
2.41 1.68 1.85 6.43 6.14 7.08 5.03 4.53 2.72 4.9 6.99 2.86 0.56 4.91 5.41 6.79 5.32 1.86 7.69 3.05 5.51 4.94 3.04 3.45 
4.71 6.33 7.43 5.38 3.25 2.02 0.58 6.62 2.07 2.5 4.08 0.17 4.73 7.94 1.55 7.06 4.86 5.93 7.44 1.8 3.76 2.92 2.36 7.09 
0.24 7.82 1.05 3.85 0.13 6.63 1.93 5.65 6.76 0.42 6.96 7.76 0.01 7.3 1.85 3.83 2.42 5.04 7.11 5.29 0.43 3.67 1.14 7.75 
4 4 4 4 4 4 4 4 4 4 4 4 4 4 4 4 4 4 4 4 4 4 4 4 
5.37 7 0.7 2.16 3.38 1 3.86 2 6.32 0.37 0.76 7.58 5.82 6.35 2.1 6.54 1.28 5.57 7.39 3.14 6.95 5.67 0.5 0.7 
0.86 0.98 6.69 6.33 0.14 5.5 2.89 7.58 5.37 5.39 7.19 5.47 5.88 6.09 2.24 0.89 1.25 1.33 3.98 6.78 1.41 0.88 0.42 4.02 
7.09 5.86 7.74 7.86 7.95 1.3 6.35 6.02 3.79 5.01 1.42 1.44 5.21 4.28 4.28 4.47 3.59 2.16 4.32 0.37 6.74 0.61 5.9 3.92 
5.2 1.08 7 1.83 2.02 4.37 0.65 4.13 0.52 3.15 6.2 6.13 2.77 1.65 2.01 6.28 1.99 2.43 5.75 7.71 6.48 1.01 0.38 7.2 
6.23 6.63 4.6 2.26 7.34 3.05 2.34 6.45 5.68 4.33 1.66 7.83 2.04 0.88 6.61 7.5 0.3 4.94 0.57 2.31 5.99 2.57 7.34 7.36 
2.56 4.77 3.63 4.1 6.83 5.03 4.14 5.74 1.95 4.71 3.63 6.79 2.86 4.3 2.87 2.36 1.22 5.16 4.45 5.04 0 5.41 0.62 2.7 
3.75 6.6 0.18 5.41 2.41 6.97 2.2 3.49 1.27 6.78 7.04 5.45 5.5 0.14 6.77 7.59 5.51 4.79 2.73 1.22 3.49 3.85 2.58 7.18 
6.31 3.83 4.42 6.85 0.79 1.63 3.42 3.05 1.92 3.6 2.05 7.55 7.51 6.09 7.4 4.84 6.71 3.25 1.74 1.82 4.65 5.42 6.78 4.08 
1 1 1 1 1 1 1 1 1 1 1 1 1 1 1 1 1 1 1 1 1 1 1 1 
1 1 1 1 1 1 1 1 1 1 1 1 1 1 1 1 1 1 1 1 1 1 1 1 
1 1 1 1 1 1 1 1 1 1 1 1 1 1 1 1 1 1 1 1 1 1 1 1 
1 1 1 1 1 1 1 1 1 1 1 1 1 1 1 1 1 1 1 1 1 1 1 1 
1 1 1 1 1 1 1 1 1 1 1 1 1 1 1 1 1 1 1 1 1 1 1 1 
1 1 1 1 1 1 1 1 1 1 1 1 1 1 1 1 1 1 1 1 1 1 1 1 
1 1 1 1 1 1 1 1 1 1 1 1 1 1 1 1 1 1 1 1 1 1 1 1 
1 1 1 1 1 1 1 1 1 1 1 1 1 1 1 1 1 1 1 1 1 1 1 1 
1 1 1 1 1 1 1 1 1 1 1 1 1 1 1 1 1 1 1 1 1 1 1 1 
1 1 1 1 1 1 1 1 1 1 1 1 1 1 1 1 1 1 1 1 1 1 1 1 
1 1 1 1 1 1 1 1 1 1 1 1 1 1 1 1 1 1 1 1 1 1 1 1 
1 1 1 1 1 1 1 1 1 1 1 1 1 1 1 1 1 1 1 1 1 1 1 1 
0.01 0.01 0.01 0.01 0.01 0.01 0.01 0.01 0.01 0.01 0.01 0.01 0.01 0.01 0.01 0.01 0.01 0.01 0.01 0.01 0.01 0.01 0.01 0.01 
0.02 0.02 0.02 0.02 0.02 0.02 0.02 0.02 0.02 0.02 0.02 0.02 0.02 0.02 0.02 0.02 0.02 0.02 0.02 0.02 0.02 0.02 0.02 0.02 
0.03 0.03 0.03 0.03 0.03 0.03 0.03 0.03 0.03 0.03 0.03 0.03 0.03 0.03 0.03 0.03 0.03 0.03 0.03 0.03 0.03 0.03 0.03 0.03 
0.04 0.04 0.04 0.04 0.04 0.04 0.04 0.04 0.04 0.04 0.04 0.04 0.04 0.04 0.04 0.04 0.04 0.04 0.04 0.04 0.04 0.04 0.04 0.04 
0.125 0.125 0.125 0.125 0.125 0.125 0.125 0.125 0.125 0.125 0.125 0.125 0.125 0.125 0.125 0.125 0.125 0.125 0.125 0.125 0.125 0.125 0.125 0.125 
0.25 0.25 0.25 0.25 0.25 0.25 0.25 0.25 0.25 0.25 0.25 0.25 0.25 0.25 0.25 0.25 0.25 0.25 0.25 0.25 0.25 0.25 0.25 0.25 
0.375 0.375 0.375 0.375 0.375 0.375 0.375 0.375 0.375 0.375 0.375 0.375 0.375 0.375 0.375 0.375 0.375 0.375 0.375 0.375 0.375 0.375 0.375 0.375 
0.5 0.5 0.5 0.5 0.5 0.5 0.5 0.5 0.5 0.5 0.5 0.5 0.5 0.5 0.5 0.5 0.5 0.5 0.5 0.5 0.5 0.5 0.5 0.5 
0.625 0.625 0.625 0.625 0.625 0.625 0.625 0.625 0.625 0.625 0.625 0.625 0.625 0.625 0.625 0.625 0.625 0.625 0.625 0.625 0.625 0.625 0.625 0.625 
0.75 0.75 0.75 0.75 0.75 0.75 0.75 0.75 0.75 0.75 0.75 0.75 0.75 0.75 0.75 0.75 0.75 0.75 0.75 0.75 0.75 0.75 0.75 0.75 
0.875 0.875 0.875 0.875 0.875 0.875 0.875 0.875 0.875 0.875 0.875 0.875 0.875 0.875 0.875 0.875 0.875 0.875 0.875 0.875 0.875 0.875 0.875 0.875 
1 1 1 1 1 1 1 1 1 1 1 1 1 1 1 1 1 1 1 1 1 1 1 1 
