3 24 1 10
19 19 3 18 1 18 3 7 4 2 15 7 11 1 11 2 10 20 1 16 8 11 20 20 
6.56 7.11 4.58 0.66 1.57 1.77 7.36 6.81 3.39 7.07 4.95 3.85 1.62 1.82 2.62 6.14 2.76 0.49 3.16 1.35 0.18 2.42 5.28 0.3 
4 4 4 4 4 4 4 4 4 4 4 4 4 4 4 4 4 4 4 4 4 4 4 4 
1.36 7.99 4.83 5.09 4.96 3.4 5.58 3.41 2.34 4.19 2.34 5.92 6.04 6.62 3.11 3.55 1.22 3.91 7.24 2.3 0.1 0.22 7.09 0.82 
1 1 1 1 1 1 1 1 1 1 1 1 1 1 1 1 1 1 1 1 1 1 1 1 
1 1 1 1 1 1 1 1 1 1 1 1 1 1 1 1 1 1 1 1 1 1 1 1 
1 1 1 1 1 1 1 1 1 1 1 1 1 1 1 1 1 1 1 1 1 1 1 1 
0.01 0.01 0.01 0.01 0.01 0.01 0.01 0.01 0.01 0.01 0.01 0.01 0.01 0.01 0.01 0.01 0.01 0.01 0.01 0.01 0.01 0.01 0.01 0.01 
0.02 0.02 0.02 0.02 0.02 0.02 0.02 0.02 0.02 0.02 0.02 0.02 0.02 0.02 0.02 0.02 0.02 0.02 0.02 0.02 0.02 0.02 0.02 0.02 
1 1 1 1 1 1 1 1 1 1 1 1 1 1 1 1 1 1 1 1 1 1 1 1 
