6 24 2 10
1 4 9 14 14 5 9 15 11 13 17 16 11 1 5 2 3 17 15 12 12 17 9 4 
5.03 4.12 2.42 4.3 0.43 1.72 0.3 5.13 2.24 6.63 1.28 4.94 2.16 4.51 5.31 0.63 2.64 5.62 0.47 6.35 5.64 5.18 5.95 4.27 
1.42 6.81 4.04 5.3 2.75 0.2 6.54 2.27 0.3 6.07 5.88 0.15 2.43 0.25 4.14 1.47 7.08 2.31 1.81 4.57 6.63 3.18 1.58 7.84 
4 4 4 4 4 4 4 4 4 4 4 4 4 4 4 4 4 4 4 4 4 4 4 4 
6.73 3.17 0.48 6.91 5.31 1.12 5.06 5.75 6.94 6.22 7.85 3.34 2.24 6.17 3.29 2.33 3.87 1.54 3.22 3.36 4.38 1.36 2.15 0.76 
0.12 2.02 0.95 4.79 4.39 5.45 3.09 2.12 2.03 5.69 3.93 0.31 0.02 6.16 5.27 6.69 7.63 6.42 7.84 3.49 7.58 7.83 5.23 7.24 
2.86 6.54 7.63 5.6 6.28 1.35 6.83 2.19 3.64 3.35 0.23 7.17 4.89 2.22 1.98 3.24 0.46 3.65 1.95 4.41 3.48 2.59 1.68 0.87 
1 1 1 1 1 1 1 1 1 1 1 1 1 1 1 1 1 1 1 1 1 1 1 1 
1 1 1 1 1 1 1 1 1 1 1 1 1 1 1 1 1 1 1 1 1 1 1 1 
1 1 1 1 1 1 1 1 1 1 1 1 1 1 1 1 1 1 1 1 1 1 1 1 
1 1 1 1 1 1 1 1 1 1 1 1 1 1 1 1 1 1 1 1 1 1 1 1 
1 1 1 1 1 1 1 1 1 1 1 1 1 1 1 1 1 1 1 1 1 1 1 1 
1 1 1 1 1 1 1 1 1 1 1 1 1 1 1 1 1 1 1 1 1 1 1 1 
0.01 0.01 0.01 0.01 0.01 0.01 0.01 0.01 0.01 0.01 0.01 0.01 0.01 0.01 0.01 0.01 0.01 0.01 0.01 0.01 0.01 0.01 0.01 0.01 
0.02 0.02 0.02 0.02 0.02 0.02 0.02 0.02 0.02 0.02 0.02 0.02 0.02 0.02 0.02 0.02 0.02 0.02 0.02 0.02 0.02 0.02 0.02 0.02 
0.03 0.03 0.03 0.03 0.03 0.03 0.03 0.03 0.03 0.03 0.03 0.03 0.03 0.03 0.03 0.03 0.03 0.03 0.03 0.03 0.03 0.03 0.03 0.03 
0.333333 0.333333 0.333333 0.333333 0.333333 0.333333 0.333333 0.333333 0.333333 0.333333 0.333333 0.333333 0.333333 0.333333 0.333333 0.333333 0.333333 0.333333 0.333333 0.333333 0.333333 0.333333 0.333333 0.333333 
0.666667 0.666667 0.666667 0.666667 0.666667 0.666667 0.666667 0.666667 0.666667 0.666667 0.666667 0.666667 0.666667 0.666667 0.666667 0.666667 0.666667 0.666667 0.666667 0.666667 0.666667 0.666667 0.666667 0.666667 
1 1 1 1 1 1 1 1 1 1 1 1 1 1 1 1 1 1 1 1 1 1 1 1 
