3 16 1 10
11 16 16 17 7 6 5 18 8 15 19 1 20 3 14 7 
7.22 6.47 6.77 3.19 3.02 3.4 0.74 3.31 5.23 6.3 4.46 5.71 2.89 0.18 1.8 2.53 
4 4 4 4 4 4 4 4 4 4 4 4 4 4 4 4 
3.25 4.5 3.75 5.99 2.15 4.88 2.33 1.63 3.66 5.23 6.88 5.3 4.69 6.97 2.27 6.49 
1 1 1 1 1 1 1 1 1 1 1 1 1 1 1 1 
1 1 1 1 1 1 1 1 1 1 1 1 1 1 1 1 
1 1 1 1 1 1 1 1 1 1 1 1 1 1 1 1 
0.01 0.01 0.01 0.01 0.01 0.01 0.01 0.01 0.01 0.01 0.01 0.01 0.01 0.01 0.01 0.01 
0.02 0.02 0.02 0.02 0.02 0.02 0.02 0.02 0.02 0.02 0.02 0.02 0.02 0.02 0.02 0.02 
1 1 1 1 1 1 1 1 1 1 1 1 1 1 1 1 
