6 40 4 10
15 5 13 7 9 5 12 15 4 6 5 10 9 18 1 18 10 20 13 2 17 14 3 13 9 7 18 17 10 9 6 12 3 2 7 13 16 7 9 7 
7.15 5.48 4.45 1.93 4.22 6.03 6.74 5.44 4.95 3.28 6.67 7.14 6.82 0.83 2.07 1.63 4.36 1.47 3.85 4.38 3.92 6.12 6.78 2.4 3.35 6.46 4.08 5.1 5.83 5.66 3.34 3.29 6.3 4.72 6.75 0.59 2.32 7.36 1.3 5.65 
2.92 7.17 7.51 3.99 4.76 0.21 0.93 3.04 0.47 2.14 2.76 4.51 1.25 6.72 0.77 2.56 4.61 5.29 4.63 5.54 1.84 6.63 7.4 0.85 2.01 0.12 2.67 7.3 3.01 1.1 1.98 1.07 3.77 6.25 1.9 0.55 0.44 1.69 7.21 1.4 
4.37 4.16 7.3 5.56 1.05 4.95 1.22 4.57 7.9 1.17 6.85 7.98 6.69 3.83 1.81 6.84 0.86 5.43 1.04 2.19 1.26 7.16 7.81 1.12 1.7 0.56 7.08 4.39 4.53 3.1 4.53 4.52 0.16 7.49 3.48 5.23 6.14 3.82 7.16 2.05 
2.56 1.62 7.24 0.21 1.54 0.17 4.65 5 5.41 4.52 4.7 7.42 4.67 4.93 3.32 6.13 2.09 4.76 4.71 3.66 7.36 4.66 5.88 0.31 5.91 3.18 6.35 0.64 5.38 3.88 1.99 2.62 1.65 7 1.47 0.52 2.38 1.67 1.03 4.8 
4 4 4 4 4 4 4 4 4 4 4 4 4 4 4 4 4 4 4 4 4 4 4 4 4 4 4 4 4 4 4 4 4 4 4 4 4 4 4 4 
2.97 3.02 3.26 4.02 6.31 1.42 7.88 6.65 3.79 3.43 6.21 4.25 7.84 7.04 1.08 4.71 7.09 7.31 6.85 0.7 0.28 4.34 7.39 4.25 5.98 7.18 2.37 7.15 1.82 2.24 6.64 1.32 3.46 0.46 4.2 2.87 6.57 1.78 4.4 2 
1 1 1 1 1 1 1 1 1 1 1 1 1 1 1 1 1 1 1 1 1 1 1 1 1 1 1 1 1 1 1 1 1 1 1 1 1 1 1 1 
1 1 1 1 1 1 1 1 1 1 1 1 1 1 1 1 1 1 1 1 1 1 1 1 1 1 1 1 1 1 1 1 1 1 1 1 1 1 1 1 
1 1 1 1 1 1 1 1 1 1 1 1 1 1 1 1 1 1 1 1 1 1 1 1 1 1 1 1 1 1 1 1 1 1 1 1 1 1 1 1 
1 1 1 1 1 1 1 1 1 1 1 1 1 1 1 1 1 1 1 1 1 1 1 1 1 1 1 1 1 1 1 1 1 1 1 1 1 1 1 1 
1 1 1 1 1 1 1 1 1 1 1 1 1 1 1 1 1 1 1 1 1 1 1 1 1 1 1 1 1 1 1 1 1 1 1 1 1 1 1 1 
1 1 1 1 1 1 1 1 1 1 1 1 1 1 1 1 1 1 1 1 1 1 1 1 1 1 1 1 1 1 1 1 1 1 1 1 1 1 1 1 
0.01 0.01 0.01 0.01 0.01 0.01 0.01 0.01 0.01 0.01 0.01 0.01 0.01 0.01 0.01 0.01 0.01 0.01 0.01 0.01 0.01 0.01 0.01 0.01 0.01 0.01 0.01 0.01 0.01 0.01 0.01 0.01 0.01 0.01 0.01 0.01 0.01 0.01 0.01 0.01 
0.02 0.02 0.02 0.02 0.02 0.02 0.02 0.02 0.02 0.02 0.02 0.02 0.02 0.02 0.02 0.02 0.02 0.02 0.02 0.02 0.02 0.02 0.02 0.02 0.02 0.02 0.02 0.02 0.02 0.02 0.02 0.02 0.02 0.02 0.02 0.02 0.02 0.02 0.02 0.02 
0.03 0.03 0.03 0.03 0.03 0.03 0.03 0.03 0.03 0.03 0.03 0.03 0.03 0.03 0.03 0.03 0.03 0.03 0.03 0.03 0.03 0.03 0.03 0.03 0.03 0.03 0.03 0.03 0.03 0.03 0.03 0.03 0.03 0.03 0.03 0.03 0.03 0.03 0.03 0.03 
0.04 0.04 0.04 0.04 0.04 0.04 0.04 0.04 0.04 0.04 0.04 0.04 0.04 0.04 0.04 0.04 0.04 0.04 0.04 0.04 0.04 0.04 0.04 0.04 0.04 0.04 0.04 0.04 0.04 0.04 0.04 0.04 0.04 0.04 0.04 0.04 0.04 0.04 0.04 0.04 
0.05 0.05 0.05 0.05 0.05 0.05 0.05 0.05 0.05 0.05 0.05 0.05 0.05 0.05 0.05 0.05 0.05 0.05 0.05 0.05 0.05 0.05 0.05 0.05 0.05 0.05 0.05 0.05 0.05 0.05 0.05 0.05 0.05 0.05 0.05 0.05 0.05 0.05 0.05 0.05 
1 1 1 1 1 1 1 1 1 1 1 1 1 1 1 1 1 1 1 1 1 1 1 1 1 1 1 1 1 1 1 1 1 1 1 1 1 1 1 1 
