12 32 9 10
3 16 7 17 3 11 12 15 8 12 10 10 17 6 5 1 16 5 10 19 9 6 13 14 3 17 11 14 8 11 4 2 
3.82 6.47 2.12 0.59 6.9 7.08 6.02 7.63 3.11 3.32 0.36 6.57 0.45 7.54 5.87 0.64 1.79 1.75 3.41 7.79 1.49 2.18 7.53 7.27 2.38 6.1 4.62 4.01 6.04 4.72 6.62 1.54 
6.78 1.1 6.46 7.55 6.18 1.3 1.45 2.95 7.81 1.88 3.66 1.88 7.25 5.46 1.51 6.48 4 1.28 1.85 1.96 6.69 7.52 0.68 6.92 0.36 1.79 5.55 7.4 7.76 0.9 3.86 3.87 
6.02 2.1 0.28 4.33 2.01 2.57 3.82 3.16 6.78 6.54 1.11 7.84 3.32 1.26 4.89 3.44 1.23 7.28 7.24 6.73 2.78 0.48 5.84 7.24 6.73 0.33 5.16 1.49 3.02 1.6 5.44 5.24 
5.21 0.89 7.6 1.25 2.03 0.42 5.76 4 4.4 3.3 5.74 3.38 6.02 5.53 4.58 6.09 5.34 2.33 0.82 3.04 2.06 2.78 7.72 2.93 4.37 3.24 6.77 6.58 6.21 3.82 6.75 2.13 
0.57 3.66 5.27 3.65 0.28 2.15 2.63 5.89 7.77 3.82 5.61 0.18 7.62 5.6 5.18 6.14 4.72 0.77 0.61 0.34 7.73 4.75 2.94 5.43 3.63 4.28 0.2 5.78 0.88 4.07 7.96 4.25 
6.72 3.54 3.97 1.01 3.78 2.42 4.63 5.24 3.54 6.29 7.49 0.33 1.71 1.42 4.97 2.17 0.77 6.78 4.72 4.32 7.06 3.81 7.13 4.37 1.07 7.39 7.06 4.96 4.17 0.03 4.67 4.62 
7.5 0.07 3.22 0.09 5.61 4.28 6.91 7.42 2.3 4.49 4.74 2.55 2.25 6.74 5.51 2.43 0.76 4.51 0.58 2.89 5.65 1.56 3.87 6.64 3.24 7.51 6.35 5.13 1.83 6.07 4.94 6.9 
5.82 1.09 1.59 6.03 5.94 5.17 3.12 4.9 5.09 1.4 0.3 1.57 3.27 0.51 0.38 7.26 4.17 2.31 1.38 1.55 5.18 2.19 6.72 7.22 1.4 1.61 5.29 6.88 5.34 3.54 0.38 0.58 
5.39 1.62 0.14 5.93 2.63 5.81 4.64 5.31 2.57 5.04 6.47 2.52 1.62 2.78 4.66 5.4 6.04 0.91 3.65 5.12 0.97 0.29 4.97 3.97 4.16 6.2 2.76 5.38 4.97 7.92 4.46 6.85 
4 4 4 4 4 4 4 4 4 4 4 4 4 4 4 4 4 4 4 4 4 4 4 4 4 4 4 4 4 4 4 4 
6.23 0.83 3.31 7.08 1.77 1.51 4.15 6.63 3.86 2.63 6.36 3.17 4.89 5.99 3.47 5.42 4.96 3.45 1.86 6.86 6.2 4.51 7.77 6.11 5.27 3.06 2.41 0.19 2.38 3.83 2.1 6.79 
5.85 5.2 5.97 2.54 7.55 3.66 6.69 7.34 2.41 5.95 1.82 2.44 2.31 5.31 2.69 1.28 5.43 5.76 5.41 6.24 4.54 4.34 3.45 3.56 1.22 3.52 4.06 6.05 2.99 5.3 0.07 6.23 
1 1 1 1 1 1 1 1 1 1 1 1 1 1 1 1 1 1 1 1 1 1 1 1 1 1 1 1 1 1 1 1 
1 1 1 1 1 1 1 1 1 1 1 1 1 1 1 1 1 1 1 1 1 1 1 1 1 1 1 1 1 1 1 1 
1 1 1 1 1 1 1 1 1 1 1 1 1 1 1 1 1 1 1 1 1 1 1 1 1 1 1 1 1 1 1 1 
1 1 1 1 1 1 1 1 1 1 1 1 1 1 1 1 1 1 1 1 1 1 1 1 1 1 1 1 1 1 1 1 
1 1 1 1 1 1 1 1 1 1 1 1 1 1 1 1 1 1 1 1 1 1 1 1 1 1 1 1 1 1 1 1 
1 1 1 1 1 1 1 1 1 1 1 1 1 1 1 1 1 1 1 1 1 1 1 1 1 1 1 1 1 1 1 1 
1 1 1 1 1 1 1 1 1 1 1 1 1 1 1 1 1 1 1 1 1 1 1 1 1 1 1 1 1 1 1 1 
1 1 1 1 1 1 1 1 1 1 1 1 1 1 1 1 1 1 1 1 1 1 1 1 1 1 1 1 1 1 1 1 
1 1 1 1 1 1 1 1 1 1 1 1 1 1 1 1 1 1 1 1 1 1 1 1 1 1 1 1 1 1 1 1 
1 1 1 1 1 1 1 1 1 1 1 1 1 1 1 1 1 1 1 1 1 1 1 1 1 1 1 1 1 1 1 1 
1 1 1 1 1 1 1 1 1 1 1 1 1 1 1 1 1 1 1 1 1 1 1 1 1 1 1 1 1 1 1 1 
1 1 1 1 1 1 1 1 1 1 1 1 1 1 1 1 1 1 1 1 1 1 1 1 1 1 1 1 1 1 1 1 
0.01 0.01 0.01 0.01 0.01 0.01 0.01 0.01 0.01 0.01 0.01 0.01 0.01 0.01 0.01 0.01 0.01 0.01 0.01 0.01 0.01 0.01 0.01 0.01 0.01 0.01 0.01 0.01 0.01 0.01 0.01 0.01 
0.02 0.02 0.02 0.02 0.02 0.02 0.02 0.02 0.02 0.02 0.02 0.02 0.02 0.02 0.02 0.02 0.02 0.02 0.02 0.02 0.02 0.02 0.02 0.02 0.02 0.02 0.02 0.02 0.02 0.02 0.02 0.02 
0.03 0.03 0.03 0.03 0.03 0.03 0.03 0.03 0.03 0.03 0.03 0.03 0.03 0.03 0.03 0.03 0.03 0.03 0.03 0.03 0.03 0.03 0.03 0.03 0.03 0.03 0.03 0.03 0.03 0.03 0.03 0.03 
0.04 0.04 0.04 0.04 0.04 0.04 0.04 0.04 0.04 0.04 0.04 0.04 0.04 0.04 0.04 0.04 0.04 0.04 0.04 0.04 0.04 0.04 0.04 0.04 0.04 0.04 0.04 0.04 0.04 0.04 0.04 0.04 
0.05 0.05 0.05 0.05 0.05 0.05 0.05 0.05 0.05 0.05 0.05 0.05 0.05 0.05 0.05 0.05 0.05 0.05 0.05 0.05 0.05 0.05 0.05 0.05 0.05 0.05 0.05 0.05 0.05 0.05 0.05 0.05 
0.06 0.06 0.06 0.06 0.06 0.06 0.06 0.06 0.06 0.06 0.06 0.06 0.06 0.06 0.06 0.06 0.06 0.06 0.06 0.06 0.06 0.06 0.06 0.06 0.06 0.06 0.06 0.06 0.06 0.06 0.06 0.06 
0.07 0.07 0.07 0.07 0.07 0.07 0.07 0.07 0.07 0.07 0.07 0.07 0.07 0.07 0.07 0.07 0.07 0.07 0.07 0.07 0.07 0.07 0.07 0.07 0.07 0.07 0.07 0.07 0.07 0.07 0.07 0.07 
0.08 0.08 0.08 0.08 0.08 0.08 0.08 0.08 0.08 0.08 0.08 0.08 0.08 0.08 0.08 0.08 0.08 0.08 0.08 0.08 0.08 0.08 0.08 0.08 0.08 0.08 0.08 0.08 0.08 0.08 0.08 0.08 
0.09 0.09 0.09 0.09 0.09 0.09 0.09 0.09 0.09 0.09 0.09 0.09 0.09 0.09 0.09 0.09 0.09 0.09 0.09 0.09 0.09 0.09 0.09 0.09 0.09 0.09 0.09 0.09 0.09 0.09 0.09 0.09 
0.1 0.1 0.1 0.1 0.1 0.1 0.1 0.1 0.1 0.1 0.1 0.1 0.1 0.1 0.1 0.1 0.1 0.1 0.1 0.1 0.1 0.1 0.1 0.1 0.1 0.1 0.1 0.1 0.1 0.1 0.1 0.1 
0.5 0.5 0.5 0.5 0.5 0.5 0.5 0.5 0.5 0.5 0.5 0.5 0.5 0.5 0.5 0.5 0.5 0.5 0.5 0.5 0.5 0.5 0.5 0.5 0.5 0.5 0.5 0.5 0.5 0.5 0.5 0.5 
1 1 1 1 1 1 1 1 1 1 1 1 1 1 1 1 1 1 1 1 1 1 1 1 1 1 1 1 1 1 1 1 
