6 32 4 10
9 2 8 11 15 18 5 16 8 17 1 10 2 13 18 16 6 7 19 5 12 12 11 6 1 6 13 1 2 18 6 3 
3.69 2.05 4.18 3.05 0.07 0.14 2.63 7.15 5.81 2.54 2.77 1.07 4.55 4.8 7.48 2.59 3.96 6.15 4.02 0.2 4.29 2.79 1.92 1.94 7.49 4.28 4.76 3.77 6.62 5.91 3.64 5.96 
2.01 3.13 3.4 3.47 1.53 7.43 0.51 2.29 2.02 6.93 6.88 2.38 5.62 5.73 0.41 3.22 2.02 6.94 5.65 2.67 2.8 4.69 0.94 4.99 7.06 1.67 5.36 4.72 5.86 0.72 5.94 3.74 
6.45 5.57 5.46 0.43 2.64 2.71 7.72 1.79 4.39 0.66 6.94 3.63 0.75 3.14 2.59 0.49 1.58 6.06 5.49 5.12 7.41 0.52 3.89 2.58 5.6 6.37 2.98 3.63 7.47 5.62 1.74 1.43 
4.85 0.73 2.17 4.26 7.18 2.24 4.05 7.39 1.96 7.67 6.78 4.16 3.34 4.23 3.17 6.53 2.2 0.27 4.04 4.7 3.72 7.86 4.45 1.06 6.27 1.21 2.98 0.6 5.86 1.63 5.25 7.48 
4 4 4 4 4 4 4 4 4 4 4 4 4 4 4 4 4 4 4 4 4 4 4 4 4 4 4 4 4 4 4 4 
6.4 4.71 2.6 1.53 6.87 3.32 4.96 7.13 3.58 7.37 7 2.61 6.75 0.04 4.47 0.13 7.88 0.66 6.25 1.79 1.27 6.17 1.85 4.72 1.46 2.83 4.52 0.17 0.71 5.85 5.43 6.66 
1 1 1 1 1 1 1 1 1 1 1 1 1 1 1 1 1 1 1 1 1 1 1 1 1 1 1 1 1 1 1 1 
1 1 1 1 1 1 1 1 1 1 1 1 1 1 1 1 1 1 1 1 1 1 1 1 1 1 1 1 1 1 1 1 
1 1 1 1 1 1 1 1 1 1 1 1 1 1 1 1 1 1 1 1 1 1 1 1 1 1 1 1 1 1 1 1 
1 1 1 1 1 1 1 1 1 1 1 1 1 1 1 1 1 1 1 1 1 1 1 1 1 1 1 1 1 1 1 1 
1 1 1 1 1 1 1 1 1 1 1 1 1 1 1 1 1 1 1 1 1 1 1 1 1 1 1 1 1 1 1 1 
1 1 1 1 1 1 1 1 1 1 1 1 1 1 1 1 1 1 1 1 1 1 1 1 1 1 1 1 1 1 1 1 
0.01 0.01 0.01 0.01 0.01 0.01 0.01 0.01 0.01 0.01 0.01 0.01 0.01 0.01 0.01 0.01 0.01 0.01 0.01 0.01 0.01 0.01 0.01 0.01 0.01 0.01 0.01 0.01 0.01 0.01 0.01 0.01 
0.02 0.02 0.02 0.02 0.02 0.02 0.02 0.02 0.02 0.02 0.02 0.02 0.02 0.02 0.02 0.02 0.02 0.02 0.02 0.02 0.02 0.02 0.02 0.02 0.02 0.02 0.02 0.02 0.02 0.02 0.02 0.02 
0.03 0.03 0.03 0.03 0.03 0.03 0.03 0.03 0.03 0.03 0.03 0.03 0.03 0.03 0.03 0.03 0.03 0.03 0.03 0.03 0.03 0.03 0.03 0.03 0.03 0.03 0.03 0.03 0.03 0.03 0.03 0.03 
0.04 0.04 0.04 0.04 0.04 0.04 0.04 0.04 0.04 0.04 0.04 0.04 0.04 0.04 0.04 0.04 0.04 0.04 0.04 0.04 0.04 0.04 0.04 0.04 0.04 0.04 0.04 0.04 0.04 0.04 0.04 0.04 
0.05 0.05 0.05 0.05 0.05 0.05 0.05 0.05 0.05 0.05 0.05 0.05 0.05 0.05 0.05 0.05 0.05 0.05 0.05 0.05 0.05 0.05 0.05 0.05 0.05 0.05 0.05 0.05 0.05 0.05 0.05 0.05 
1 1 1 1 1 1 1 1 1 1 1 1 1 1 1 1 1 1 1 1 1 1 1 1 1 1 1 1 1 1 1 1 
