6 48 2 10
20 14 7 5 4 2 13 5 4 11 4 19 18 6 16 15 19 19 5 3 18 10 8 10 11 1 4 1 4 3 4 4 10 2 12 10 2 9 6 18 9 19 17 8 16 19 7 19 
6.85 3.47 7.22 5.93 3.05 6.16 1.64 4.02 1.52 7.39 3.7 2.23 3.36 4.98 6.03 1.29 1.32 5.26 5.19 7.32 0.76 5.99 1.69 4.87 2.87 1.22 6.57 7.24 0.42 5.77 0.38 2.96 5.94 2.98 2.03 3.14 1.61 7.74 3.51 1.4 6.09 3.15 0.6 2.66 5.67 7.55 6.3 5.49 
5.99 5.16 5.14 3.07 5.22 2.38 1.35 2.21 7.22 4.01 6.56 6.3 0.94 1.93 2.94 6.28 0.88 3.02 1.23 6.97 7.69 6.69 7.26 4.21 1.62 5.95 3.98 1.96 1.79 1.5 3.38 6.55 7.01 2.27 6.52 5.59 7.94 3.96 6.76 3.95 4.14 4.39 2.49 2.83 6.85 7.37 2.24 2.24 
4 4 4 4 4 4 4 4 4 4 4 4 4 4 4 4 4 4 4 4 4 4 4 4 4 4 4 4 4 4 4 4 4 4 4 4 4 4 4 4 4 4 4 4 4 4 4 4 
1.14 0.86 6.83 3.63 2.15 1.31 6.16 6.24 0.78 4.19 2.69 1.19 5.31 3.78 5.81 5.72 3.61 7.84 6.04 7.99 4.55 4.5 7.32 7.61 2.45 1.83 6.91 1.42 5.9 3.3 3.13 4.54 5.21 3.43 1.65 2.34 7.6 5.76 7.21 1.73 3.69 3.42 4.67 1.93 7.34 2.24 0.07 2.69 
6.57 7.78 7.82 1.5 7.4 7.15 2.42 6.72 4.42 0.84 2.35 7.43 7.81 4.28 7.13 2.66 2.95 4.51 3.25 0.78 0.85 3.75 4.09 1.84 5.99 2.75 6.25 6.75 1.79 5.82 5.82 6.9 4.63 6.57 0.69 6.95 4.29 2.07 2.61 1.94 6.21 7.1 5.12 3.69 1.06 1.37 3.55 4.61 
2.44 4.94 5.4 6.67 2.8 2.6 7.49 1.04 3.92 0.71 2.65 2.93 7.41 6.04 5.39 7.08 2.25 5.25 4.49 6.78 2.52 6.62 0.23 4.95 1.03 5.3 5.74 6.51 6.61 2.89 2.35 5.76 5.24 1.05 2.55 7.76 2.28 3.56 4.35 4.5 7.16 3.66 0.99 2.35 7.81 3.37 1.72 1.36 
1 1 1 1 1 1 1 1 1 1 1 1 1 1 1 1 1 1 1 1 1 1 1 1 1 1 1 1 1 1 1 1 1 1 1 1 1 1 1 1 1 1 1 1 1 1 1 1 
1 1 1 1 1 1 1 1 1 1 1 1 1 1 1 1 1 1 1 1 1 1 1 1 1 1 1 1 1 1 1 1 1 1 1 1 1 1 1 1 1 1 1 1 1 1 1 1 
1 1 1 1 1 1 1 1 1 1 1 1 1 1 1 1 1 1 1 1 1 1 1 1 1 1 1 1 1 1 1 1 1 1 1 1 1 1 1 1 1 1 1 1 1 1 1 1 
1 1 1 1 1 1 1 1 1 1 1 1 1 1 1 1 1 1 1 1 1 1 1 1 1 1 1 1 1 1 1 1 1 1 1 1 1 1 1 1 1 1 1 1 1 1 1 1 
1 1 1 1 1 1 1 1 1 1 1 1 1 1 1 1 1 1 1 1 1 1 1 1 1 1 1 1 1 1 1 1 1 1 1 1 1 1 1 1 1 1 1 1 1 1 1 1 
1 1 1 1 1 1 1 1 1 1 1 1 1 1 1 1 1 1 1 1 1 1 1 1 1 1 1 1 1 1 1 1 1 1 1 1 1 1 1 1 1 1 1 1 1 1 1 1 
0.01 0.01 0.01 0.01 0.01 0.01 0.01 0.01 0.01 0.01 0.01 0.01 0.01 0.01 0.01 0.01 0.01 0.01 0.01 0.01 0.01 0.01 0.01 0.01 0.01 0.01 0.01 0.01 0.01 0.01 0.01 0.01 0.01 0.01 0.01 0.01 0.01 0.01 0.01 0.01 0.01 0.01 0.01 0.01 0.01 0.01 0.01 0.01 
0.02 0.02 0.02 0.02 0.02 0.02 0.02 0.02 0.02 0.02 0.02 0.02 0.02 0.02 0.02 0.02 0.02 0.02 0.02 0.02 0.02 0.02 0.02 0.02 0.02 0.02 0.02 0.02 0.02 0.02 0.02 0.02 0.02 0.02 0.02 0.02 0.02 0.02 0.02 0.02 0.02 0.02 0.02 0.02 0.02 0.02 0.02 0.02 
0.03 0.03 0.03 0.03 0.03 0.03 0.03 0.03 0.03 0.03 0.03 0.03 0.03 0.03 0.03 0.03 0.03 0.03 0.03 0.03 0.03 0.03 0.03 0.03 0.03 0.03 0.03 0.03 0.03 0.03 0.03 0.03 0.03 0.03 0.03 0.03 0.03 0.03 0.03 0.03 0.03 0.03 0.03 0.03 0.03 0.03 0.03 0.03 
0.333333 0.333333 0.333333 0.333333 0.333333 0.333333 0.333333 0.333333 0.333333 0.333333 0.333333 0.333333 0.333333 0.333333 0.333333 0.333333 0.333333 0.333333 0.333333 0.333333 0.333333 0.333333 0.333333 0.333333 0.333333 0.333333 0.333333 0.333333 0.333333 0.333333 0.333333 0.333333 0.333333 0.333333 0.333333 0.333333 0.333333 0.333333 0.333333 0.333333 0.333333 0.333333 0.333333 0.333333 0.333333 0.333333 0.333333 0.333333 
0.666667 0.666667 0.666667 0.666667 0.666667 0.666667 0.666667 0.666667 0.666667 0.666667 0.666667 0.666667 0.666667 0.666667 0.666667 0.666667 0.666667 0.666667 0.666667 0.666667 0.666667 0.666667 0.666667 0.666667 0.666667 0.666667 0.666667 0.666667 0.666667 0.666667 0.666667 0.666667 0.666667 0.666667 0.666667 0.666667 0.666667 0.666667 0.666667 0.666667 0.666667 0.666667 0.666667 0.666667 0.666667 0.666667 0.666667 0.666667 
1 1 1 1 1 1 1 1 1 1 1 1 1 1 1 1 1 1 1 1 1 1 1 1 1 1 1 1 1 1 1 1 1 1 1 1 1 1 1 1 1 1 1 1 1 1 1 1 
