6 24 4 10
3 19 4 1 20 16 7 17 4 16 12 9 10 17 14 13 17 15 7 14 2 3 17 2 
3.14 2.34 4.63 6.21 7.77 3.65 0.38 5.31 4.17 3.24 3.7 6.7 7.84 4.64 2.27 4.15 0.65 4.48 4.61 3.67 4.77 5.35 2.86 6.38 
4.65 6.92 6.22 2.19 3.11 2.72 4.44 1.57 0.52 2.45 4.85 6.75 0.57 4.57 4.83 6.14 1.13 2.27 2.34 7.11 3.06 2.1 0.92 5.17 
2.06 7.22 0.79 3.33 7.08 7.51 2.73 7.34 6.37 4.34 6.41 1.23 0.93 3.11 4.76 0.92 6.14 0.62 1.42 2.76 6.98 7.13 5.08 4.18 
6.75 4.34 5.61 1.31 5.61 2.78 6.85 3.08 7.5 5.28 2.08 4.22 2.18 6.79 2.79 4.34 2.96 0.37 4.97 5.86 0.09 7.69 6.16 5.98 
4 4 4 4 4 4 4 4 4 4 4 4 4 4 4 4 4 4 4 4 4 4 4 4 
1.36 3.59 1.7 5.15 5.94 3.9 7.69 5.06 1.27 3.4 0.94 1.31 3.44 5.47 0.12 1.86 0.25 3.85 7.18 5.46 4.61 3.83 3.35 7.36 
1 1 1 1 1 1 1 1 1 1 1 1 1 1 1 1 1 1 1 1 1 1 1 1 
1 1 1 1 1 1 1 1 1 1 1 1 1 1 1 1 1 1 1 1 1 1 1 1 
1 1 1 1 1 1 1 1 1 1 1 1 1 1 1 1 1 1 1 1 1 1 1 1 
1 1 1 1 1 1 1 1 1 1 1 1 1 1 1 1 1 1 1 1 1 1 1 1 
1 1 1 1 1 1 1 1 1 1 1 1 1 1 1 1 1 1 1 1 1 1 1 1 
1 1 1 1 1 1 1 1 1 1 1 1 1 1 1 1 1 1 1 1 1 1 1 1 
0.01 0.01 0.01 0.01 0.01 0.01 0.01 0.01 0.01 0.01 0.01 0.01 0.01 0.01 0.01 0.01 0.01 0.01 0.01 0.01 0.01 0.01 0.01 0.01 
0.02 0.02 0.02 0.02 0.02 0.02 0.02 0.02 0.02 0.02 0.02 0.02 0.02 0.02 0.02 0.02 0.02 0.02 0.02 0.02 0.02 0.02 0.02 0.02 
0.03 0.03 0.03 0.03 0.03 0.03 0.03 0.03 0.03 0.03 0.03 0.03 0.03 0.03 0.03 0.03 0.03 0.03 0.03 0.03 0.03 0.03 0.03 0.03 
0.04 0.04 0.04 0.04 0.04 0.04 0.04 0.04 0.04 0.04 0.04 0.04 0.04 0.04 0.04 0.04 0.04 0.04 0.04 0.04 0.04 0.04 0.04 0.04 
0.05 0.05 0.05 0.05 0.05 0.05 0.05 0.05 0.05 0.05 0.05 0.05 0.05 0.05 0.05 0.05 0.05 0.05 0.05 0.05 0.05 0.05 0.05 0.05 
1 1 1 1 1 1 1 1 1 1 1 1 1 1 1 1 1 1 1 1 1 1 1 1 
