12 40 9 10
11 7 7 7 7 13 19 13 14 19 4 4 6 15 17 3 10 3 10 18 18 7 16 15 6 5 6 6 8 2 20 2 18 5 13 15 16 16 3 14 
6.46 1.5 5.41 5.1 3.81 3.17 5.37 3.48 6.22 5.71 2.02 5.12 6.67 7.63 7.08 2.12 6.2 2.44 3.76 1.93 6.97 6.52 4.13 1.76 2.27 1.11 0.37 4.42 5.87 6.27 3.68 3.86 4.91 0.29 6.2 6.46 6.63 6.82 1.04 1.84 
3.97 0.51 1.08 4.49 1.51 0.7 2.01 0.1 3.14 7.35 1.3 2.67 2.06 7.58 2.75 0.26 0.63 2.18 3.02 5.4 5.05 1.41 1.2 3.8 5.65 0.42 3.7 7.7 2.04 7.31 3.61 4.06 3.64 2.86 7.86 1.64 1.9 5.22 1.92 6.94 
3.72 2.59 6.41 1.94 5.69 0.08 6.65 5.98 5.25 3.84 1.51 1.96 4.16 7.46 6.78 7.82 7.4 0.13 4.71 3.84 4.84 0.44 0.44 1.9 1.74 1.63 7.26 5.38 4.28 4.53 0.08 2.75 0.38 3.41 3.06 1.93 6.55 5.49 7.05 6.96 
6.72 4.69 3.35 1.04 0.14 2.22 7.54 7.57 5.41 7.45 4.15 6.79 7.39 7.74 1.09 6.54 7.44 1.66 0.8 5.2 5.35 3.38 6.21 3.86 4.42 1.24 4.84 1.99 4.67 5.5 3.31 7.99 1.05 6.67 4.43 2.62 2.82 5.37 7.46 6.44 
6.26 5.92 3.59 1.81 2.47 7.34 5.42 5.89 4.75 1.73 3.95 6.75 7.96 0.59 2.38 3.63 5.94 6.94 2 2.43 4.33 4.3 6.48 0.62 1.34 2.71 3.63 6.35 2.72 0.03 6.84 7.09 7.17 7.94 5.79 7.81 7.7 7.42 4.08 4.41 
2.46 7.18 1.97 5.2 0.14 3.84 2.05 4.54 0.47 6.57 3.3 1.34 5.42 1.12 7.47 6.06 4.08 0.11 4.35 2.11 4.05 3.64 3.27 0.35 5.68 4.06 7.4 1.79 3.37 0.59 3.67 7.34 5.94 3.54 6.78 5.38 6.33 3.75 4.69 5.61 
0.14 2.23 3.48 0.67 4.79 4.42 0.7 7.94 3.89 1.86 6.49 1.56 5.23 1.87 3.75 0.34 6.87 5.53 6.85 6.53 5.64 2.84 4.06 5.95 7.2 4.46 2.1 3.65 2.22 7.65 4.2 4.08 6.04 6.49 1.38 1.84 1.36 4.98 3.39 6.32 
3.93 4.03 0.7 2.75 3.25 1.12 7.9 7.74 3.29 4.75 7.5 2.81 3.79 3 4.18 3.13 7.7 1.84 2.56 4.87 5.09 3.23 3.01 6.5 2.83 4.27 2.62 0.84 0.49 0.49 0.94 7.2 2.77 1.2 4.75 3.91 2.5 5.13 7.67 2.16 
5.3 7.5 0.07 6.72 6.55 0.64 3.07 3.26 0.84 7.11 6.21 7.78 0.13 6.72 3.88 0.43 1.84 6.04 3.99 3.62 1.88 4.18 7.14 6.89 3.13 4.87 1.44 6.75 2.34 2.2 5.96 1.93 4.73 0.57 4.11 6.72 4.98 7.52 6.62 4.44 
4 4 4 4 4 4 4 4 4 4 4 4 4 4 4 4 4 4 4 4 4 4 4 4 4 4 4 4 4 4 4 4 4 4 4 4 4 4 4 4 
6.29 0.02 4.84 4.84 5.84 2.33 1.15 4.1 3.15 7.94 6.34 0.42 3.62 1.06 3.22 3.98 2.28 2.09 0.62 3.07 3.7 4.34 3.89 7.23 4.64 6.46 7.05 4.93 0.69 5.37 3.41 3.16 1.2 5.77 0.08 7.73 6.12 6.97 3.25 5.43 
1.48 3.55 0.46 5.3 2.55 4.86 1.51 5.42 7.89 6.23 2.34 5.95 5.81 7.88 6.83 5.62 4.92 1.76 2.95 1.19 0.51 1.1 2.79 6 3.84 3.13 4.45 2.64 5.93 7.18 3.86 1.11 0.88 0.15 2.99 6.27 2.37 7.66 1.88 1.95 
1 1 1 1 1 1 1 1 1 1 1 1 1 1 1 1 1 1 1 1 1 1 1 1 1 1 1 1 1 1 1 1 1 1 1 1 1 1 1 1 
1 1 1 1 1 1 1 1 1 1 1 1 1 1 1 1 1 1 1 1 1 1 1 1 1 1 1 1 1 1 1 1 1 1 1 1 1 1 1 1 
1 1 1 1 1 1 1 1 1 1 1 1 1 1 1 1 1 1 1 1 1 1 1 1 1 1 1 1 1 1 1 1 1 1 1 1 1 1 1 1 
1 1 1 1 1 1 1 1 1 1 1 1 1 1 1 1 1 1 1 1 1 1 1 1 1 1 1 1 1 1 1 1 1 1 1 1 1 1 1 1 
1 1 1 1 1 1 1 1 1 1 1 1 1 1 1 1 1 1 1 1 1 1 1 1 1 1 1 1 1 1 1 1 1 1 1 1 1 1 1 1 
1 1 1 1 1 1 1 1 1 1 1 1 1 1 1 1 1 1 1 1 1 1 1 1 1 1 1 1 1 1 1 1 1 1 1 1 1 1 1 1 
1 1 1 1 1 1 1 1 1 1 1 1 1 1 1 1 1 1 1 1 1 1 1 1 1 1 1 1 1 1 1 1 1 1 1 1 1 1 1 1 
1 1 1 1 1 1 1 1 1 1 1 1 1 1 1 1 1 1 1 1 1 1 1 1 1 1 1 1 1 1 1 1 1 1 1 1 1 1 1 1 
1 1 1 1 1 1 1 1 1 1 1 1 1 1 1 1 1 1 1 1 1 1 1 1 1 1 1 1 1 1 1 1 1 1 1 1 1 1 1 1 
1 1 1 1 1 1 1 1 1 1 1 1 1 1 1 1 1 1 1 1 1 1 1 1 1 1 1 1 1 1 1 1 1 1 1 1 1 1 1 1 
1 1 1 1 1 1 1 1 1 1 1 1 1 1 1 1 1 1 1 1 1 1 1 1 1 1 1 1 1 1 1 1 1 1 1 1 1 1 1 1 
1 1 1 1 1 1 1 1 1 1 1 1 1 1 1 1 1 1 1 1 1 1 1 1 1 1 1 1 1 1 1 1 1 1 1 1 1 1 1 1 
0.01 0.01 0.01 0.01 0.01 0.01 0.01 0.01 0.01 0.01 0.01 0.01 0.01 0.01 0.01 0.01 0.01 0.01 0.01 0.01 0.01 0.01 0.01 0.01 0.01 0.01 0.01 0.01 0.01 0.01 0.01 0.01 0.01 0.01 0.01 0.01 0.01 0.01 0.01 0.01 
0.02 0.02 0.02 0.02 0.02 0.02 0.02 0.02 0.02 0.02 0.02 0.02 0.02 0.02 0.02 0.02 0.02 0.02 0.02 0.02 0.02 0.02 0.02 0.02 0.02 0.02 0.02 0.02 0.02 0.02 0.02 0.02 0.02 0.02 0.02 0.02 0.02 0.02 0.02 0.02 
0.03 0.03 0.03 0.03 0.03 0.03 0.03 0.03 0.03 0.03 0.03 0.03 0.03 0.03 0.03 0.03 0.03 0.03 0.03 0.03 0.03 0.03 0.03 0.03 0.03 0.03 0.03 0.03 0.03 0.03 0.03 0.03 0.03 0.03 0.03 0.03 0.03 0.03 0.03 0.03 
0.04 0.04 0.04 0.04 0.04 0.04 0.04 0.04 0.04 0.04 0.04 0.04 0.04 0.04 0.04 0.04 0.04 0.04 0.04 0.04 0.04 0.04 0.04 0.04 0.04 0.04 0.04 0.04 0.04 0.04 0.04 0.04 0.04 0.04 0.04 0.04 0.04 0.04 0.04 0.04 
0.05 0.05 0.05 0.05 0.05 0.05 0.05 0.05 0.05 0.05 0.05 0.05 0.05 0.05 0.05 0.05 0.05 0.05 0.05 0.05 0.05 0.05 0.05 0.05 0.05 0.05 0.05 0.05 0.05 0.05 0.05 0.05 0.05 0.05 0.05 0.05 0.05 0.05 0.05 0.05 
0.06 0.06 0.06 0.06 0.06 0.06 0.06 0.06 0.06 0.06 0.06 0.06 0.06 0.06 0.06 0.06 0.06 0.06 0.06 0.06 0.06 0.06 0.06 0.06 0.06 0.06 0.06 0.06 0.06 0.06 0.06 0.06 0.06 0.06 0.06 0.06 0.06 0.06 0.06 0.06 
0.07 0.07 0.07 0.07 0.07 0.07 0.07 0.07 0.07 0.07 0.07 0.07 0.07 0.07 0.07 0.07 0.07 0.07 0.07 0.07 0.07 0.07 0.07 0.07 0.07 0.07 0.07 0.07 0.07 0.07 0.07 0.07 0.07 0.07 0.07 0.07 0.07 0.07 0.07 0.07 
0.08 0.08 0.08 0.08 0.08 0.08 0.08 0.08 0.08 0.08 0.08 0.08 0.08 0.08 0.08 0.08 0.08 0.08 0.08 0.08 0.08 0.08 0.08 0.08 0.08 0.08 0.08 0.08 0.08 0.08 0.08 0.08 0.08 0.08 0.08 0.08 0.08 0.08 0.08 0.08 
0.09 0.09 0.09 0.09 0.09 0.09 0.09 0.09 0.09 0.09 0.09 0.09 0.09 0.09 0.09 0.09 0.09 0.09 0.09 0.09 0.09 0.09 0.09 0.09 0.09 0.09 0.09 0.09 0.09 0.09 0.09 0.09 0.09 0.09 0.09 0.09 0.09 0.09 0.09 0.09 
0.1 0.1 0.1 0.1 0.1 0.1 0.1 0.1 0.1 0.1 0.1 0.1 0.1 0.1 0.1 0.1 0.1 0.1 0.1 0.1 0.1 0.1 0.1 0.1 0.1 0.1 0.1 0.1 0.1 0.1 0.1 0.1 0.1 0.1 0.1 0.1 0.1 0.1 0.1 0.1 
0.5 0.5 0.5 0.5 0.5 0.5 0.5 0.5 0.5 0.5 0.5 0.5 0.5 0.5 0.5 0.5 0.5 0.5 0.5 0.5 0.5 0.5 0.5 0.5 0.5 0.5 0.5 0.5 0.5 0.5 0.5 0.5 0.5 0.5 0.5 0.5 0.5 0.5 0.5 0.5 
1 1 1 1 1 1 1 1 1 1 1 1 1 1 1 1 1 1 1 1 1 1 1 1 1 1 1 1 1 1 1 1 1 1 1 1 1 1 1 1 
