3 32 1 10
19 1 15 19 7 3 13 4 6 11 14 13 13 3 13 7 4 20 15 16 11 5 15 20 1 1 15 7 20 20 12 12 
1.12 4.6 7.39 7.26 4.45 5.83 2.22 4.44 4.98 7 6.87 0.52 0.87 6.04 4.48 3.79 5.06 1.13 7.41 3.98 0.31 6.77 4.06 5.73 5.86 3.5 5.28 5.87 6.89 1.97 5.25 0.91 
4 4 4 4 4 4 4 4 4 4 4 4 4 4 4 4 4 4 4 4 4 4 4 4 4 4 4 4 4 4 4 4 
5.05 0.46 4.88 1.65 1.32 7.6 6.84 5.97 4.13 6.61 0.17 6.16 6.56 1.46 5.51 4.93 5.26 5.93 0.41 4.68 5.64 2.72 2.7 4.16 6.52 6.44 1.25 2.53 2.68 4.56 0.82 4.91 
1 1 1 1 1 1 1 1 1 1 1 1 1 1 1 1 1 1 1 1 1 1 1 1 1 1 1 1 1 1 1 1 
1 1 1 1 1 1 1 1 1 1 1 1 1 1 1 1 1 1 1 1 1 1 1 1 1 1 1 1 1 1 1 1 
1 1 1 1 1 1 1 1 1 1 1 1 1 1 1 1 1 1 1 1 1 1 1 1 1 1 1 1 1 1 1 1 
0.01 0.01 0.01 0.01 0.01 0.01 0.01 0.01 0.01 0.01 0.01 0.01 0.01 0.01 0.01 0.01 0.01 0.01 0.01 0.01 0.01 0.01 0.01 0.01 0.01 0.01 0.01 0.01 0.01 0.01 0.01 0.01 
0.02 0.02 0.02 0.02 0.02 0.02 0.02 0.02 0.02 0.02 0.02 0.02 0.02 0.02 0.02 0.02 0.02 0.02 0.02 0.02 0.02 0.02 0.02 0.02 0.02 0.02 0.02 0.02 0.02 0.02 0.02 0.02 
1 1 1 1 1 1 1 1 1 1 1 1 1 1 1 1 1 1 1 1 1 1 1 1 1 1 1 1 1 1 1 1 
