6 16 4 10
9 20 6 8 11 14 3 10 3 8 8 10 17 16 1 13 
2.95 2.92 6.3 3.19 5.79 4.41 3.19 1.82 6.3 1.46 7.19 0.5 7.74 2.63 5.13 6.23 
7.17 4.47 3.11 2.41 6.11 4.77 3.84 4.39 3.8 5.41 5.47 2.28 5.06 1.15 1.99 6.1 
7.23 0.33 6.76 3.21 2.83 1.4 6.32 0.92 6.81 2.5 1.17 3.44 4.41 6.67 7.46 4.4 
4.59 3.83 6.46 5.28 3.64 5.45 6.81 6.7 6.93 0.99 3.64 7.72 1.04 7.02 4.91 0.93 
4 4 4 4 4 4 4 4 4 4 4 4 4 4 4 4 
3.43 0.44 7.21 1.13 4.8 2.61 5.77 0.92 3.06 4.51 0.84 1.76 6.29 0.28 1.37 3.54 
1 1 1 1 1 1 1 1 1 1 1 1 1 1 1 1 
1 1 1 1 1 1 1 1 1 1 1 1 1 1 1 1 
1 1 1 1 1 1 1 1 1 1 1 1 1 1 1 1 
1 1 1 1 1 1 1 1 1 1 1 1 1 1 1 1 
1 1 1 1 1 1 1 1 1 1 1 1 1 1 1 1 
1 1 1 1 1 1 1 1 1 1 1 1 1 1 1 1 
0.01 0.01 0.01 0.01 0.01 0.01 0.01 0.01 0.01 0.01 0.01 0.01 0.01 0.01 0.01 0.01 
0.02 0.02 0.02 0.02 0.02 0.02 0.02 0.02 0.02 0.02 0.02 0.02 0.02 0.02 0.02 0.02 
0.03 0.03 0.03 0.03 0.03 0.03 0.03 0.03 0.03 0.03 0.03 0.03 0.03 0.03 0.03 0.03 
0.04 0.04 0.04 0.04 0.04 0.04 0.04 0.04 0.04 0.04 0.04 0.04 0.04 0.04 0.04 0.04 
0.05 0.05 0.05 0.05 0.05 0.05 0.05 0.05 0.05 0.05 0.05 0.05 0.05 0.05 0.05 0.05 
1 1 1 1 1 1 1 1 1 1 1 1 1 1 1 1 
