12 16 3 10
18 5 14 2 18 2 7 15 5 9 8 6 5 3 14 16 
4.96 7.67 7.09 5.16 0.76 0.6 2.76 7.68 6.52 5.56 7.59 1.02 6.49 0.67 6.3 4.92 
1.17 4.03 5.52 4.91 7.59 1.66 3.62 0.16 1.25 7.79 1.03 3.8 7.26 3.41 0.44 2.54 
1.98 5.21 5.29 1.36 7.55 0.76 3.42 1.29 0.07 3.73 1.39 5.02 0.98 1.21 1.7 5.8 
4 4 4 4 4 4 4 4 4 4 4 4 4 4 4 4 
7.29 6.62 5.77 5.66 5.07 0.45 6.61 2.24 4.45 4.9 2.51 5.69 1.03 3.57 4.3 4.62 
7.84 4.32 1.72 4.61 2.48 3.21 3.55 5.12 7.88 4.99 6.15 2.65 6.33 0.1 2.79 5.57 
2.33 3.96 0.11 7.53 7.7 0.3 0.11 2.15 5.45 5.25 0.49 1.8 4.44 0.44 2.7 3.64 
4.05 7.33 1.24 5.82 3.02 5.5 4.71 7.31 1.87 5.37 7.39 4.49 1.83 2.68 3.47 3.62 
2.98 5.71 7.67 3.36 4.5 6.96 5.09 6.46 3.43 5 7.22 7.59 6.58 7.91 3.61 1.66 
5.55 5.31 0.38 4.63 2.75 3.43 4 7.53 6.57 6.71 6.57 4.47 5.38 0.73 0.13 6.3 
2.12 3.5 5.85 2.84 3.45 0.09 6.8 7.57 3.89 0.45 6.3 3.54 4.12 2.69 2.87 0.07 
2.34 3.62 4.83 1.25 1.65 3.31 2.45 7.03 6.36 5.83 6.94 6.05 1.24 2.25 0.54 1.24 
1 1 1 1 1 1 1 1 1 1 1 1 1 1 1 1 
1 1 1 1 1 1 1 1 1 1 1 1 1 1 1 1 
1 1 1 1 1 1 1 1 1 1 1 1 1 1 1 1 
1 1 1 1 1 1 1 1 1 1 1 1 1 1 1 1 
1 1 1 1 1 1 1 1 1 1 1 1 1 1 1 1 
1 1 1 1 1 1 1 1 1 1 1 1 1 1 1 1 
1 1 1 1 1 1 1 1 1 1 1 1 1 1 1 1 
1 1 1 1 1 1 1 1 1 1 1 1 1 1 1 1 
1 1 1 1 1 1 1 1 1 1 1 1 1 1 1 1 
1 1 1 1 1 1 1 1 1 1 1 1 1 1 1 1 
1 1 1 1 1 1 1 1 1 1 1 1 1 1 1 1 
1 1 1 1 1 1 1 1 1 1 1 1 1 1 1 1 
0.01 0.01 0.01 0.01 0.01 0.01 0.01 0.01 0.01 0.01 0.01 0.01 0.01 0.01 0.01 0.01 
0.02 0.02 0.02 0.02 0.02 0.02 0.02 0.02 0.02 0.02 0.02 0.02 0.02 0.02 0.02 0.02 
0.03 0.03 0.03 0.03 0.03 0.03 0.03 0.03 0.03 0.03 0.03 0.03 0.03 0.03 0.03 0.03 
0.04 0.04 0.04 0.04 0.04 0.04 0.04 0.04 0.04 0.04 0.04 0.04 0.04 0.04 0.04 0.04 
0.125 0.125 0.125 0.125 0.125 0.125 0.125 0.125 0.125 0.125 0.125 0.125 0.125 0.125 0.125 0.125 
0.25 0.25 0.25 0.25 0.25 0.25 0.25 0.25 0.25 0.25 0.25 0.25 0.25 0.25 0.25 0.25 
0.375 0.375 0.375 0.375 0.375 0.375 0.375 0.375 0.375 0.375 0.375 0.375 0.375 0.375 0.375 0.375 
0.5 0.5 0.5 0.5 0.5 0.5 0.5 0.5 0.5 0.5 0.5 0.5 0.5 0.5 0.5 0.5 
0.625 0.625 0.625 0.625 0.625 0.625 0.625 0.625 0.625 0.625 0.625 0.625 0.625 0.625 0.625 0.625 
0.75 0.75 0.75 0.75 0.75 0.75 0.75 0.75 0.75 0.75 0.75 0.75 0.75 0.75 0.75 0.75 
0.875 0.875 0.875 0.875 0.875 0.875 0.875 0.875 0.875 0.875 0.875 0.875 0.875 0.875 0.875 0.875 
1 1 1 1 1 1 1 1 1 1 1 1 1 1 1 1 
