12 48 6 10
15 15 7 20 19 18 1 16 17 5 5 8 17 13 14 19 4 20 17 15 1 13 15 5 16 16 2 8 5 3 6 18 13 13 15 14 18 4 15 6 15 6 1 20 8 6 2 4 
4.92 3.04 2.41 4.56 3.49 5.89 6.48 1.34 4.05 1.04 5.55 5.41 3.85 3.92 1.8 2.57 4.65 6.78 3.87 6.94 7.59 2.98 1.88 3.96 0.18 6.57 5.94 7.01 7.95 7.93 1.88 1.41 0.63 4.85 0.75 6.61 3.95 3.01 0.99 0.04 1.78 5.98 1.27 3.3 3.24 1.66 1.88 6.73 
3.57 5.74 2.34 5.88 3.87 3.23 0.98 6.1 6.61 0.16 4.82 5.46 0.41 7.85 5.33 2.65 0.32 3.94 0.8 5.16 1.83 6.98 0.5 7.18 7.8 6.27 5.36 2.62 1.83 2.37 3.47 1.65 1.12 6.81 2.74 0.21 2.31 2.02 7.74 2.15 7.93 7.44 4.33 1.85 6.48 0.31 7.69 6.43 
0.59 4.94 0.7 6.13 6.71 7.08 1.3 0.84 7.04 0.51 0.45 0.33 4.05 7.07 6.06 1.34 5.62 1.21 7.15 5.2 7.59 7.98 4.63 6.61 5.34 0 2.58 2.8 0.37 0.97 2.46 6.46 2.34 2.79 0.47 1.71 6.23 4.88 5.85 1.59 5.48 4.56 6.6 6.12 5.51 5.91 3.26 1.01 
3.07 3.55 0.43 1.05 3.16 0.57 3.93 3.94 7.53 5.45 7.44 5.84 4.2 3.33 7.68 3.19 7.32 6.84 2.69 7.03 0.88 7.03 0.21 6.97 1.54 6.82 6.26 1.6 6.86 6.94 4.14 6.39 2.73 1.99 1.46 1.03 7.82 0.67 6.8 0.68 4.24 1.07 4.98 6.1 3.47 0.97 6.51 1.15 
7.87 5.36 2.44 7.69 3.11 1.55 5.63 5.25 1.61 2.25 4.45 4.57 0.68 6.93 4.89 1.36 7.77 3.99 2.02 3.14 6.49 4.75 3.95 6.59 0.08 4.68 4.21 4.4 4.09 4.22 6.49 1.11 7.9 0.36 0.86 1.72 0.26 4.99 0.35 1.03 3.6 6.52 2.55 0.93 5.78 4.56 2.21 0.2 
3.56 7.26 2.08 3.33 7.34 5.89 3.17 4.31 4.4 6.07 0.06 4.27 7.74 7.67 3.36 4.18 6.24 6.9 6.2 6.9 2.93 5.38 4.76 5.12 0.34 3.28 6.11 6.17 2.36 6.43 7.11 4.66 5.5 1.21 0.82 3.93 1.73 4.75 2.58 2.5 7.54 6.51 4.63 3.39 7.33 1.19 3.73 5.6 
4 4 4 4 4 4 4 4 4 4 4 4 4 4 4 4 4 4 4 4 4 4 4 4 4 4 4 4 4 4 4 4 4 4 4 4 4 4 4 4 4 4 4 4 4 4 4 4 
7.98 0.41 2.05 3.99 7.29 2.23 5.85 0.91 3.22 2.9 7.38 7.81 1.88 0.64 5.09 1.26 5.42 5.57 1.96 6.45 0.8 4.3 5.1 6.12 5.04 7.99 3.43 4.54 4.35 5.91 0.13 6.89 0.22 3.64 5.96 4.76 1.95 5.84 1.97 4.13 7.94 1.62 2.3 4.99 0.79 7.28 5.76 0.32 
7.21 7.83 3.28 4.54 4.57 7.27 4.19 2.57 6.29 1.33 1.8 4.81 7.52 3.47 3.81 5.49 4.89 5.19 5.4 2.79 2.19 5.11 1.7 1.48 2.2 7.37 3.54 1.9 2.55 6.15 5.33 0.23 4.75 1.58 4.08 3.82 7.2 4.7 2.96 6 3.72 5.79 0.45 2.89 1.99 6.59 5.56 1.83 
3.49 3.42 0.77 6.8 1.72 5.4 3.42 3.32 4.95 2.29 5.14 5.7 0.85 0.31 4.53 6.97 3.02 6.29 2.34 3.48 1.58 0.73 6.93 4.85 1.23 6.16 4.05 6.04 7.27 4.81 5.05 4.54 0.14 7.88 4.32 1.32 2.76 7.91 7.99 6.4 3.25 3.84 4.58 1.79 7.07 1 6.14 3.22 
3 0.36 0.58 4.96 3.53 7.22 2.85 1.71 4 2.97 5.56 6.32 1.78 0.04 1.01 6.56 2.7 3.66 7.39 2.18 2.76 1.4 3.29 5.87 5.94 4.27 4.97 2.55 5.2 1.25 7.52 5.3 5.27 0.93 4.18 6.74 5.19 4.86 5.1 3.44 1 3.67 0.64 3.82 6.91 7.15 1.52 1.13 
6.14 4.42 6.36 6.92 1.96 5.76 5.33 0.27 3 7.12 1.53 4.69 5.58 5.71 4.83 5.09 2.92 0.36 3.42 4.55 2.71 7.02 5.31 7.42 5.12 4.2 4.57 5.21 0.73 0.09 5.81 1.41 0.71 4.28 2.24 7.83 2 0.54 2.92 3.07 5.12 6.12 5.74 4.73 0.29 0.74 4.9 8 
1 1 1 1 1 1 1 1 1 1 1 1 1 1 1 1 1 1 1 1 1 1 1 1 1 1 1 1 1 1 1 1 1 1 1 1 1 1 1 1 1 1 1 1 1 1 1 1 
1 1 1 1 1 1 1 1 1 1 1 1 1 1 1 1 1 1 1 1 1 1 1 1 1 1 1 1 1 1 1 1 1 1 1 1 1 1 1 1 1 1 1 1 1 1 1 1 
1 1 1 1 1 1 1 1 1 1 1 1 1 1 1 1 1 1 1 1 1 1 1 1 1 1 1 1 1 1 1 1 1 1 1 1 1 1 1 1 1 1 1 1 1 1 1 1 
1 1 1 1 1 1 1 1 1 1 1 1 1 1 1 1 1 1 1 1 1 1 1 1 1 1 1 1 1 1 1 1 1 1 1 1 1 1 1 1 1 1 1 1 1 1 1 1 
1 1 1 1 1 1 1 1 1 1 1 1 1 1 1 1 1 1 1 1 1 1 1 1 1 1 1 1 1 1 1 1 1 1 1 1 1 1 1 1 1 1 1 1 1 1 1 1 
1 1 1 1 1 1 1 1 1 1 1 1 1 1 1 1 1 1 1 1 1 1 1 1 1 1 1 1 1 1 1 1 1 1 1 1 1 1 1 1 1 1 1 1 1 1 1 1 
1 1 1 1 1 1 1 1 1 1 1 1 1 1 1 1 1 1 1 1 1 1 1 1 1 1 1 1 1 1 1 1 1 1 1 1 1 1 1 1 1 1 1 1 1 1 1 1 
1 1 1 1 1 1 1 1 1 1 1 1 1 1 1 1 1 1 1 1 1 1 1 1 1 1 1 1 1 1 1 1 1 1 1 1 1 1 1 1 1 1 1 1 1 1 1 1 
1 1 1 1 1 1 1 1 1 1 1 1 1 1 1 1 1 1 1 1 1 1 1 1 1 1 1 1 1 1 1 1 1 1 1 1 1 1 1 1 1 1 1 1 1 1 1 1 
1 1 1 1 1 1 1 1 1 1 1 1 1 1 1 1 1 1 1 1 1 1 1 1 1 1 1 1 1 1 1 1 1 1 1 1 1 1 1 1 1 1 1 1 1 1 1 1 
1 1 1 1 1 1 1 1 1 1 1 1 1 1 1 1 1 1 1 1 1 1 1 1 1 1 1 1 1 1 1 1 1 1 1 1 1 1 1 1 1 1 1 1 1 1 1 1 
1 1 1 1 1 1 1 1 1 1 1 1 1 1 1 1 1 1 1 1 1 1 1 1 1 1 1 1 1 1 1 1 1 1 1 1 1 1 1 1 1 1 1 1 1 1 1 1 
0.01 0.01 0.01 0.01 0.01 0.01 0.01 0.01 0.01 0.01 0.01 0.01 0.01 0.01 0.01 0.01 0.01 0.01 0.01 0.01 0.01 0.01 0.01 0.01 0.01 0.01 0.01 0.01 0.01 0.01 0.01 0.01 0.01 0.01 0.01 0.01 0.01 0.01 0.01 0.01 0.01 0.01 0.01 0.01 0.01 0.01 0.01 0.01 
0.02 0.02 0.02 0.02 0.02 0.02 0.02 0.02 0.02 0.02 0.02 0.02 0.02 0.02 0.02 0.02 0.02 0.02 0.02 0.02 0.02 0.02 0.02 0.02 0.02 0.02 0.02 0.02 0.02 0.02 0.02 0.02 0.02 0.02 0.02 0.02 0.02 0.02 0.02 0.02 0.02 0.02 0.02 0.02 0.02 0.02 0.02 0.02 
0.03 0.03 0.03 0.03 0.03 0.03 0.03 0.03 0.03 0.03 0.03 0.03 0.03 0.03 0.03 0.03 0.03 0.03 0.03 0.03 0.03 0.03 0.03 0.03 0.03 0.03 0.03 0.03 0.03 0.03 0.03 0.03 0.03 0.03 0.03 0.03 0.03 0.03 0.03 0.03 0.03 0.03 0.03 0.03 0.03 0.03 0.03 0.03 
0.04 0.04 0.04 0.04 0.04 0.04 0.04 0.04 0.04 0.04 0.04 0.04 0.04 0.04 0.04 0.04 0.04 0.04 0.04 0.04 0.04 0.04 0.04 0.04 0.04 0.04 0.04 0.04 0.04 0.04 0.04 0.04 0.04 0.04 0.04 0.04 0.04 0.04 0.04 0.04 0.04 0.04 0.04 0.04 0.04 0.04 0.04 0.04 
0.05 0.05 0.05 0.05 0.05 0.05 0.05 0.05 0.05 0.05 0.05 0.05 0.05 0.05 0.05 0.05 0.05 0.05 0.05 0.05 0.05 0.05 0.05 0.05 0.05 0.05 0.05 0.05 0.05 0.05 0.05 0.05 0.05 0.05 0.05 0.05 0.05 0.05 0.05 0.05 0.05 0.05 0.05 0.05 0.05 0.05 0.05 0.05 
0.06 0.06 0.06 0.06 0.06 0.06 0.06 0.06 0.06 0.06 0.06 0.06 0.06 0.06 0.06 0.06 0.06 0.06 0.06 0.06 0.06 0.06 0.06 0.06 0.06 0.06 0.06 0.06 0.06 0.06 0.06 0.06 0.06 0.06 0.06 0.06 0.06 0.06 0.06 0.06 0.06 0.06 0.06 0.06 0.06 0.06 0.06 0.06 
0.07 0.07 0.07 0.07 0.07 0.07 0.07 0.07 0.07 0.07 0.07 0.07 0.07 0.07 0.07 0.07 0.07 0.07 0.07 0.07 0.07 0.07 0.07 0.07 0.07 0.07 0.07 0.07 0.07 0.07 0.07 0.07 0.07 0.07 0.07 0.07 0.07 0.07 0.07 0.07 0.07 0.07 0.07 0.07 0.07 0.07 0.07 0.07 
0.2 0.2 0.2 0.2 0.2 0.2 0.2 0.2 0.2 0.2 0.2 0.2 0.2 0.2 0.2 0.2 0.2 0.2 0.2 0.2 0.2 0.2 0.2 0.2 0.2 0.2 0.2 0.2 0.2 0.2 0.2 0.2 0.2 0.2 0.2 0.2 0.2 0.2 0.2 0.2 0.2 0.2 0.2 0.2 0.2 0.2 0.2 0.2 
0.4 0.4 0.4 0.4 0.4 0.4 0.4 0.4 0.4 0.4 0.4 0.4 0.4 0.4 0.4 0.4 0.4 0.4 0.4 0.4 0.4 0.4 0.4 0.4 0.4 0.4 0.4 0.4 0.4 0.4 0.4 0.4 0.4 0.4 0.4 0.4 0.4 0.4 0.4 0.4 0.4 0.4 0.4 0.4 0.4 0.4 0.4 0.4 
0.6 0.6 0.6 0.6 0.6 0.6 0.6 0.6 0.6 0.6 0.6 0.6 0.6 0.6 0.6 0.6 0.6 0.6 0.6 0.6 0.6 0.6 0.6 0.6 0.6 0.6 0.6 0.6 0.6 0.6 0.6 0.6 0.6 0.6 0.6 0.6 0.6 0.6 0.6 0.6 0.6 0.6 0.6 0.6 0.6 0.6 0.6 0.6 
0.8 0.8 0.8 0.8 0.8 0.8 0.8 0.8 0.8 0.8 0.8 0.8 0.8 0.8 0.8 0.8 0.8 0.8 0.8 0.8 0.8 0.8 0.8 0.8 0.8 0.8 0.8 0.8 0.8 0.8 0.8 0.8 0.8 0.8 0.8 0.8 0.8 0.8 0.8 0.8 0.8 0.8 0.8 0.8 0.8 0.8 0.8 0.8 
1 1 1 1 1 1 1 1 1 1 1 1 1 1 1 1 1 1 1 1 1 1 1 1 1 1 1 1 1 1 1 1 1 1 1 1 1 1 1 1 1 1 1 1 1 1 1 1 
