12 24 3 10
16 2 8 4 3 3 11 20 8 10 9 5 12 14 10 2 7 3 1 2 5 4 16 19 
7.58 6.76 5.77 1.97 3.16 3.32 7.41 6.04 7.12 2.87 7.82 1.3 7.95 1.85 5.28 0.2 7.9 7.75 3.55 0.92 4.5 3.44 5.24 1.67 
5.85 6.96 7.21 3.06 2.6 6.65 2.2 7.53 7.96 3.29 1.82 0.33 5.86 2.28 1.39 7.56 2.21 5.94 6.53 6.28 6.87 7.38 0.95 6.73 
1.94 3.56 5.22 6.32 6.68 0.6 6.67 1.15 6.24 1.39 5.16 6.83 1.01 4.47 2.34 1.83 7.44 1.43 5.81 6 6.9 2.03 2.18 2.98 
4 4 4 4 4 4 4 4 4 4 4 4 4 4 4 4 4 4 4 4 4 4 4 4 
2.27 1.86 5.77 2.9 6.38 1.09 1.53 7.39 1.93 1.46 6.59 4.04 5.54 3.36 3.91 2.63 4.77 0.49 2.93 3.33 4.47 1.71 2.49 2.36 
2.72 4.83 2.38 6.98 4.06 1.86 1.5 5.81 1.72 1.13 1.3 4.52 1.67 6.56 5.02 7.96 2.45 4.43 6.7 7.66 6.74 4.53 2.99 2.76 
7.22 4.14 1.32 0.4 3.17 2.89 3.25 4.73 7.4 7.73 3.25 4.05 7.62 6.54 5.77 3.4 2.2 3.83 5.35 4.28 1.77 5.4 7.03 5.88 
4.49 0.41 6.84 7.86 0.43 2.1 2.82 4.99 5.87 5.96 4.87 2.39 3.81 5.55 4.31 1.44 6.55 5.99 1.27 1.18 6 2.05 1.23 7.14 
4.55 0.07 0.21 4.36 6.38 2.57 3 3.14 4.62 6.41 6.7 6.66 0.32 6.91 2.55 5.47 5.07 0.6 3.19 0.07 1.58 2.3 6.56 3.31 
6.65 4.69 6.85 4.92 7.8 4.97 4.34 0.06 3.24 1.71 4.09 1.52 3.27 5.2 4.82 0.68 3.16 4.66 4.35 1.38 0.2 2.75 0.33 6.84 
0.25 1.92 0.02 5.34 3.96 7.17 1.01 2.91 6.85 7.79 6.64 3.07 6.64 5.41 0.7 1.77 1.64 4.62 2.26 4.58 0.2 7.46 4.99 5.94 
2.22 6.05 1.72 4.55 2.89 0.26 4.13 7.81 0.67 5.38 4.97 0.28 3.37 7.44 0.28 6.92 7.1 0.23 4.29 3.55 1.48 0.51 7.36 1.56 
1 1 1 1 1 1 1 1 1 1 1 1 1 1 1 1 1 1 1 1 1 1 1 1 
1 1 1 1 1 1 1 1 1 1 1 1 1 1 1 1 1 1 1 1 1 1 1 1 
1 1 1 1 1 1 1 1 1 1 1 1 1 1 1 1 1 1 1 1 1 1 1 1 
1 1 1 1 1 1 1 1 1 1 1 1 1 1 1 1 1 1 1 1 1 1 1 1 
1 1 1 1 1 1 1 1 1 1 1 1 1 1 1 1 1 1 1 1 1 1 1 1 
1 1 1 1 1 1 1 1 1 1 1 1 1 1 1 1 1 1 1 1 1 1 1 1 
1 1 1 1 1 1 1 1 1 1 1 1 1 1 1 1 1 1 1 1 1 1 1 1 
1 1 1 1 1 1 1 1 1 1 1 1 1 1 1 1 1 1 1 1 1 1 1 1 
1 1 1 1 1 1 1 1 1 1 1 1 1 1 1 1 1 1 1 1 1 1 1 1 
1 1 1 1 1 1 1 1 1 1 1 1 1 1 1 1 1 1 1 1 1 1 1 1 
1 1 1 1 1 1 1 1 1 1 1 1 1 1 1 1 1 1 1 1 1 1 1 1 
1 1 1 1 1 1 1 1 1 1 1 1 1 1 1 1 1 1 1 1 1 1 1 1 
0.01 0.01 0.01 0.01 0.01 0.01 0.01 0.01 0.01 0.01 0.01 0.01 0.01 0.01 0.01 0.01 0.01 0.01 0.01 0.01 0.01 0.01 0.01 0.01 
0.02 0.02 0.02 0.02 0.02 0.02 0.02 0.02 0.02 0.02 0.02 0.02 0.02 0.02 0.02 0.02 0.02 0.02 0.02 0.02 0.02 0.02 0.02 0.02 
0.03 0.03 0.03 0.03 0.03 0.03 0.03 0.03 0.03 0.03 0.03 0.03 0.03 0.03 0.03 0.03 0.03 0.03 0.03 0.03 0.03 0.03 0.03 0.03 
0.04 0.04 0.04 0.04 0.04 0.04 0.04 0.04 0.04 0.04 0.04 0.04 0.04 0.04 0.04 0.04 0.04 0.04 0.04 0.04 0.04 0.04 0.04 0.04 
0.125 0.125 0.125 0.125 0.125 0.125 0.125 0.125 0.125 0.125 0.125 0.125 0.125 0.125 0.125 0.125 0.125 0.125 0.125 0.125 0.125 0.125 0.125 0.125 
0.25 0.25 0.25 0.25 0.25 0.25 0.25 0.25 0.25 0.25 0.25 0.25 0.25 0.25 0.25 0.25 0.25 0.25 0.25 0.25 0.25 0.25 0.25 0.25 
0.375 0.375 0.375 0.375 0.375 0.375 0.375 0.375 0.375 0.375 0.375 0.375 0.375 0.375 0.375 0.375 0.375 0.375 0.375 0.375 0.375 0.375 0.375 0.375 
0.5 0.5 0.5 0.5 0.5 0.5 0.5 0.5 0.5 0.5 0.5 0.5 0.5 0.5 0.5 0.5 0.5 0.5 0.5 0.5 0.5 0.5 0.5 0.5 
0.625 0.625 0.625 0.625 0.625 0.625 0.625 0.625 0.625 0.625 0.625 0.625 0.625 0.625 0.625 0.625 0.625 0.625 0.625 0.625 0.625 0.625 0.625 0.625 
0.75 0.75 0.75 0.75 0.75 0.75 0.75 0.75 0.75 0.75 0.75 0.75 0.75 0.75 0.75 0.75 0.75 0.75 0.75 0.75 0.75 0.75 0.75 0.75 
0.875 0.875 0.875 0.875 0.875 0.875 0.875 0.875 0.875 0.875 0.875 0.875 0.875 0.875 0.875 0.875 0.875 0.875 0.875 0.875 0.875 0.875 0.875 0.875 
1 1 1 1 1 1 1 1 1 1 1 1 1 1 1 1 1 1 1 1 1 1 1 1 
