12 24 3 10
3 19 10 8 16 18 1 12 7 14 3 7 5 4 10 7 14 16 5 14 1 5 8 16 
6.66 2.79 3.68 4.46 6.29 6.57 3.88 1.36 1.47 1.22 6.84 0.48 6.81 2.06 6.19 0.64 5.97 5.25 0.63 2.03 3.49 7.79 2.05 1.79 
3.54 5.23 5.35 5.42 7.66 0.89 4.89 6.57 2.65 7.65 6.57 6.04 7.08 3.08 7.87 3.89 1.29 0.71 4.05 1 7.48 1.41 4.9 0.15 
0.29 5.08 5.47 2.78 7.11 1 5.79 5.66 6.92 6.44 7.4 0.06 0.33 7.22 0.77 2.77 2.9 5.86 7.52 3.98 4.13 1.87 6.24 5.53 
4 4 4 4 4 4 4 4 4 4 4 4 4 4 4 4 4 4 4 4 4 4 4 4 
3.89 5.2 6.38 0.79 7.98 5.82 0.78 4.87 5.33 7.63 5.98 0.07 1.25 4.81 5.26 0.32 5.47 0.64 6.01 5.6 5.29 6.29 4.54 2.59 
0.87 3.31 3.36 4.75 0.69 1.41 4 1.33 7.36 4.6 2.99 2.23 4.46 7.04 3.05 5.5 5.8 5.3 4.7 1.5 1.01 6.19 5.39 7.48 
6.1 6.87 4.68 4.91 6.68 7.14 5.43 7.67 5.03 7.33 4.8 0.02 5.04 4.15 2.69 7.1 7.55 2.82 3.03 6.39 2.86 7.98 2.57 4 
0.14 5.52 3.96 3.35 5.54 5.31 2.85 4.77 6.67 6.23 0.22 4.71 0.01 2.35 4.29 0.48 3.21 4.51 1.23 7.56 5.26 0.74 5.26 1.5 
2.1 5.64 0.18 7.59 0.78 0.8 4.11 3.71 3.81 0.77 5.25 1.98 1.29 7.27 2.19 5.59 4.17 4.69 4.68 4.68 6.5 5.28 0.73 2.18 
7.23 3.53 6.65 3.61 1.88 2.04 1.68 4.15 0.61 0.11 0.66 4.39 1.16 7.43 5.04 2.49 4.34 4.39 3.92 3.06 1.67 7.99 4.9 5.78 
7.37 2.48 4.45 6.27 7.75 2.41 5.55 5.1 2.71 6.95 1.82 7.6 0.64 4.31 5.25 4.8 7.72 3.14 2.94 0.56 0.16 2.26 0.13 5.43 
4.08 2.89 6.7 1.51 2.69 2.29 6.48 2.17 5 3.97 7.2 7.59 5.47 5.47 5.53 4.11 1.98 3.46 5.45 5.47 1.04 2.29 2.61 2.97 
1 1 1 1 1 1 1 1 1 1 1 1 1 1 1 1 1 1 1 1 1 1 1 1 
1 1 1 1 1 1 1 1 1 1 1 1 1 1 1 1 1 1 1 1 1 1 1 1 
1 1 1 1 1 1 1 1 1 1 1 1 1 1 1 1 1 1 1 1 1 1 1 1 
1 1 1 1 1 1 1 1 1 1 1 1 1 1 1 1 1 1 1 1 1 1 1 1 
1 1 1 1 1 1 1 1 1 1 1 1 1 1 1 1 1 1 1 1 1 1 1 1 
1 1 1 1 1 1 1 1 1 1 1 1 1 1 1 1 1 1 1 1 1 1 1 1 
1 1 1 1 1 1 1 1 1 1 1 1 1 1 1 1 1 1 1 1 1 1 1 1 
1 1 1 1 1 1 1 1 1 1 1 1 1 1 1 1 1 1 1 1 1 1 1 1 
1 1 1 1 1 1 1 1 1 1 1 1 1 1 1 1 1 1 1 1 1 1 1 1 
1 1 1 1 1 1 1 1 1 1 1 1 1 1 1 1 1 1 1 1 1 1 1 1 
1 1 1 1 1 1 1 1 1 1 1 1 1 1 1 1 1 1 1 1 1 1 1 1 
1 1 1 1 1 1 1 1 1 1 1 1 1 1 1 1 1 1 1 1 1 1 1 1 
0.01 0.01 0.01 0.01 0.01 0.01 0.01 0.01 0.01 0.01 0.01 0.01 0.01 0.01 0.01 0.01 0.01 0.01 0.01 0.01 0.01 0.01 0.01 0.01 
0.02 0.02 0.02 0.02 0.02 0.02 0.02 0.02 0.02 0.02 0.02 0.02 0.02 0.02 0.02 0.02 0.02 0.02 0.02 0.02 0.02 0.02 0.02 0.02 
0.03 0.03 0.03 0.03 0.03 0.03 0.03 0.03 0.03 0.03 0.03 0.03 0.03 0.03 0.03 0.03 0.03 0.03 0.03 0.03 0.03 0.03 0.03 0.03 
0.04 0.04 0.04 0.04 0.04 0.04 0.04 0.04 0.04 0.04 0.04 0.04 0.04 0.04 0.04 0.04 0.04 0.04 0.04 0.04 0.04 0.04 0.04 0.04 
0.125 0.125 0.125 0.125 0.125 0.125 0.125 0.125 0.125 0.125 0.125 0.125 0.125 0.125 0.125 0.125 0.125 0.125 0.125 0.125 0.125 0.125 0.125 0.125 
0.25 0.25 0.25 0.25 0.25 0.25 0.25 0.25 0.25 0.25 0.25 0.25 0.25 0.25 0.25 0.25 0.25 0.25 0.25 0.25 0.25 0.25 0.25 0.25 
0.375 0.375 0.375 0.375 0.375 0.375 0.375 0.375 0.375 0.375 0.375 0.375 0.375 0.375 0.375 0.375 0.375 0.375 0.375 0.375 0.375 0.375 0.375 0.375 
0.5 0.5 0.5 0.5 0.5 0.5 0.5 0.5 0.5 0.5 0.5 0.5 0.5 0.5 0.5 0.5 0.5 0.5 0.5 0.5 0.5 0.5 0.5 0.5 
0.625 0.625 0.625 0.625 0.625 0.625 0.625 0.625 0.625 0.625 0.625 0.625 0.625 0.625 0.625 0.625 0.625 0.625 0.625 0.625 0.625 0.625 0.625 0.625 
0.75 0.75 0.75 0.75 0.75 0.75 0.75 0.75 0.75 0.75 0.75 0.75 0.75 0.75 0.75 0.75 0.75 0.75 0.75 0.75 0.75 0.75 0.75 0.75 
0.875 0.875 0.875 0.875 0.875 0.875 0.875 0.875 0.875 0.875 0.875 0.875 0.875 0.875 0.875 0.875 0.875 0.875 0.875 0.875 0.875 0.875 0.875 0.875 
1 1 1 1 1 1 1 1 1 1 1 1 1 1 1 1 1 1 1 1 1 1 1 1 
