12 40 3 10
9 6 20 5 10 18 1 14 10 15 11 14 8 17 20 18 2 20 15 1 9 1 20 16 5 19 5 9 3 12 3 14 8 5 10 3 7 3 19 15 
6.51 5.31 6.84 0.73 0.55 0.75 4.03 6.67 2.59 7.25 7.8 5.35 3.48 3.73 6.52 5.26 6.31 2 5.62 3.47 1.35 1.4 1.49 7.52 5.63 0.76 1.24 4.34 7.61 5.52 0.83 4.66 2.38 6.5 4.8 6.61 5.12 1.72 3.89 0.58 
2.16 2.51 4.52 5.71 5.35 1.69 5.57 3.4 7.09 3.28 7.09 1.59 0.72 5.99 5.67 7.17 2.37 3.96 4.58 2.21 0.72 5.96 5.31 7.3 4.81 6.85 0.42 5.3 1.67 0.12 5.21 6.25 7.69 4.87 0.6 3.04 6.26 4.27 7.29 7.81 
5.31 0.26 3.68 4.69 2.76 1.67 0.26 7.07 5.01 0.69 6.8 2.2 6.08 3.29 3.78 7.89 0.86 4.65 4.16 7.87 4.27 6.76 6.77 2.21 5.16 0.22 5.12 3.72 1.27 5.35 4.05 4.82 1.39 1.03 6.38 3.74 6.21 7.96 6.55 6.14 
4 4 4 4 4 4 4 4 4 4 4 4 4 4 4 4 4 4 4 4 4 4 4 4 4 4 4 4 4 4 4 4 4 4 4 4 4 4 4 4 
3.42 4.86 3.31 5.53 2.52 4.62 1.17 7.26 2.98 7.85 4.34 2.21 3 4.7 1.11 0.11 3.63 0.27 1.4 4.86 1.89 7.84 5.31 0.64 6.51 7.35 4.53 4.25 2.27 4.71 5.98 3.77 5.61 5.18 7.62 3.77 7.24 2.87 1.2 6.5 
3.17 6.65 6.66 4.72 7.87 7.56 3.73 4.49 2.7 1.11 7.52 7.92 7.74 6.73 6.22 4.99 3.53 5.39 1.56 0.69 7.83 7.41 2.22 3.9 6.19 1.07 4.89 6.46 4.63 5.53 1.99 0.03 0.12 6.94 1.03 5.96 0.19 3.38 1.89 2.85 
3.28 3.49 7.8 7.46 6.51 6.31 5.88 2.41 3.86 1.02 6.53 0.27 7.71 5.47 4.46 0.64 4.14 7.58 0.28 5.82 1.59 6.69 6.08 6.44 5.16 4.55 1.23 3 1.85 6.95 6.66 1.87 7.15 2.25 1.58 2.61 4.87 3.78 1.77 3.55 
3.28 5.06 5.74 2.15 5.51 7.75 4.32 6.06 3.81 6.8 7.4 4.03 7.79 6.96 5.59 5.8 7.28 2.39 5.07 0.09 1.05 6.7 5.54 0.72 6.89 0.29 7.2 4.99 3.91 3.48 5.84 0.56 6.46 2.51 5.05 3.28 7.04 4.93 6.71 5.74 
7.8 1.49 3.52 2.7 2.22 0.92 5.45 5.04 7.28 1.77 6.09 1.47 2.99 6.93 7.62 1.13 1.73 6.7 6.82 5.64 5.83 4.65 4.12 0.99 2.05 6.84 7.23 4.06 7.44 0.1 7.95 3.86 6.93 3.59 0.34 1.15 5.52 2.84 7.61 4.09 
3.52 3.82 0.39 4.94 3.07 7.42 6.9 3.24 2.33 1.39 3.89 3.08 3.44 0.62 7.69 0.52 4.95 5.4 0.43 2.33 1.15 4.75 3.19 1.56 7.36 0.95 1.02 5.71 3.88 4.81 2.76 7.17 6.15 2.89 6.14 3.52 6.73 6.72 3.54 3.75 
6.19 5.02 7.74 5.92 6.14 0.4 7.81 5.67 6.3 3.75 3.14 6.57 6.34 4.74 1.95 6.7 0.33 7.81 1.8 5.7 1.33 6.96 0.07 0.73 0.46 3.82 3.54 6.99 3.55 5.37 1.04 6.07 2.6 0.87 6.73 4.18 4.97 4.14 4.18 4.73 
4.89 5.64 6.34 4.31 3.11 4.51 5.13 6.93 4.98 0.2 7.13 1.75 1.62 1.45 5.12 4.28 3.08 3.82 3.98 4.83 5.69 1.5 5.51 7.14 5.07 5.23 5.96 5.37 3.35 0.46 6.64 0.31 0.21 6.45 5.94 4.18 7.82 1.42 4.82 4.29 
1 1 1 1 1 1 1 1 1 1 1 1 1 1 1 1 1 1 1 1 1 1 1 1 1 1 1 1 1 1 1 1 1 1 1 1 1 1 1 1 
1 1 1 1 1 1 1 1 1 1 1 1 1 1 1 1 1 1 1 1 1 1 1 1 1 1 1 1 1 1 1 1 1 1 1 1 1 1 1 1 
1 1 1 1 1 1 1 1 1 1 1 1 1 1 1 1 1 1 1 1 1 1 1 1 1 1 1 1 1 1 1 1 1 1 1 1 1 1 1 1 
1 1 1 1 1 1 1 1 1 1 1 1 1 1 1 1 1 1 1 1 1 1 1 1 1 1 1 1 1 1 1 1 1 1 1 1 1 1 1 1 
1 1 1 1 1 1 1 1 1 1 1 1 1 1 1 1 1 1 1 1 1 1 1 1 1 1 1 1 1 1 1 1 1 1 1 1 1 1 1 1 
1 1 1 1 1 1 1 1 1 1 1 1 1 1 1 1 1 1 1 1 1 1 1 1 1 1 1 1 1 1 1 1 1 1 1 1 1 1 1 1 
1 1 1 1 1 1 1 1 1 1 1 1 1 1 1 1 1 1 1 1 1 1 1 1 1 1 1 1 1 1 1 1 1 1 1 1 1 1 1 1 
1 1 1 1 1 1 1 1 1 1 1 1 1 1 1 1 1 1 1 1 1 1 1 1 1 1 1 1 1 1 1 1 1 1 1 1 1 1 1 1 
1 1 1 1 1 1 1 1 1 1 1 1 1 1 1 1 1 1 1 1 1 1 1 1 1 1 1 1 1 1 1 1 1 1 1 1 1 1 1 1 
1 1 1 1 1 1 1 1 1 1 1 1 1 1 1 1 1 1 1 1 1 1 1 1 1 1 1 1 1 1 1 1 1 1 1 1 1 1 1 1 
1 1 1 1 1 1 1 1 1 1 1 1 1 1 1 1 1 1 1 1 1 1 1 1 1 1 1 1 1 1 1 1 1 1 1 1 1 1 1 1 
1 1 1 1 1 1 1 1 1 1 1 1 1 1 1 1 1 1 1 1 1 1 1 1 1 1 1 1 1 1 1 1 1 1 1 1 1 1 1 1 
0.01 0.01 0.01 0.01 0.01 0.01 0.01 0.01 0.01 0.01 0.01 0.01 0.01 0.01 0.01 0.01 0.01 0.01 0.01 0.01 0.01 0.01 0.01 0.01 0.01 0.01 0.01 0.01 0.01 0.01 0.01 0.01 0.01 0.01 0.01 0.01 0.01 0.01 0.01 0.01 
0.02 0.02 0.02 0.02 0.02 0.02 0.02 0.02 0.02 0.02 0.02 0.02 0.02 0.02 0.02 0.02 0.02 0.02 0.02 0.02 0.02 0.02 0.02 0.02 0.02 0.02 0.02 0.02 0.02 0.02 0.02 0.02 0.02 0.02 0.02 0.02 0.02 0.02 0.02 0.02 
0.03 0.03 0.03 0.03 0.03 0.03 0.03 0.03 0.03 0.03 0.03 0.03 0.03 0.03 0.03 0.03 0.03 0.03 0.03 0.03 0.03 0.03 0.03 0.03 0.03 0.03 0.03 0.03 0.03 0.03 0.03 0.03 0.03 0.03 0.03 0.03 0.03 0.03 0.03 0.03 
0.04 0.04 0.04 0.04 0.04 0.04 0.04 0.04 0.04 0.04 0.04 0.04 0.04 0.04 0.04 0.04 0.04 0.04 0.04 0.04 0.04 0.04 0.04 0.04 0.04 0.04 0.04 0.04 0.04 0.04 0.04 0.04 0.04 0.04 0.04 0.04 0.04 0.04 0.04 0.04 
0.125 0.125 0.125 0.125 0.125 0.125 0.125 0.125 0.125 0.125 0.125 0.125 0.125 0.125 0.125 0.125 0.125 0.125 0.125 0.125 0.125 0.125 0.125 0.125 0.125 0.125 0.125 0.125 0.125 0.125 0.125 0.125 0.125 0.125 0.125 0.125 0.125 0.125 0.125 0.125 
0.25 0.25 0.25 0.25 0.25 0.25 0.25 0.25 0.25 0.25 0.25 0.25 0.25 0.25 0.25 0.25 0.25 0.25 0.25 0.25 0.25 0.25 0.25 0.25 0.25 0.25 0.25 0.25 0.25 0.25 0.25 0.25 0.25 0.25 0.25 0.25 0.25 0.25 0.25 0.25 
0.375 0.375 0.375 0.375 0.375 0.375 0.375 0.375 0.375 0.375 0.375 0.375 0.375 0.375 0.375 0.375 0.375 0.375 0.375 0.375 0.375 0.375 0.375 0.375 0.375 0.375 0.375 0.375 0.375 0.375 0.375 0.375 0.375 0.375 0.375 0.375 0.375 0.375 0.375 0.375 
0.5 0.5 0.5 0.5 0.5 0.5 0.5 0.5 0.5 0.5 0.5 0.5 0.5 0.5 0.5 0.5 0.5 0.5 0.5 0.5 0.5 0.5 0.5 0.5 0.5 0.5 0.5 0.5 0.5 0.5 0.5 0.5 0.5 0.5 0.5 0.5 0.5 0.5 0.5 0.5 
0.625 0.625 0.625 0.625 0.625 0.625 0.625 0.625 0.625 0.625 0.625 0.625 0.625 0.625 0.625 0.625 0.625 0.625 0.625 0.625 0.625 0.625 0.625 0.625 0.625 0.625 0.625 0.625 0.625 0.625 0.625 0.625 0.625 0.625 0.625 0.625 0.625 0.625 0.625 0.625 
0.75 0.75 0.75 0.75 0.75 0.75 0.75 0.75 0.75 0.75 0.75 0.75 0.75 0.75 0.75 0.75 0.75 0.75 0.75 0.75 0.75 0.75 0.75 0.75 0.75 0.75 0.75 0.75 0.75 0.75 0.75 0.75 0.75 0.75 0.75 0.75 0.75 0.75 0.75 0.75 
0.875 0.875 0.875 0.875 0.875 0.875 0.875 0.875 0.875 0.875 0.875 0.875 0.875 0.875 0.875 0.875 0.875 0.875 0.875 0.875 0.875 0.875 0.875 0.875 0.875 0.875 0.875 0.875 0.875 0.875 0.875 0.875 0.875 0.875 0.875 0.875 0.875 0.875 0.875 0.875 
1 1 1 1 1 1 1 1 1 1 1 1 1 1 1 1 1 1 1 1 1 1 1 1 1 1 1 1 1 1 1 1 1 1 1 1 1 1 1 1 
