6 40 2 10
6 10 5 19 16 9 4 7 9 12 7 3 14 2 4 12 2 11 15 12 3 17 9 10 13 6 6 18 9 14 2 9 20 18 1 3 6 19 8 16 
4.4 4.77 1.77 3.09 3.81 5.51 5.62 6.49 3.5 3.38 6.27 0.39 1.03 0.98 0.1 2.54 7.33 4.12 2.14 6.65 3.54 2.28 1.22 0.29 5.85 4.73 0.95 5.26 0.36 6.22 0.13 3.73 5.17 7.24 7.93 2.59 4.36 3.52 3.14 5.03 
4.67 1.95 7.27 3.9 0.75 3.18 6.1 1.3 0.69 2.25 0.02 7.52 5.3 1.42 0.39 3.7 2.99 7.45 2.48 7.13 5.17 7.47 3.65 2.13 5.51 1.22 3.59 5.69 3.85 4.82 3.96 1.78 3.59 3.69 0.11 5.65 3.3 7.83 5.27 6.36 
4 4 4 4 4 4 4 4 4 4 4 4 4 4 4 4 4 4 4 4 4 4 4 4 4 4 4 4 4 4 4 4 4 4 4 4 4 4 4 4 
1.1 4.72 4.97 0.72 7.25 7.52 5.85 5.56 5.61 4.15 2.04 0.12 7.53 7.55 0 4.62 1.16 5.27 5.2 1.4 2.21 0.19 6.05 1.87 1.38 0.51 6.27 6.59 5.86 2.45 2.57 1.94 4.68 5.4 5.29 3 0.31 3.14 7.35 7.68 
7.97 2.5 4.77 2.23 2.06 5.42 6.92 6.61 4.07 3.17 5.26 2.59 7.93 4.14 1.43 2.22 1.18 7.64 5.81 2.42 4.83 5.86 1.53 1.63 0.02 6.32 5.1 6.07 1.67 1.18 5.45 7.07 3.61 2.09 0.31 2.56 1.28 1.19 4.09 3.35 
3.31 4.66 2.31 4.6 7.44 7.38 5.17 0.68 5.78 4.77 3.47 6.73 3.11 4.04 1.88 3.85 6.46 2.3 0.86 4.67 0.81 6.33 4.7 7.76 7.25 2.11 1.25 7.59 2.56 5.27 3.19 6.52 1.61 3.57 5.82 3.2 7.26 4.97 3.76 4.08 
1 1 1 1 1 1 1 1 1 1 1 1 1 1 1 1 1 1 1 1 1 1 1 1 1 1 1 1 1 1 1 1 1 1 1 1 1 1 1 1 
1 1 1 1 1 1 1 1 1 1 1 1 1 1 1 1 1 1 1 1 1 1 1 1 1 1 1 1 1 1 1 1 1 1 1 1 1 1 1 1 
1 1 1 1 1 1 1 1 1 1 1 1 1 1 1 1 1 1 1 1 1 1 1 1 1 1 1 1 1 1 1 1 1 1 1 1 1 1 1 1 
1 1 1 1 1 1 1 1 1 1 1 1 1 1 1 1 1 1 1 1 1 1 1 1 1 1 1 1 1 1 1 1 1 1 1 1 1 1 1 1 
1 1 1 1 1 1 1 1 1 1 1 1 1 1 1 1 1 1 1 1 1 1 1 1 1 1 1 1 1 1 1 1 1 1 1 1 1 1 1 1 
1 1 1 1 1 1 1 1 1 1 1 1 1 1 1 1 1 1 1 1 1 1 1 1 1 1 1 1 1 1 1 1 1 1 1 1 1 1 1 1 
0.01 0.01 0.01 0.01 0.01 0.01 0.01 0.01 0.01 0.01 0.01 0.01 0.01 0.01 0.01 0.01 0.01 0.01 0.01 0.01 0.01 0.01 0.01 0.01 0.01 0.01 0.01 0.01 0.01 0.01 0.01 0.01 0.01 0.01 0.01 0.01 0.01 0.01 0.01 0.01 
0.02 0.02 0.02 0.02 0.02 0.02 0.02 0.02 0.02 0.02 0.02 0.02 0.02 0.02 0.02 0.02 0.02 0.02 0.02 0.02 0.02 0.02 0.02 0.02 0.02 0.02 0.02 0.02 0.02 0.02 0.02 0.02 0.02 0.02 0.02 0.02 0.02 0.02 0.02 0.02 
0.03 0.03 0.03 0.03 0.03 0.03 0.03 0.03 0.03 0.03 0.03 0.03 0.03 0.03 0.03 0.03 0.03 0.03 0.03 0.03 0.03 0.03 0.03 0.03 0.03 0.03 0.03 0.03 0.03 0.03 0.03 0.03 0.03 0.03 0.03 0.03 0.03 0.03 0.03 0.03 
0.333333 0.333333 0.333333 0.333333 0.333333 0.333333 0.333333 0.333333 0.333333 0.333333 0.333333 0.333333 0.333333 0.333333 0.333333 0.333333 0.333333 0.333333 0.333333 0.333333 0.333333 0.333333 0.333333 0.333333 0.333333 0.333333 0.333333 0.333333 0.333333 0.333333 0.333333 0.333333 0.333333 0.333333 0.333333 0.333333 0.333333 0.333333 0.333333 0.333333 
0.666667 0.666667 0.666667 0.666667 0.666667 0.666667 0.666667 0.666667 0.666667 0.666667 0.666667 0.666667 0.666667 0.666667 0.666667 0.666667 0.666667 0.666667 0.666667 0.666667 0.666667 0.666667 0.666667 0.666667 0.666667 0.666667 0.666667 0.666667 0.666667 0.666667 0.666667 0.666667 0.666667 0.666667 0.666667 0.666667 0.666667 0.666667 0.666667 0.666667 
1 1 1 1 1 1 1 1 1 1 1 1 1 1 1 1 1 1 1 1 1 1 1 1 1 1 1 1 1 1 1 1 1 1 1 1 1 1 1 1 
