6 48 2 10
2 18 1 10 13 10 1 13 19 2 2 5 9 3 7 1 16 3 7 16 17 11 20 14 6 4 2 13 10 15 9 10 4 10 4 13 18 10 1 18 5 12 10 14 13 12 20 3 
0.74 2.6 1.92 5.9 4.2 0.08 4.61 5.17 6.01 6.52 1.16 0.74 0.89 1.58 7.59 5.38 0.35 7.49 3.42 2.92 7.51 0.92 3.01 4.66 6.73 4.03 4.77 5.43 4.04 1.75 2.01 1.14 6.38 4.04 0.08 4.47 2.85 2.37 4.7 0.78 5.47 6.35 2.54 1.08 7.89 2.39 1.75 2.15 
6.86 2.73 2.23 4.53 5.25 2.69 0.4 3.18 1.04 5.75 7.9 7.25 0.27 6.79 3 6.53 0.66 1.57 3.85 1.72 6.26 7.74 1.75 1.34 6.98 7.27 2.74 7.76 5.16 5 3.06 2.23 4.44 5.09 3.38 7.71 6.76 0.49 1.23 2.69 1.5 3.04 3.42 0.17 6.82 3.62 2.43 1.92 
4 4 4 4 4 4 4 4 4 4 4 4 4 4 4 4 4 4 4 4 4 4 4 4 4 4 4 4 4 4 4 4 4 4 4 4 4 4 4 4 4 4 4 4 4 4 4 4 
6.16 2.12 3.77 1.42 1.12 0.51 1.54 5.6 7.89 2.67 6.37 6.74 3.59 6.43 6.87 3.12 7.97 4.7 7.65 6.06 7.14 0.58 4.51 5.95 0.61 4.21 7.44 2.22 0.2 2.45 7.99 1.62 4.93 3.31 4.56 3.87 0.69 8 0.34 2.19 7.86 1.49 1.43 7.93 1.25 0.99 5.84 4.44 
3.36 6.74 1.58 4.47 5.06 2.07 3.26 3.05 7.45 1.52 0.43 2.47 0.37 0.64 2.93 4.37 6.56 2.05 0.88 3.17 7.84 2.14 0.59 2.62 6.52 1.35 7.5 0.74 5.78 0.48 2.06 7.77 2.06 3.44 2.94 1.19 1.02 3.98 0.63 0.45 1.98 3.57 7.73 2.1 4.9 4.96 6.56 0.35 
3.91 7.12 5.73 4.23 3.65 7.34 6.11 5.09 2.94 6.12 0.16 0.63 4.41 5.49 2.87 4.42 1.4 4.14 5.28 4.49 0.23 1.28 3.47 7.51 6.25 1.96 7.57 7.82 4.75 5.45 2.35 0.8 1.13 4.96 7.2 4.97 1.47 3.83 2.09 3.17 1.94 3.64 2.05 4.36 5.14 4.31 2.76 0.8 
1 1 1 1 1 1 1 1 1 1 1 1 1 1 1 1 1 1 1 1 1 1 1 1 1 1 1 1 1 1 1 1 1 1 1 1 1 1 1 1 1 1 1 1 1 1 1 1 
1 1 1 1 1 1 1 1 1 1 1 1 1 1 1 1 1 1 1 1 1 1 1 1 1 1 1 1 1 1 1 1 1 1 1 1 1 1 1 1 1 1 1 1 1 1 1 1 
1 1 1 1 1 1 1 1 1 1 1 1 1 1 1 1 1 1 1 1 1 1 1 1 1 1 1 1 1 1 1 1 1 1 1 1 1 1 1 1 1 1 1 1 1 1 1 1 
1 1 1 1 1 1 1 1 1 1 1 1 1 1 1 1 1 1 1 1 1 1 1 1 1 1 1 1 1 1 1 1 1 1 1 1 1 1 1 1 1 1 1 1 1 1 1 1 
1 1 1 1 1 1 1 1 1 1 1 1 1 1 1 1 1 1 1 1 1 1 1 1 1 1 1 1 1 1 1 1 1 1 1 1 1 1 1 1 1 1 1 1 1 1 1 1 
1 1 1 1 1 1 1 1 1 1 1 1 1 1 1 1 1 1 1 1 1 1 1 1 1 1 1 1 1 1 1 1 1 1 1 1 1 1 1 1 1 1 1 1 1 1 1 1 
0.01 0.01 0.01 0.01 0.01 0.01 0.01 0.01 0.01 0.01 0.01 0.01 0.01 0.01 0.01 0.01 0.01 0.01 0.01 0.01 0.01 0.01 0.01 0.01 0.01 0.01 0.01 0.01 0.01 0.01 0.01 0.01 0.01 0.01 0.01 0.01 0.01 0.01 0.01 0.01 0.01 0.01 0.01 0.01 0.01 0.01 0.01 0.01 
0.02 0.02 0.02 0.02 0.02 0.02 0.02 0.02 0.02 0.02 0.02 0.02 0.02 0.02 0.02 0.02 0.02 0.02 0.02 0.02 0.02 0.02 0.02 0.02 0.02 0.02 0.02 0.02 0.02 0.02 0.02 0.02 0.02 0.02 0.02 0.02 0.02 0.02 0.02 0.02 0.02 0.02 0.02 0.02 0.02 0.02 0.02 0.02 
0.03 0.03 0.03 0.03 0.03 0.03 0.03 0.03 0.03 0.03 0.03 0.03 0.03 0.03 0.03 0.03 0.03 0.03 0.03 0.03 0.03 0.03 0.03 0.03 0.03 0.03 0.03 0.03 0.03 0.03 0.03 0.03 0.03 0.03 0.03 0.03 0.03 0.03 0.03 0.03 0.03 0.03 0.03 0.03 0.03 0.03 0.03 0.03 
0.333333 0.333333 0.333333 0.333333 0.333333 0.333333 0.333333 0.333333 0.333333 0.333333 0.333333 0.333333 0.333333 0.333333 0.333333 0.333333 0.333333 0.333333 0.333333 0.333333 0.333333 0.333333 0.333333 0.333333 0.333333 0.333333 0.333333 0.333333 0.333333 0.333333 0.333333 0.333333 0.333333 0.333333 0.333333 0.333333 0.333333 0.333333 0.333333 0.333333 0.333333 0.333333 0.333333 0.333333 0.333333 0.333333 0.333333 0.333333 
0.666667 0.666667 0.666667 0.666667 0.666667 0.666667 0.666667 0.666667 0.666667 0.666667 0.666667 0.666667 0.666667 0.666667 0.666667 0.666667 0.666667 0.666667 0.666667 0.666667 0.666667 0.666667 0.666667 0.666667 0.666667 0.666667 0.666667 0.666667 0.666667 0.666667 0.666667 0.666667 0.666667 0.666667 0.666667 0.666667 0.666667 0.666667 0.666667 0.666667 0.666667 0.666667 0.666667 0.666667 0.666667 0.666667 0.666667 0.666667 
1 1 1 1 1 1 1 1 1 1 1 1 1 1 1 1 1 1 1 1 1 1 1 1 1 1 1 1 1 1 1 1 1 1 1 1 1 1 1 1 1 1 1 1 1 1 1 1 
