12 24 6 10
3 15 18 14 16 16 14 12 4 18 2 19 4 6 3 8 1 4 19 6 16 11 14 8 
2.24 6.47 6.82 6.71 5.26 6.87 6.06 1.19 2.87 2.4 4.72 4.71 4.75 3.63 6.39 1.94 2.37 5.34 4.33 0.7 1.23 4.16 4.6 2.09 
0.58 3.41 0.05 4.83 7.91 0.06 2.29 5.77 0.97 4.19 5.93 6.99 6.6 1.61 3.52 7.13 0.8 5.13 5.57 6.57 4.77 1.87 7.58 6.97 
5.66 2.94 6.32 1.92 0.98 2.33 5.3 2.69 1.8 7.85 7.48 3.71 3.29 7.08 5.34 1.34 4.06 2.25 4.9 6.82 0.12 2.09 2.75 7.62 
5.57 4.15 7.84 5.3 3.15 5.39 0.68 3.58 7.02 4.68 1.71 5.7 2.79 1.24 2.84 5.24 3.57 2.93 6.49 5.59 0.2 7.86 4.91 5.54 
3.55 0.67 7.16 0.03 1.83 4.98 1.46 4.17 6.68 7.61 6.72 4.61 1.44 2 1.59 1.29 2.02 6.26 7.39 7.83 1.82 2.54 1.15 5.52 
0.06 3.29 7.47 5.52 5.14 3.32 2.88 3.99 2.25 2.68 5.15 0.7 2.38 6.21 1.77 4.11 4.67 7.46 1 6.54 2.35 5.4 0.59 7.67 
4 4 4 4 4 4 4 4 4 4 4 4 4 4 4 4 4 4 4 4 4 4 4 4 
2.53 0.55 2.39 1.35 4.04 4.29 0.57 2.04 5.89 3.97 7.21 5.82 7.21 5.63 5.46 5.07 3.43 4.18 7.51 0.73 5.47 7.35 1.44 2.62 
1.31 4.67 0.84 1.16 6.83 7.49 5.99 0.03 0.87 5.65 0.83 1.43 0.03 3.6 4.1 1.54 2.59 6.44 6.59 2.92 5.71 2.91 7.23 4.3 
5.68 3.4 2.73 2.32 5.14 5.38 2.4 3.33 5.59 7.63 6.23 1.48 2.53 0.46 5.14 7.94 6.29 0.08 6.96 1.75 1.14 6.53 5.99 6.4 
0.23 3.23 2.09 4.94 7.89 1.52 7.96 1.03 5.62 1.13 6.19 0.77 2.71 0.57 7.05 1.96 7.95 4.58 4.92 0.16 0.88 4.17 2.29 6.1 
5.67 0 0.15 2.67 6.53 7.76 2.94 6.38 7.39 0.79 7.11 3.52 3.29 5.43 7.18 2.29 2.22 0.95 5.72 1.78 3.13 7.32 4.68 3.2 
1 1 1 1 1 1 1 1 1 1 1 1 1 1 1 1 1 1 1 1 1 1 1 1 
1 1 1 1 1 1 1 1 1 1 1 1 1 1 1 1 1 1 1 1 1 1 1 1 
1 1 1 1 1 1 1 1 1 1 1 1 1 1 1 1 1 1 1 1 1 1 1 1 
1 1 1 1 1 1 1 1 1 1 1 1 1 1 1 1 1 1 1 1 1 1 1 1 
1 1 1 1 1 1 1 1 1 1 1 1 1 1 1 1 1 1 1 1 1 1 1 1 
1 1 1 1 1 1 1 1 1 1 1 1 1 1 1 1 1 1 1 1 1 1 1 1 
1 1 1 1 1 1 1 1 1 1 1 1 1 1 1 1 1 1 1 1 1 1 1 1 
1 1 1 1 1 1 1 1 1 1 1 1 1 1 1 1 1 1 1 1 1 1 1 1 
1 1 1 1 1 1 1 1 1 1 1 1 1 1 1 1 1 1 1 1 1 1 1 1 
1 1 1 1 1 1 1 1 1 1 1 1 1 1 1 1 1 1 1 1 1 1 1 1 
1 1 1 1 1 1 1 1 1 1 1 1 1 1 1 1 1 1 1 1 1 1 1 1 
1 1 1 1 1 1 1 1 1 1 1 1 1 1 1 1 1 1 1 1 1 1 1 1 
0.01 0.01 0.01 0.01 0.01 0.01 0.01 0.01 0.01 0.01 0.01 0.01 0.01 0.01 0.01 0.01 0.01 0.01 0.01 0.01 0.01 0.01 0.01 0.01 
0.02 0.02 0.02 0.02 0.02 0.02 0.02 0.02 0.02 0.02 0.02 0.02 0.02 0.02 0.02 0.02 0.02 0.02 0.02 0.02 0.02 0.02 0.02 0.02 
0.03 0.03 0.03 0.03 0.03 0.03 0.03 0.03 0.03 0.03 0.03 0.03 0.03 0.03 0.03 0.03 0.03 0.03 0.03 0.03 0.03 0.03 0.03 0.03 
0.04 0.04 0.04 0.04 0.04 0.04 0.04 0.04 0.04 0.04 0.04 0.04 0.04 0.04 0.04 0.04 0.04 0.04 0.04 0.04 0.04 0.04 0.04 0.04 
0.05 0.05 0.05 0.05 0.05 0.05 0.05 0.05 0.05 0.05 0.05 0.05 0.05 0.05 0.05 0.05 0.05 0.05 0.05 0.05 0.05 0.05 0.05 0.05 
0.06 0.06 0.06 0.06 0.06 0.06 0.06 0.06 0.06 0.06 0.06 0.06 0.06 0.06 0.06 0.06 0.06 0.06 0.06 0.06 0.06 0.06 0.06 0.06 
0.07 0.07 0.07 0.07 0.07 0.07 0.07 0.07 0.07 0.07 0.07 0.07 0.07 0.07 0.07 0.07 0.07 0.07 0.07 0.07 0.07 0.07 0.07 0.07 
0.2 0.2 0.2 0.2 0.2 0.2 0.2 0.2 0.2 0.2 0.2 0.2 0.2 0.2 0.2 0.2 0.2 0.2 0.2 0.2 0.2 0.2 0.2 0.2 
0.4 0.4 0.4 0.4 0.4 0.4 0.4 0.4 0.4 0.4 0.4 0.4 0.4 0.4 0.4 0.4 0.4 0.4 0.4 0.4 0.4 0.4 0.4 0.4 
0.6 0.6 0.6 0.6 0.6 0.6 0.6 0.6 0.6 0.6 0.6 0.6 0.6 0.6 0.6 0.6 0.6 0.6 0.6 0.6 0.6 0.6 0.6 0.6 
0.8 0.8 0.8 0.8 0.8 0.8 0.8 0.8 0.8 0.8 0.8 0.8 0.8 0.8 0.8 0.8 0.8 0.8 0.8 0.8 0.8 0.8 0.8 0.8 
1 1 1 1 1 1 1 1 1 1 1 1 1 1 1 1 1 1 1 1 1 1 1 1 
