3 24 1 10
12 1 14 7 13 4 6 17 18 9 5 5 17 19 10 6 3 20 17 3 2 17 16 16 
4.8 5.01 7.01 3.68 6.43 3.2 3.22 7.72 1.08 5.11 2.13 7.3 0.01 4.34 5.23 3.33 0.68 1.73 1.43 3.66 1.96 7.56 3.25 4.18 
4 4 4 4 4 4 4 4 4 4 4 4 4 4 4 4 4 4 4 4 4 4 4 4 
5.49 4.84 3.56 5.38 4.03 6.26 0.75 6.26 2.71 3.5 1.65 4.21 5.91 3.6 0.14 6.68 4.93 7.49 5.58 4.51 4.04 1.67 0.36 0.68 
1 1 1 1 1 1 1 1 1 1 1 1 1 1 1 1 1 1 1 1 1 1 1 1 
1 1 1 1 1 1 1 1 1 1 1 1 1 1 1 1 1 1 1 1 1 1 1 1 
1 1 1 1 1 1 1 1 1 1 1 1 1 1 1 1 1 1 1 1 1 1 1 1 
0.01 0.01 0.01 0.01 0.01 0.01 0.01 0.01 0.01 0.01 0.01 0.01 0.01 0.01 0.01 0.01 0.01 0.01 0.01 0.01 0.01 0.01 0.01 0.01 
0.02 0.02 0.02 0.02 0.02 0.02 0.02 0.02 0.02 0.02 0.02 0.02 0.02 0.02 0.02 0.02 0.02 0.02 0.02 0.02 0.02 0.02 0.02 0.02 
1 1 1 1 1 1 1 1 1 1 1 1 1 1 1 1 1 1 1 1 1 1 1 1 
