6 48 4 10
7 5 7 7 20 15 12 13 1 4 10 18 16 2 9 19 4 8 15 8 13 6 10 10 18 6 1 13 3 10 17 3 4 1 2 10 13 3 16 7 19 16 6 16 9 14 17 1 
4.15 0.26 3.45 4.99 5.19 3.46 7.54 3.23 0.04 4.88 3.28 5 7.05 5.08 5.82 2.32 3.43 5.95 5.12 4.55 5.33 6.21 7.04 6.99 3.18 7.3 5.25 1.99 6.14 5.89 7.58 7.83 4.07 1.43 6.21 7.11 6.46 5.85 1.96 3 4.63 5.15 2.57 2.16 1 6.85 5.87 7.68 
6.84 1.77 4.24 1.09 3.04 4.3 6.54 4.41 5.19 2.53 4.6 4.62 1.44 5.31 1.11 3.32 0.14 7.6 1.51 1.86 2.71 4.19 4.12 0.28 3.45 0.17 1.35 4.04 7.45 3.42 1.53 5.52 0.09 2.21 0.36 0.42 2.92 7.38 3.5 5.02 6.4 3.5 7.02 3.23 3.75 5.48 1.02 5.06 
0.09 3.27 7.31 5.53 3.85 5.92 1.12 4.71 4.9 6.8 2.28 2.37 2.3 7.66 2.58 7.33 1.83 6.79 5.76 5.81 6.53 0.15 5.51 4.67 7.37 5.91 6.79 2.28 6.58 4.93 4.11 6.13 4.15 3.43 3.23 3.78 7.94 4.71 2.05 7.9 4.82 7.81 5.82 3.3 5.5 6.7 0.14 6.13 
0.45 0.8 0.63 7.18 6.1 2.69 1.58 4.15 6.2 3.75 4.74 2.07 6.67 3.7 1.18 4.33 2.94 1.73 4.5 6.05 5.4 5.56 7.54 5.15 1.32 0.63 5.81 6.63 4.19 7.66 1.19 5.51 2.89 7.46 4.65 4.58 6.44 1.67 0.26 3.29 4.11 2 7.08 1.82 3.02 7.73 1.67 1.76 
4 4 4 4 4 4 4 4 4 4 4 4 4 4 4 4 4 4 4 4 4 4 4 4 4 4 4 4 4 4 4 4 4 4 4 4 4 4 4 4 4 4 4 4 4 4 4 4 
1.04 6.22 5.81 6.9 0.89 3.22 5.65 3.09 4.81 4.38 5.41 5.64 7.43 4.02 2.77 0.48 2.82 2.59 6.07 3.05 1.85 1.31 3.47 2.33 7.33 6.3 2.82 1.15 3.33 3.49 7.2 2.52 0.59 5.9 5.93 3.64 7.45 1 3.53 7.7 5.78 0.26 5.31 2.02 6.31 1.68 7.92 0.76 
1 1 1 1 1 1 1 1 1 1 1 1 1 1 1 1 1 1 1 1 1 1 1 1 1 1 1 1 1 1 1 1 1 1 1 1 1 1 1 1 1 1 1 1 1 1 1 1 
1 1 1 1 1 1 1 1 1 1 1 1 1 1 1 1 1 1 1 1 1 1 1 1 1 1 1 1 1 1 1 1 1 1 1 1 1 1 1 1 1 1 1 1 1 1 1 1 
1 1 1 1 1 1 1 1 1 1 1 1 1 1 1 1 1 1 1 1 1 1 1 1 1 1 1 1 1 1 1 1 1 1 1 1 1 1 1 1 1 1 1 1 1 1 1 1 
1 1 1 1 1 1 1 1 1 1 1 1 1 1 1 1 1 1 1 1 1 1 1 1 1 1 1 1 1 1 1 1 1 1 1 1 1 1 1 1 1 1 1 1 1 1 1 1 
1 1 1 1 1 1 1 1 1 1 1 1 1 1 1 1 1 1 1 1 1 1 1 1 1 1 1 1 1 1 1 1 1 1 1 1 1 1 1 1 1 1 1 1 1 1 1 1 
1 1 1 1 1 1 1 1 1 1 1 1 1 1 1 1 1 1 1 1 1 1 1 1 1 1 1 1 1 1 1 1 1 1 1 1 1 1 1 1 1 1 1 1 1 1 1 1 
0.01 0.01 0.01 0.01 0.01 0.01 0.01 0.01 0.01 0.01 0.01 0.01 0.01 0.01 0.01 0.01 0.01 0.01 0.01 0.01 0.01 0.01 0.01 0.01 0.01 0.01 0.01 0.01 0.01 0.01 0.01 0.01 0.01 0.01 0.01 0.01 0.01 0.01 0.01 0.01 0.01 0.01 0.01 0.01 0.01 0.01 0.01 0.01 
0.02 0.02 0.02 0.02 0.02 0.02 0.02 0.02 0.02 0.02 0.02 0.02 0.02 0.02 0.02 0.02 0.02 0.02 0.02 0.02 0.02 0.02 0.02 0.02 0.02 0.02 0.02 0.02 0.02 0.02 0.02 0.02 0.02 0.02 0.02 0.02 0.02 0.02 0.02 0.02 0.02 0.02 0.02 0.02 0.02 0.02 0.02 0.02 
0.03 0.03 0.03 0.03 0.03 0.03 0.03 0.03 0.03 0.03 0.03 0.03 0.03 0.03 0.03 0.03 0.03 0.03 0.03 0.03 0.03 0.03 0.03 0.03 0.03 0.03 0.03 0.03 0.03 0.03 0.03 0.03 0.03 0.03 0.03 0.03 0.03 0.03 0.03 0.03 0.03 0.03 0.03 0.03 0.03 0.03 0.03 0.03 
0.04 0.04 0.04 0.04 0.04 0.04 0.04 0.04 0.04 0.04 0.04 0.04 0.04 0.04 0.04 0.04 0.04 0.04 0.04 0.04 0.04 0.04 0.04 0.04 0.04 0.04 0.04 0.04 0.04 0.04 0.04 0.04 0.04 0.04 0.04 0.04 0.04 0.04 0.04 0.04 0.04 0.04 0.04 0.04 0.04 0.04 0.04 0.04 
0.05 0.05 0.05 0.05 0.05 0.05 0.05 0.05 0.05 0.05 0.05 0.05 0.05 0.05 0.05 0.05 0.05 0.05 0.05 0.05 0.05 0.05 0.05 0.05 0.05 0.05 0.05 0.05 0.05 0.05 0.05 0.05 0.05 0.05 0.05 0.05 0.05 0.05 0.05 0.05 0.05 0.05 0.05 0.05 0.05 0.05 0.05 0.05 
1 1 1 1 1 1 1 1 1 1 1 1 1 1 1 1 1 1 1 1 1 1 1 1 1 1 1 1 1 1 1 1 1 1 1 1 1 1 1 1 1 1 1 1 1 1 1 1 
