6 16 2 10
9 4 16 7 5 4 7 18 4 2 3 7 13 5 6 4 
0.69 5.22 7.43 4.1 2.24 4.1 3.94 6.33 4.96 6.31 5.15 4.29 2.97 1.9 4.64 7.34 
6.62 1.38 4.2 2.55 2.41 1.31 1.95 5.99 2.6 7.86 3.83 3.27 7.03 0.44 4.65 0.29 
4 4 4 4 4 4 4 4 4 4 4 4 4 4 4 4 
5.88 6.2 4.83 4.41 2.58 6.32 7.73 5.3 0.62 5.5 3.08 3.41 2.52 4.76 1.86 7.37 
0.34 7.85 3.4 7.19 7.91 6.82 5.79 7.07 1.19 0.91 6.93 5.74 6.34 7.74 7.23 2.99 
1.85 5.08 6.61 2.16 0.18 0.05 2.46 5.07 3.55 1.97 3.03 2.42 4.51 2.3 5.3 7.1 
1 1 1 1 1 1 1 1 1 1 1 1 1 1 1 1 
1 1 1 1 1 1 1 1 1 1 1 1 1 1 1 1 
1 1 1 1 1 1 1 1 1 1 1 1 1 1 1 1 
1 1 1 1 1 1 1 1 1 1 1 1 1 1 1 1 
1 1 1 1 1 1 1 1 1 1 1 1 1 1 1 1 
1 1 1 1 1 1 1 1 1 1 1 1 1 1 1 1 
0.01 0.01 0.01 0.01 0.01 0.01 0.01 0.01 0.01 0.01 0.01 0.01 0.01 0.01 0.01 0.01 
0.02 0.02 0.02 0.02 0.02 0.02 0.02 0.02 0.02 0.02 0.02 0.02 0.02 0.02 0.02 0.02 
0.03 0.03 0.03 0.03 0.03 0.03 0.03 0.03 0.03 0.03 0.03 0.03 0.03 0.03 0.03 0.03 
0.333333 0.333333 0.333333 0.333333 0.333333 0.333333 0.333333 0.333333 0.333333 0.333333 0.333333 0.333333 0.333333 0.333333 0.333333 0.333333 
0.666667 0.666667 0.666667 0.666667 0.666667 0.666667 0.666667 0.666667 0.666667 0.666667 0.666667 0.666667 0.666667 0.666667 0.666667 0.666667 
1 1 1 1 1 1 1 1 1 1 1 1 1 1 1 1 
