12 16 3 10
18 5 14 16 16 9 2 10 10 4 19 11 18 5 8 19 
5.98 7.38 4.42 3.89 5.1 7.31 1.84 5.9 3.11 7.19 5.76 4.79 6.53 1.52 2.13 5.13 
1.62 1.74 0.16 7.82 0.69 1.02 5.37 4.25 1.18 6.47 2.44 6.92 7.78 5.46 6.96 1.37 
6.71 5.21 6.14 6.45 4.38 6.01 7.88 3.12 1.16 2.84 3.57 7.39 2.82 3.95 4.97 1.62 
4 4 4 4 4 4 4 4 4 4 4 4 4 4 4 4 
0.11 2.95 4.23 3.09 5.93 5.5 0.3 4.54 1.04 6.44 6.92 7.32 3.21 5.73 7.35 3.56 
0.16 2.51 2.26 7.65 2.9 3.32 1.12 3.78 4.64 6.51 0.68 5.13 0.78 5.09 5.73 1.23 
2.19 7.03 6.48 3.02 5.16 5.42 5.77 7.79 0.81 4.21 4.63 3.94 1.25 1.13 3.59 1.25 
1.71 5.86 3.53 3.33 7.78 5.19 3.39 7.39 6.69 3.84 1.58 5.34 1.27 1.71 5.43 7.95 
6.3 7.1 5.01 4.53 7.49 4.27 4.42 1.21 4.04 7.33 1.75 4.95 1.04 6.06 3.6 4.27 
3.2 7.86 4.97 1.05 1.11 4.01 1.64 0.48 4.54 4.76 5.42 0.48 2.78 2.41 7.89 0.63 
4.99 3.87 6.61 2.64 0.45 7.88 5.53 7.56 2.22 4.95 3.97 1.71 1.26 7.16 5.66 0.7 
4.77 0.35 3.68 1.27 1.43 6.22 2.34 6.32 2.09 2.02 0.3 4.89 4.74 3.01 4.59 4.83 
1 1 1 1 1 1 1 1 1 1 1 1 1 1 1 1 
1 1 1 1 1 1 1 1 1 1 1 1 1 1 1 1 
1 1 1 1 1 1 1 1 1 1 1 1 1 1 1 1 
1 1 1 1 1 1 1 1 1 1 1 1 1 1 1 1 
1 1 1 1 1 1 1 1 1 1 1 1 1 1 1 1 
1 1 1 1 1 1 1 1 1 1 1 1 1 1 1 1 
1 1 1 1 1 1 1 1 1 1 1 1 1 1 1 1 
1 1 1 1 1 1 1 1 1 1 1 1 1 1 1 1 
1 1 1 1 1 1 1 1 1 1 1 1 1 1 1 1 
1 1 1 1 1 1 1 1 1 1 1 1 1 1 1 1 
1 1 1 1 1 1 1 1 1 1 1 1 1 1 1 1 
1 1 1 1 1 1 1 1 1 1 1 1 1 1 1 1 
0.01 0.01 0.01 0.01 0.01 0.01 0.01 0.01 0.01 0.01 0.01 0.01 0.01 0.01 0.01 0.01 
0.02 0.02 0.02 0.02 0.02 0.02 0.02 0.02 0.02 0.02 0.02 0.02 0.02 0.02 0.02 0.02 
0.03 0.03 0.03 0.03 0.03 0.03 0.03 0.03 0.03 0.03 0.03 0.03 0.03 0.03 0.03 0.03 
0.04 0.04 0.04 0.04 0.04 0.04 0.04 0.04 0.04 0.04 0.04 0.04 0.04 0.04 0.04 0.04 
0.125 0.125 0.125 0.125 0.125 0.125 0.125 0.125 0.125 0.125 0.125 0.125 0.125 0.125 0.125 0.125 
0.25 0.25 0.25 0.25 0.25 0.25 0.25 0.25 0.25 0.25 0.25 0.25 0.25 0.25 0.25 0.25 
0.375 0.375 0.375 0.375 0.375 0.375 0.375 0.375 0.375 0.375 0.375 0.375 0.375 0.375 0.375 0.375 
0.5 0.5 0.5 0.5 0.5 0.5 0.5 0.5 0.5 0.5 0.5 0.5 0.5 0.5 0.5 0.5 
0.625 0.625 0.625 0.625 0.625 0.625 0.625 0.625 0.625 0.625 0.625 0.625 0.625 0.625 0.625 0.625 
0.75 0.75 0.75 0.75 0.75 0.75 0.75 0.75 0.75 0.75 0.75 0.75 0.75 0.75 0.75 0.75 
0.875 0.875 0.875 0.875 0.875 0.875 0.875 0.875 0.875 0.875 0.875 0.875 0.875 0.875 0.875 0.875 
1 1 1 1 1 1 1 1 1 1 1 1 1 1 1 1 
