3 16 1 10
5 6 15 6 14 18 10 17 6 3 14 20 20 8 9 11 
0.56 3.93 0.46 1.04 0.66 6.88 7.68 1.75 4.33 6.59 6.7 7.99 1.36 7.93 2.08 1.26 
4 4 4 4 4 4 4 4 4 4 4 4 4 4 4 4 
5.54 3.77 7.16 5.66 2.73 2.72 0.52 5.57 6.91 5.99 2.33 6.54 5.93 6.78 1.26 0.65 
1 1 1 1 1 1 1 1 1 1 1 1 1 1 1 1 
1 1 1 1 1 1 1 1 1 1 1 1 1 1 1 1 
1 1 1 1 1 1 1 1 1 1 1 1 1 1 1 1 
0.01 0.01 0.01 0.01 0.01 0.01 0.01 0.01 0.01 0.01 0.01 0.01 0.01 0.01 0.01 0.01 
0.02 0.02 0.02 0.02 0.02 0.02 0.02 0.02 0.02 0.02 0.02 0.02 0.02 0.02 0.02 0.02 
1 1 1 1 1 1 1 1 1 1 1 1 1 1 1 1 
