6 32 2 10
11 10 9 20 5 15 4 19 1 5 16 9 15 17 12 6 16 16 12 2 11 6 11 12 7 18 4 9 15 1 4 2 
5.93 1.86 1.81 4.78 4.59 2.69 2.84 4.66 7.57 1.14 6.63 2.5 6.12 5.42 4.69 2.52 4.64 6.33 7.55 6.39 2.63 3.29 4.22 0.26 5.3 3.58 0.32 3.75 4.06 2.71 5.91 5.59 
4.53 1.88 3.6 3.52 7.89 6.87 0.49 4.94 4 3.95 0.9 6.89 3.88 3.6 3.96 3.68 2.03 6.59 6.58 5 1.78 4.24 6.21 2.75 2 2.88 0.47 0.4 5.96 6.04 4.7 3.32 
4 4 4 4 4 4 4 4 4 4 4 4 4 4 4 4 4 4 4 4 4 4 4 4 4 4 4 4 4 4 4 4 
2.74 5.36 7.44 7.02 3.59 4.66 0.35 5.92 7.93 0.8 5.94 5.3 4.06 6.47 1.53 5.61 2.1 4.3 4.73 1.34 4.95 0.41 3.28 4.7 5.85 7.3 3.92 0.48 6.67 1.56 6.08 0.46 
1.41 6.53 7.65 5.72 7.16 5.08 7.75 7 6.03 1.23 4.15 5.94 3.77 6.81 6.62 7.39 7.03 0.04 0.25 6.02 3.44 1.33 3.18 3.73 1.04 0.09 3.51 4.86 6.07 1.42 7 3.28 
6.8 3.3 6.27 2.86 7.72 7.61 5.14 3.25 1.17 7.25 4.29 5.08 1.25 0.22 1.13 1.49 7.4 1.11 6.54 2.24 2.39 3.09 6.74 7.74 5.23 7.29 3.33 5.08 7.89 4.92 6.7 6.04 
1 1 1 1 1 1 1 1 1 1 1 1 1 1 1 1 1 1 1 1 1 1 1 1 1 1 1 1 1 1 1 1 
1 1 1 1 1 1 1 1 1 1 1 1 1 1 1 1 1 1 1 1 1 1 1 1 1 1 1 1 1 1 1 1 
1 1 1 1 1 1 1 1 1 1 1 1 1 1 1 1 1 1 1 1 1 1 1 1 1 1 1 1 1 1 1 1 
1 1 1 1 1 1 1 1 1 1 1 1 1 1 1 1 1 1 1 1 1 1 1 1 1 1 1 1 1 1 1 1 
1 1 1 1 1 1 1 1 1 1 1 1 1 1 1 1 1 1 1 1 1 1 1 1 1 1 1 1 1 1 1 1 
1 1 1 1 1 1 1 1 1 1 1 1 1 1 1 1 1 1 1 1 1 1 1 1 1 1 1 1 1 1 1 1 
0.01 0.01 0.01 0.01 0.01 0.01 0.01 0.01 0.01 0.01 0.01 0.01 0.01 0.01 0.01 0.01 0.01 0.01 0.01 0.01 0.01 0.01 0.01 0.01 0.01 0.01 0.01 0.01 0.01 0.01 0.01 0.01 
0.02 0.02 0.02 0.02 0.02 0.02 0.02 0.02 0.02 0.02 0.02 0.02 0.02 0.02 0.02 0.02 0.02 0.02 0.02 0.02 0.02 0.02 0.02 0.02 0.02 0.02 0.02 0.02 0.02 0.02 0.02 0.02 
0.03 0.03 0.03 0.03 0.03 0.03 0.03 0.03 0.03 0.03 0.03 0.03 0.03 0.03 0.03 0.03 0.03 0.03 0.03 0.03 0.03 0.03 0.03 0.03 0.03 0.03 0.03 0.03 0.03 0.03 0.03 0.03 
0.333333 0.333333 0.333333 0.333333 0.333333 0.333333 0.333333 0.333333 0.333333 0.333333 0.333333 0.333333 0.333333 0.333333 0.333333 0.333333 0.333333 0.333333 0.333333 0.333333 0.333333 0.333333 0.333333 0.333333 0.333333 0.333333 0.333333 0.333333 0.333333 0.333333 0.333333 0.333333 
0.666667 0.666667 0.666667 0.666667 0.666667 0.666667 0.666667 0.666667 0.666667 0.666667 0.666667 0.666667 0.666667 0.666667 0.666667 0.666667 0.666667 0.666667 0.666667 0.666667 0.666667 0.666667 0.666667 0.666667 0.666667 0.666667 0.666667 0.666667 0.666667 0.666667 0.666667 0.666667 
1 1 1 1 1 1 1 1 1 1 1 1 1 1 1 1 1 1 1 1 1 1 1 1 1 1 1 1 1 1 1 1 
