6 40 2 10
9 2 14 6 8 20 19 10 3 2 10 20 6 16 2 17 6 12 17 7 14 5 10 3 19 13 13 15 4 14 12 5 20 9 13 19 7 1 1 3 
4.62 4.19 3.51 0.37 7.1 6.08 7.46 2.12 1.46 5.15 1.93 7.61 7.37 4.44 5.11 6.88 4.41 6.81 7.45 0.81 4.76 6.74 5.99 2.07 7.87 1.14 5.71 6.72 0.28 2.47 0.23 1.57 7.66 5.12 4.35 5.33 1.9 0.28 0.85 3.76 
1.09 4.78 5.84 5.35 4.38 4.33 0.53 2.86 1.12 3.89 1.3 2.25 5.79 1.25 3.12 5.26 0.39 4.09 1.17 7.11 2.18 4.25 0.31 0.79 7.28 7.08 3.04 7.06 1.43 7.87 5.32 7.69 7.7 2.04 5.06 1.81 7.2 2.16 0.3 3.06 
4 4 4 4 4 4 4 4 4 4 4 4 4 4 4 4 4 4 4 4 4 4 4 4 4 4 4 4 4 4 4 4 4 4 4 4 4 4 4 4 
2.66 1.42 4.85 1.16 5.26 0.28 2.28 6.37 2.35 7.39 2.42 1.55 2.63 5.07 7.34 5.9 3.12 3.22 4.43 0.91 7.17 5.9 6.51 5.01 5.92 1.46 6.06 2.65 1.29 0.91 2.01 6.39 7.09 7.1 7.49 3.68 2.26 7.19 5.43 3.66 
7.48 7.62 1.89 4.42 4.31 0.15 4.92 6.69 3.86 4.29 1.48 7.12 7.06 4.31 4.77 0.35 7.35 2.64 0.24 4.45 5.66 4.57 0.81 0.63 0.59 6.09 2.27 5.09 6.71 3.96 1.82 7.71 7.79 6.37 3.57 7.3 4.46 1.24 7.8 5.24 
4.78 0.07 5.29 2.52 7.77 3.07 7 1.67 1.56 7.28 5.42 2.01 4.51 7.89 6.7 5 0.66 4.54 4.75 3.97 5.98 5.36 3.59 1.69 4.12 3.89 7.53 0.8 0.66 4.25 5.7 3.79 1.94 6.09 6.7 3.46 6.03 6.59 3.06 1.9 
1 1 1 1 1 1 1 1 1 1 1 1 1 1 1 1 1 1 1 1 1 1 1 1 1 1 1 1 1 1 1 1 1 1 1 1 1 1 1 1 
1 1 1 1 1 1 1 1 1 1 1 1 1 1 1 1 1 1 1 1 1 1 1 1 1 1 1 1 1 1 1 1 1 1 1 1 1 1 1 1 
1 1 1 1 1 1 1 1 1 1 1 1 1 1 1 1 1 1 1 1 1 1 1 1 1 1 1 1 1 1 1 1 1 1 1 1 1 1 1 1 
1 1 1 1 1 1 1 1 1 1 1 1 1 1 1 1 1 1 1 1 1 1 1 1 1 1 1 1 1 1 1 1 1 1 1 1 1 1 1 1 
1 1 1 1 1 1 1 1 1 1 1 1 1 1 1 1 1 1 1 1 1 1 1 1 1 1 1 1 1 1 1 1 1 1 1 1 1 1 1 1 
1 1 1 1 1 1 1 1 1 1 1 1 1 1 1 1 1 1 1 1 1 1 1 1 1 1 1 1 1 1 1 1 1 1 1 1 1 1 1 1 
0.01 0.01 0.01 0.01 0.01 0.01 0.01 0.01 0.01 0.01 0.01 0.01 0.01 0.01 0.01 0.01 0.01 0.01 0.01 0.01 0.01 0.01 0.01 0.01 0.01 0.01 0.01 0.01 0.01 0.01 0.01 0.01 0.01 0.01 0.01 0.01 0.01 0.01 0.01 0.01 
0.02 0.02 0.02 0.02 0.02 0.02 0.02 0.02 0.02 0.02 0.02 0.02 0.02 0.02 0.02 0.02 0.02 0.02 0.02 0.02 0.02 0.02 0.02 0.02 0.02 0.02 0.02 0.02 0.02 0.02 0.02 0.02 0.02 0.02 0.02 0.02 0.02 0.02 0.02 0.02 
0.03 0.03 0.03 0.03 0.03 0.03 0.03 0.03 0.03 0.03 0.03 0.03 0.03 0.03 0.03 0.03 0.03 0.03 0.03 0.03 0.03 0.03 0.03 0.03 0.03 0.03 0.03 0.03 0.03 0.03 0.03 0.03 0.03 0.03 0.03 0.03 0.03 0.03 0.03 0.03 
0.333333 0.333333 0.333333 0.333333 0.333333 0.333333 0.333333 0.333333 0.333333 0.333333 0.333333 0.333333 0.333333 0.333333 0.333333 0.333333 0.333333 0.333333 0.333333 0.333333 0.333333 0.333333 0.333333 0.333333 0.333333 0.333333 0.333333 0.333333 0.333333 0.333333 0.333333 0.333333 0.333333 0.333333 0.333333 0.333333 0.333333 0.333333 0.333333 0.333333 
0.666667 0.666667 0.666667 0.666667 0.666667 0.666667 0.666667 0.666667 0.666667 0.666667 0.666667 0.666667 0.666667 0.666667 0.666667 0.666667 0.666667 0.666667 0.666667 0.666667 0.666667 0.666667 0.666667 0.666667 0.666667 0.666667 0.666667 0.666667 0.666667 0.666667 0.666667 0.666667 0.666667 0.666667 0.666667 0.666667 0.666667 0.666667 0.666667 0.666667 
1 1 1 1 1 1 1 1 1 1 1 1 1 1 1 1 1 1 1 1 1 1 1 1 1 1 1 1 1 1 1 1 1 1 1 1 1 1 1 1 
