12 40 6 10
17 8 8 3 11 2 7 18 15 13 15 6 16 20 20 16 15 16 6 2 6 2 4 17 5 8 14 15 18 19 7 17 15 19 14 16 19 6 1 6 
3.62 0.06 6.92 4.61 1.89 4.02 5.21 3.86 0.82 3.85 6.53 2.12 3.05 3.31 4.97 2.11 3.52 0.37 4.56 4.27 7 5.82 3.24 2.56 7.14 6.53 6.61 2.33 1.07 6.88 7.31 0.77 7.5 6.37 1.75 1.9 0.29 7.73 3.21 6.54 
4.49 5.15 7.53 2.42 7.2 0.8 0.57 4.62 5.7 1.91 2.91 2.05 4.45 3.85 2.54 6.24 0.01 2.2 3.04 6.31 4.04 7.51 2.32 3 5.85 5.77 5.3 7.37 5.35 6.79 2.73 6.21 5.49 2.45 5.11 2.75 6.28 2.03 1.54 3.1 
2.15 5.22 0.76 5.1 4.88 5.06 3.06 0.96 2.78 7.52 7.29 3.01 6.69 0.89 0.22 3.76 3.76 4.27 1.87 2.87 0.8 7.59 0.79 3.26 2.08 4.57 4.48 7.88 2.69 3.39 1.65 5.49 5.08 0.06 3.06 6.65 4.42 1.08 7.94 6.23 
1.2 6.03 6.91 3.15 0.53 4.23 0.68 3.2 5.98 0.68 4.51 5.22 2.14 0.7 6.02 3.45 1.85 6.23 5.45 6.72 2.37 3.38 7.5 2.56 1.37 3.9 0.75 4.07 3.37 4.13 6.97 6.59 2.44 2.52 3.43 3.99 6.61 1.44 1.81 0.72 
2.62 5.48 1.85 5.26 6.4 6.87 1.58 3.17 0.31 5.37 1.38 2.72 6.22 0.43 1.71 0.37 3.77 3.12 0.2 1.43 7.82 2.46 5.38 3.5 7.73 0.74 4.96 4.57 0.4 4.56 5.19 1.84 7.33 1.29 2.82 3.87 7.37 2.47 2.13 7.17 
3.01 7.16 3.99 7.96 6.25 4.02 7.73 3.82 4.06 5.84 4.05 6.62 4.95 3.14 6.72 7.62 3.77 1.28 2.02 6.35 1.43 3.62 7.52 6.48 7.76 7.91 1.6 5.8 2.97 6.1 4.72 7.91 6.97 6.49 6.71 3.54 5.7 7.57 6.52 1.29 
4 4 4 4 4 4 4 4 4 4 4 4 4 4 4 4 4 4 4 4 4 4 4 4 4 4 4 4 4 4 4 4 4 4 4 4 4 4 4 4 
7.44 1.92 7.63 6.78 7.35 5.26 3.9 0.86 4.87 7.77 0.91 0.91 4.72 7.33 6.17 1.24 7.49 1.82 0.94 6.47 4.9 4.51 3.32 1.48 6.54 6.32 3.1 1.85 0.15 0.06 5.61 2.49 6.77 4.56 2 3.29 6.69 2.97 0.97 7.37 
6.86 6.42 4.82 0.85 1.03 3.47 2.61 4.21 0.02 0.24 0.93 4.33 7 4.33 3.58 5.99 1.78 5.74 3.31 0.44 0.23 7.62 4.98 1.75 5.75 5.91 6.37 6.46 0.37 4.31 1.97 7.36 1.27 5.91 2.25 1.25 4.93 1.91 0.19 6.43 
6.71 3.86 1.95 3.23 4.29 3.42 0.95 6.46 3.53 4.02 7.02 2.68 6.9 1.57 0.73 7.47 3.12 4.52 7.43 6.62 3.91 4.08 2.92 1.57 3.91 5.6 0.51 2.04 1.88 7.93 0.94 5.07 1.86 0.59 6.66 1.4 6.41 4.79 0.32 7.98 
2.3 5.44 3.04 1.31 1.12 7.51 6.61 6.76 4.43 2.67 1.92 1.86 2.5 7.98 0.13 1.26 3.86 7.86 3.96 4.89 3.78 5.25 4.12 7.28 1.76 0.75 2.7 3.96 0.14 1.87 6.96 0.02 4.74 6.66 5.58 4.41 3.86 3.76 0.28 6.93 
5.6 7.17 6.86 5.37 1.32 7.42 3.74 7.83 5.67 6.57 6.3 6.3 0.95 3.65 0.86 0.35 2.71 2.71 2.01 2.02 3.2 1.71 0.94 5.31 0.18 3.68 3.58 3.07 5.27 4.08 6.83 4.61 4.78 7.11 7.95 5.63 0.31 7.18 0.33 7.41 
1 1 1 1 1 1 1 1 1 1 1 1 1 1 1 1 1 1 1 1 1 1 1 1 1 1 1 1 1 1 1 1 1 1 1 1 1 1 1 1 
1 1 1 1 1 1 1 1 1 1 1 1 1 1 1 1 1 1 1 1 1 1 1 1 1 1 1 1 1 1 1 1 1 1 1 1 1 1 1 1 
1 1 1 1 1 1 1 1 1 1 1 1 1 1 1 1 1 1 1 1 1 1 1 1 1 1 1 1 1 1 1 1 1 1 1 1 1 1 1 1 
1 1 1 1 1 1 1 1 1 1 1 1 1 1 1 1 1 1 1 1 1 1 1 1 1 1 1 1 1 1 1 1 1 1 1 1 1 1 1 1 
1 1 1 1 1 1 1 1 1 1 1 1 1 1 1 1 1 1 1 1 1 1 1 1 1 1 1 1 1 1 1 1 1 1 1 1 1 1 1 1 
1 1 1 1 1 1 1 1 1 1 1 1 1 1 1 1 1 1 1 1 1 1 1 1 1 1 1 1 1 1 1 1 1 1 1 1 1 1 1 1 
1 1 1 1 1 1 1 1 1 1 1 1 1 1 1 1 1 1 1 1 1 1 1 1 1 1 1 1 1 1 1 1 1 1 1 1 1 1 1 1 
1 1 1 1 1 1 1 1 1 1 1 1 1 1 1 1 1 1 1 1 1 1 1 1 1 1 1 1 1 1 1 1 1 1 1 1 1 1 1 1 
1 1 1 1 1 1 1 1 1 1 1 1 1 1 1 1 1 1 1 1 1 1 1 1 1 1 1 1 1 1 1 1 1 1 1 1 1 1 1 1 
1 1 1 1 1 1 1 1 1 1 1 1 1 1 1 1 1 1 1 1 1 1 1 1 1 1 1 1 1 1 1 1 1 1 1 1 1 1 1 1 
1 1 1 1 1 1 1 1 1 1 1 1 1 1 1 1 1 1 1 1 1 1 1 1 1 1 1 1 1 1 1 1 1 1 1 1 1 1 1 1 
1 1 1 1 1 1 1 1 1 1 1 1 1 1 1 1 1 1 1 1 1 1 1 1 1 1 1 1 1 1 1 1 1 1 1 1 1 1 1 1 
0.01 0.01 0.01 0.01 0.01 0.01 0.01 0.01 0.01 0.01 0.01 0.01 0.01 0.01 0.01 0.01 0.01 0.01 0.01 0.01 0.01 0.01 0.01 0.01 0.01 0.01 0.01 0.01 0.01 0.01 0.01 0.01 0.01 0.01 0.01 0.01 0.01 0.01 0.01 0.01 
0.02 0.02 0.02 0.02 0.02 0.02 0.02 0.02 0.02 0.02 0.02 0.02 0.02 0.02 0.02 0.02 0.02 0.02 0.02 0.02 0.02 0.02 0.02 0.02 0.02 0.02 0.02 0.02 0.02 0.02 0.02 0.02 0.02 0.02 0.02 0.02 0.02 0.02 0.02 0.02 
0.03 0.03 0.03 0.03 0.03 0.03 0.03 0.03 0.03 0.03 0.03 0.03 0.03 0.03 0.03 0.03 0.03 0.03 0.03 0.03 0.03 0.03 0.03 0.03 0.03 0.03 0.03 0.03 0.03 0.03 0.03 0.03 0.03 0.03 0.03 0.03 0.03 0.03 0.03 0.03 
0.04 0.04 0.04 0.04 0.04 0.04 0.04 0.04 0.04 0.04 0.04 0.04 0.04 0.04 0.04 0.04 0.04 0.04 0.04 0.04 0.04 0.04 0.04 0.04 0.04 0.04 0.04 0.04 0.04 0.04 0.04 0.04 0.04 0.04 0.04 0.04 0.04 0.04 0.04 0.04 
0.05 0.05 0.05 0.05 0.05 0.05 0.05 0.05 0.05 0.05 0.05 0.05 0.05 0.05 0.05 0.05 0.05 0.05 0.05 0.05 0.05 0.05 0.05 0.05 0.05 0.05 0.05 0.05 0.05 0.05 0.05 0.05 0.05 0.05 0.05 0.05 0.05 0.05 0.05 0.05 
0.06 0.06 0.06 0.06 0.06 0.06 0.06 0.06 0.06 0.06 0.06 0.06 0.06 0.06 0.06 0.06 0.06 0.06 0.06 0.06 0.06 0.06 0.06 0.06 0.06 0.06 0.06 0.06 0.06 0.06 0.06 0.06 0.06 0.06 0.06 0.06 0.06 0.06 0.06 0.06 
0.07 0.07 0.07 0.07 0.07 0.07 0.07 0.07 0.07 0.07 0.07 0.07 0.07 0.07 0.07 0.07 0.07 0.07 0.07 0.07 0.07 0.07 0.07 0.07 0.07 0.07 0.07 0.07 0.07 0.07 0.07 0.07 0.07 0.07 0.07 0.07 0.07 0.07 0.07 0.07 
0.2 0.2 0.2 0.2 0.2 0.2 0.2 0.2 0.2 0.2 0.2 0.2 0.2 0.2 0.2 0.2 0.2 0.2 0.2 0.2 0.2 0.2 0.2 0.2 0.2 0.2 0.2 0.2 0.2 0.2 0.2 0.2 0.2 0.2 0.2 0.2 0.2 0.2 0.2 0.2 
0.4 0.4 0.4 0.4 0.4 0.4 0.4 0.4 0.4 0.4 0.4 0.4 0.4 0.4 0.4 0.4 0.4 0.4 0.4 0.4 0.4 0.4 0.4 0.4 0.4 0.4 0.4 0.4 0.4 0.4 0.4 0.4 0.4 0.4 0.4 0.4 0.4 0.4 0.4 0.4 
0.6 0.6 0.6 0.6 0.6 0.6 0.6 0.6 0.6 0.6 0.6 0.6 0.6 0.6 0.6 0.6 0.6 0.6 0.6 0.6 0.6 0.6 0.6 0.6 0.6 0.6 0.6 0.6 0.6 0.6 0.6 0.6 0.6 0.6 0.6 0.6 0.6 0.6 0.6 0.6 
0.8 0.8 0.8 0.8 0.8 0.8 0.8 0.8 0.8 0.8 0.8 0.8 0.8 0.8 0.8 0.8 0.8 0.8 0.8 0.8 0.8 0.8 0.8 0.8 0.8 0.8 0.8 0.8 0.8 0.8 0.8 0.8 0.8 0.8 0.8 0.8 0.8 0.8 0.8 0.8 
1 1 1 1 1 1 1 1 1 1 1 1 1 1 1 1 1 1 1 1 1 1 1 1 1 1 1 1 1 1 1 1 1 1 1 1 1 1 1 1 
