6 48 2 10
5 9 14 16 18 18 3 2 11 6 1 13 18 4 19 18 14 18 3 3 9 16 4 20 3 19 16 14 4 11 12 6 16 12 11 14 4 1 1 9 13 13 11 9 11 9 6 7 
7.24 3.28 4.21 0.73 2.05 2.76 5.81 0.74 1.02 1.35 5.12 2.05 1.95 0.2 1.14 1.2 2.28 5.12 3.8 3.99 2.49 3.99 5.05 7.46 7.73 5.87 4.81 7.92 7.2 7.97 4.45 4.15 0.4 0.37 0.47 6.49 7.04 4.97 0.77 0.41 4.31 5.8 0.3 7.37 7.14 0.61 2.69 0.73 
3.88 7.64 1.41 7.99 4.82 1.51 4.32 2.76 2.62 1.47 5.31 1.41 6.28 1.2 2.49 2.94 1.73 7.02 2.46 0.17 4.79 1.63 7.58 7.14 7.06 3.31 3.18 0.09 3.36 5.03 3.45 7.94 7.51 2.15 1.12 7.03 2.97 3.2 4.69 6.17 1.62 7.67 2.67 4.01 1.3 1.1 3.26 4.7 
4 4 4 4 4 4 4 4 4 4 4 4 4 4 4 4 4 4 4 4 4 4 4 4 4 4 4 4 4 4 4 4 4 4 4 4 4 4 4 4 4 4 4 4 4 4 4 4 
7.3 7.37 3.28 7.75 1.02 7.67 6.36 5.69 7.54 1.97 7.01 5.2 5.67 4.43 1.85 5.77 3.84 1.47 3.82 4.21 1.63 5.62 0.17 0.33 0.94 3.54 2.23 6.94 5.54 2.83 5.95 7.02 7.2 6.29 0.98 3.16 3.42 7.42 2.62 1.45 4.64 5.63 2.59 1.52 3.02 0.2 1.31 7.97 
7.84 4.85 1.69 1.05 6.42 0.98 3.55 5.44 0.04 7.44 3.01 0.92 1.64 3.42 5.3 7.18 6.86 7.7 7.52 7.15 6.93 2.21 4.4 7.58 3.11 6.46 2.11 4.87 4.51 5.39 4.76 7.28 4.78 3.74 7.77 5.45 0.63 7.43 5.46 4.91 4.61 7.91 3.41 6.53 0.96 4.81 4.19 2.98 
2.11 4.89 5.65 5.37 4.35 7.27 6.1 0.78 1.77 0.94 4.28 6.23 6.62 5.73 4.33 5.48 1.83 7.57 6.68 0.53 0.54 3.83 5.91 5.27 6.74 6.67 6.64 6.77 6.53 4.84 2.32 3.69 6.01 3 0.18 7.65 4.1 6.39 7.58 7.52 0.09 1.14 3.3 7.09 1.33 7.83 0.89 2.44 
1 1 1 1 1 1 1 1 1 1 1 1 1 1 1 1 1 1 1 1 1 1 1 1 1 1 1 1 1 1 1 1 1 1 1 1 1 1 1 1 1 1 1 1 1 1 1 1 
1 1 1 1 1 1 1 1 1 1 1 1 1 1 1 1 1 1 1 1 1 1 1 1 1 1 1 1 1 1 1 1 1 1 1 1 1 1 1 1 1 1 1 1 1 1 1 1 
1 1 1 1 1 1 1 1 1 1 1 1 1 1 1 1 1 1 1 1 1 1 1 1 1 1 1 1 1 1 1 1 1 1 1 1 1 1 1 1 1 1 1 1 1 1 1 1 
1 1 1 1 1 1 1 1 1 1 1 1 1 1 1 1 1 1 1 1 1 1 1 1 1 1 1 1 1 1 1 1 1 1 1 1 1 1 1 1 1 1 1 1 1 1 1 1 
1 1 1 1 1 1 1 1 1 1 1 1 1 1 1 1 1 1 1 1 1 1 1 1 1 1 1 1 1 1 1 1 1 1 1 1 1 1 1 1 1 1 1 1 1 1 1 1 
1 1 1 1 1 1 1 1 1 1 1 1 1 1 1 1 1 1 1 1 1 1 1 1 1 1 1 1 1 1 1 1 1 1 1 1 1 1 1 1 1 1 1 1 1 1 1 1 
0.01 0.01 0.01 0.01 0.01 0.01 0.01 0.01 0.01 0.01 0.01 0.01 0.01 0.01 0.01 0.01 0.01 0.01 0.01 0.01 0.01 0.01 0.01 0.01 0.01 0.01 0.01 0.01 0.01 0.01 0.01 0.01 0.01 0.01 0.01 0.01 0.01 0.01 0.01 0.01 0.01 0.01 0.01 0.01 0.01 0.01 0.01 0.01 
0.02 0.02 0.02 0.02 0.02 0.02 0.02 0.02 0.02 0.02 0.02 0.02 0.02 0.02 0.02 0.02 0.02 0.02 0.02 0.02 0.02 0.02 0.02 0.02 0.02 0.02 0.02 0.02 0.02 0.02 0.02 0.02 0.02 0.02 0.02 0.02 0.02 0.02 0.02 0.02 0.02 0.02 0.02 0.02 0.02 0.02 0.02 0.02 
0.03 0.03 0.03 0.03 0.03 0.03 0.03 0.03 0.03 0.03 0.03 0.03 0.03 0.03 0.03 0.03 0.03 0.03 0.03 0.03 0.03 0.03 0.03 0.03 0.03 0.03 0.03 0.03 0.03 0.03 0.03 0.03 0.03 0.03 0.03 0.03 0.03 0.03 0.03 0.03 0.03 0.03 0.03 0.03 0.03 0.03 0.03 0.03 
0.333333 0.333333 0.333333 0.333333 0.333333 0.333333 0.333333 0.333333 0.333333 0.333333 0.333333 0.333333 0.333333 0.333333 0.333333 0.333333 0.333333 0.333333 0.333333 0.333333 0.333333 0.333333 0.333333 0.333333 0.333333 0.333333 0.333333 0.333333 0.333333 0.333333 0.333333 0.333333 0.333333 0.333333 0.333333 0.333333 0.333333 0.333333 0.333333 0.333333 0.333333 0.333333 0.333333 0.333333 0.333333 0.333333 0.333333 0.333333 
0.666667 0.666667 0.666667 0.666667 0.666667 0.666667 0.666667 0.666667 0.666667 0.666667 0.666667 0.666667 0.666667 0.666667 0.666667 0.666667 0.666667 0.666667 0.666667 0.666667 0.666667 0.666667 0.666667 0.666667 0.666667 0.666667 0.666667 0.666667 0.666667 0.666667 0.666667 0.666667 0.666667 0.666667 0.666667 0.666667 0.666667 0.666667 0.666667 0.666667 0.666667 0.666667 0.666667 0.666667 0.666667 0.666667 0.666667 0.666667 
1 1 1 1 1 1 1 1 1 1 1 1 1 1 1 1 1 1 1 1 1 1 1 1 1 1 1 1 1 1 1 1 1 1 1 1 1 1 1 1 1 1 1 1 1 1 1 1 
