6 48 2 10
1 19 13 13 2 7 18 19 11 2 10 5 6 4 12 1 5 9 9 17 6 11 16 1 13 14 18 2 5 14 12 1 3 1 14 18 4 2 5 12 2 7 16 20 13 4 7 8 
1.47 7.47 7.67 6.16 2.76 6.48 0.02 6.74 6.43 4.84 1.09 2.24 2.13 1.47 1.68 2.02 7.96 2.96 1.71 5.43 0.03 2.5 1.39 4.04 0.68 3.11 4.1 4.6 6.48 7.74 5.12 6.4 5.37 5.54 0.24 3.69 2.89 4.37 0.58 4.62 0.18 3.09 1.85 2.69 0.88 3.47 1.32 2.05 
3.75 2.18 5.81 4.43 1.84 1.56 2.32 3.77 5.75 1.16 4.46 0.05 2.03 7.91 0.96 1.93 1.32 7.35 5.65 6.04 7.35 7.9 3.07 0.14 7.15 7.79 1.88 0.88 7.34 2.5 3.21 1.48 5.8 3.51 3.57 7.8 6.53 5.7 0.75 3.19 1.94 0.36 3.53 7.74 7.65 7.25 3.47 2.05 
4 4 4 4 4 4 4 4 4 4 4 4 4 4 4 4 4 4 4 4 4 4 4 4 4 4 4 4 4 4 4 4 4 4 4 4 4 4 4 4 4 4 4 4 4 4 4 4 
6.2 1.13 1.19 5.96 0.07 2.33 6.62 4.36 1.45 6.55 7.37 7.89 1.75 6.84 6.83 5.22 0.9 2.07 7.29 6.31 7.96 4.01 7.51 3.48 0.78 5.45 7.64 0.29 3.34 1.64 4.17 4.9 4.58 7.98 5.68 4.3 2.4 4.35 2.18 2.99 0.49 2.86 0.94 1.8 6.08 1.94 7.73 5.08 
6.19 6.9 4.8 7.9 2.25 6.01 6.53 4.46 3.54 7.1 2.91 5.24 3.97 0.46 0.14 5.99 2.59 3.23 1.93 3.62 0.17 1.93 4.83 1.68 5.81 1.92 0.89 0.61 5.1 7.31 5.68 1.39 3.71 0.62 4.54 0.71 2.51 1.48 1.43 7.31 5.3 6.95 6.25 0.5 3.27 0.87 3.52 3.36 
3.82 6.33 7.52 7.95 4.14 4.45 7.47 1.67 5.3 2.22 6.09 1.73 2.44 5.59 6.54 5.48 1.6 7.26 5.75 3.01 7.34 1.56 1.31 5.44 2.63 1.6 5.42 4.3 1 0.67 5.57 5.19 1.3 3.25 6.97 7.74 0.22 4.59 1.94 6.58 4.95 0.12 1.38 7.8 4.65 4.27 7.09 5.98 
1 1 1 1 1 1 1 1 1 1 1 1 1 1 1 1 1 1 1 1 1 1 1 1 1 1 1 1 1 1 1 1 1 1 1 1 1 1 1 1 1 1 1 1 1 1 1 1 
1 1 1 1 1 1 1 1 1 1 1 1 1 1 1 1 1 1 1 1 1 1 1 1 1 1 1 1 1 1 1 1 1 1 1 1 1 1 1 1 1 1 1 1 1 1 1 1 
1 1 1 1 1 1 1 1 1 1 1 1 1 1 1 1 1 1 1 1 1 1 1 1 1 1 1 1 1 1 1 1 1 1 1 1 1 1 1 1 1 1 1 1 1 1 1 1 
1 1 1 1 1 1 1 1 1 1 1 1 1 1 1 1 1 1 1 1 1 1 1 1 1 1 1 1 1 1 1 1 1 1 1 1 1 1 1 1 1 1 1 1 1 1 1 1 
1 1 1 1 1 1 1 1 1 1 1 1 1 1 1 1 1 1 1 1 1 1 1 1 1 1 1 1 1 1 1 1 1 1 1 1 1 1 1 1 1 1 1 1 1 1 1 1 
1 1 1 1 1 1 1 1 1 1 1 1 1 1 1 1 1 1 1 1 1 1 1 1 1 1 1 1 1 1 1 1 1 1 1 1 1 1 1 1 1 1 1 1 1 1 1 1 
0.01 0.01 0.01 0.01 0.01 0.01 0.01 0.01 0.01 0.01 0.01 0.01 0.01 0.01 0.01 0.01 0.01 0.01 0.01 0.01 0.01 0.01 0.01 0.01 0.01 0.01 0.01 0.01 0.01 0.01 0.01 0.01 0.01 0.01 0.01 0.01 0.01 0.01 0.01 0.01 0.01 0.01 0.01 0.01 0.01 0.01 0.01 0.01 
0.02 0.02 0.02 0.02 0.02 0.02 0.02 0.02 0.02 0.02 0.02 0.02 0.02 0.02 0.02 0.02 0.02 0.02 0.02 0.02 0.02 0.02 0.02 0.02 0.02 0.02 0.02 0.02 0.02 0.02 0.02 0.02 0.02 0.02 0.02 0.02 0.02 0.02 0.02 0.02 0.02 0.02 0.02 0.02 0.02 0.02 0.02 0.02 
0.03 0.03 0.03 0.03 0.03 0.03 0.03 0.03 0.03 0.03 0.03 0.03 0.03 0.03 0.03 0.03 0.03 0.03 0.03 0.03 0.03 0.03 0.03 0.03 0.03 0.03 0.03 0.03 0.03 0.03 0.03 0.03 0.03 0.03 0.03 0.03 0.03 0.03 0.03 0.03 0.03 0.03 0.03 0.03 0.03 0.03 0.03 0.03 
0.333333 0.333333 0.333333 0.333333 0.333333 0.333333 0.333333 0.333333 0.333333 0.333333 0.333333 0.333333 0.333333 0.333333 0.333333 0.333333 0.333333 0.333333 0.333333 0.333333 0.333333 0.333333 0.333333 0.333333 0.333333 0.333333 0.333333 0.333333 0.333333 0.333333 0.333333 0.333333 0.333333 0.333333 0.333333 0.333333 0.333333 0.333333 0.333333 0.333333 0.333333 0.333333 0.333333 0.333333 0.333333 0.333333 0.333333 0.333333 
0.666667 0.666667 0.666667 0.666667 0.666667 0.666667 0.666667 0.666667 0.666667 0.666667 0.666667 0.666667 0.666667 0.666667 0.666667 0.666667 0.666667 0.666667 0.666667 0.666667 0.666667 0.666667 0.666667 0.666667 0.666667 0.666667 0.666667 0.666667 0.666667 0.666667 0.666667 0.666667 0.666667 0.666667 0.666667 0.666667 0.666667 0.666667 0.666667 0.666667 0.666667 0.666667 0.666667 0.666667 0.666667 0.666667 0.666667 0.666667 
1 1 1 1 1 1 1 1 1 1 1 1 1 1 1 1 1 1 1 1 1 1 1 1 1 1 1 1 1 1 1 1 1 1 1 1 1 1 1 1 1 1 1 1 1 1 1 1 
