6 16 2 10
6 12 15 7 3 12 20 8 6 4 18 17 9 8 16 6 
2.33 5.4 5.61 4.71 2.12 1.85 5 1.67 2.61 2.59 0.13 2.76 7.56 5.86 0.79 3.92 
0.19 2.82 7.5 5.97 6.8 5.05 0.65 3.77 1.98 4.07 4.1 1.98 0.71 5.18 3.31 7.41 
4 4 4 4 4 4 4 4 4 4 4 4 4 4 4 4 
7.75 3.63 5.83 1.9 4.64 6.13 0.99 5.92 4.42 7.38 7.43 3.78 7.21 7.61 5.31 6.81 
5.39 1.24 5.67 6.42 0.11 7.52 0.38 2.89 5.42 1.85 4.28 1.02 6.66 7.18 2.21 7.8 
4.63 4 3.69 5.16 5.8 1.91 0.53 3.02 3.62 0.79 6.46 0.69 0.01 6.16 2.71 6.28 
1 1 1 1 1 1 1 1 1 1 1 1 1 1 1 1 
1 1 1 1 1 1 1 1 1 1 1 1 1 1 1 1 
1 1 1 1 1 1 1 1 1 1 1 1 1 1 1 1 
1 1 1 1 1 1 1 1 1 1 1 1 1 1 1 1 
1 1 1 1 1 1 1 1 1 1 1 1 1 1 1 1 
1 1 1 1 1 1 1 1 1 1 1 1 1 1 1 1 
0.01 0.01 0.01 0.01 0.01 0.01 0.01 0.01 0.01 0.01 0.01 0.01 0.01 0.01 0.01 0.01 
0.02 0.02 0.02 0.02 0.02 0.02 0.02 0.02 0.02 0.02 0.02 0.02 0.02 0.02 0.02 0.02 
0.03 0.03 0.03 0.03 0.03 0.03 0.03 0.03 0.03 0.03 0.03 0.03 0.03 0.03 0.03 0.03 
0.333333 0.333333 0.333333 0.333333 0.333333 0.333333 0.333333 0.333333 0.333333 0.333333 0.333333 0.333333 0.333333 0.333333 0.333333 0.333333 
0.666667 0.666667 0.666667 0.666667 0.666667 0.666667 0.666667 0.666667 0.666667 0.666667 0.666667 0.666667 0.666667 0.666667 0.666667 0.666667 
1 1 1 1 1 1 1 1 1 1 1 1 1 1 1 1 
