12 16 3 10
14 12 6 4 3 14 14 8 3 8 3 12 13 12 4 17 
0.08 1.95 7.79 6.49 1.13 3.38 6.18 3.72 6.28 0.28 5.35 2.01 0.17 4.28 1.05 2.72 
4.19 5.47 2.5 7.24 1.06 4.98 5.24 0.02 1.44 4.45 1.52 4.35 1.51 4.74 2.33 5.62 
4 0.26 3.6 2.79 5.01 4.2 2.09 1.93 7.57 0.48 3.14 4.33 2.81 3.48 3.57 0.37 
4 4 4 4 4 4 4 4 4 4 4 4 4 4 4 4 
2.68 6.44 5.1 3.24 5.18 3.44 0.21 4.49 6.11 0.01 2.21 2.51 2.79 5.98 2.08 6.89 
1.88 1.48 1.95 1.47 1.05 7.8 6.24 3.95 2.46 7.51 7.77 1.79 5.51 5.59 0.62 3.82 
0.34 5.7 2.67 4.15 7.79 2.23 1.74 7.45 7.69 5.37 2 4.89 2.85 7.58 7.8 2.54 
6.05 2.58 7.51 0.61 5.77 3.82 7.76 5.2 5.87 1.52 4.98 0.03 2.45 5.65 0.5 1.45 
2.04 2.34 1.62 2.91 5.95 4.09 4.64 7.16 2.84 7.52 3.42 2.74 2.78 5.33 5.85 2.6 
3.85 4.62 0.73 4.4 2.91 6.38 2.16 3.78 6.93 5.63 1.23 6.95 5.81 1.53 1.33 6.14 
5.07 0.87 4.33 5.57 5.27 4.48 4.23 6.26 6.41 1.57 5.18 3.66 4.59 0.83 3.73 7.21 
3.26 6.64 7.4 4.8 2.08 1.3 2.47 1.66 7.12 6.72 1.72 4.19 0.88 6.13 6.53 7.8 
1 1 1 1 1 1 1 1 1 1 1 1 1 1 1 1 
1 1 1 1 1 1 1 1 1 1 1 1 1 1 1 1 
1 1 1 1 1 1 1 1 1 1 1 1 1 1 1 1 
1 1 1 1 1 1 1 1 1 1 1 1 1 1 1 1 
1 1 1 1 1 1 1 1 1 1 1 1 1 1 1 1 
1 1 1 1 1 1 1 1 1 1 1 1 1 1 1 1 
1 1 1 1 1 1 1 1 1 1 1 1 1 1 1 1 
1 1 1 1 1 1 1 1 1 1 1 1 1 1 1 1 
1 1 1 1 1 1 1 1 1 1 1 1 1 1 1 1 
1 1 1 1 1 1 1 1 1 1 1 1 1 1 1 1 
1 1 1 1 1 1 1 1 1 1 1 1 1 1 1 1 
1 1 1 1 1 1 1 1 1 1 1 1 1 1 1 1 
0.01 0.01 0.01 0.01 0.01 0.01 0.01 0.01 0.01 0.01 0.01 0.01 0.01 0.01 0.01 0.01 
0.02 0.02 0.02 0.02 0.02 0.02 0.02 0.02 0.02 0.02 0.02 0.02 0.02 0.02 0.02 0.02 
0.03 0.03 0.03 0.03 0.03 0.03 0.03 0.03 0.03 0.03 0.03 0.03 0.03 0.03 0.03 0.03 
0.04 0.04 0.04 0.04 0.04 0.04 0.04 0.04 0.04 0.04 0.04 0.04 0.04 0.04 0.04 0.04 
0.125 0.125 0.125 0.125 0.125 0.125 0.125 0.125 0.125 0.125 0.125 0.125 0.125 0.125 0.125 0.125 
0.25 0.25 0.25 0.25 0.25 0.25 0.25 0.25 0.25 0.25 0.25 0.25 0.25 0.25 0.25 0.25 
0.375 0.375 0.375 0.375 0.375 0.375 0.375 0.375 0.375 0.375 0.375 0.375 0.375 0.375 0.375 0.375 
0.5 0.5 0.5 0.5 0.5 0.5 0.5 0.5 0.5 0.5 0.5 0.5 0.5 0.5 0.5 0.5 
0.625 0.625 0.625 0.625 0.625 0.625 0.625 0.625 0.625 0.625 0.625 0.625 0.625 0.625 0.625 0.625 
0.75 0.75 0.75 0.75 0.75 0.75 0.75 0.75 0.75 0.75 0.75 0.75 0.75 0.75 0.75 0.75 
0.875 0.875 0.875 0.875 0.875 0.875 0.875 0.875 0.875 0.875 0.875 0.875 0.875 0.875 0.875 0.875 
1 1 1 1 1 1 1 1 1 1 1 1 1 1 1 1 
