12 32 6 10
15 19 4 9 4 13 9 14 14 9 1 13 8 6 20 7 19 7 2 13 6 17 14 12 1 10 8 20 5 11 5 3 
3.51 3.8 1.06 0.05 0 5.03 1.83 2.4 7.33 1.04 2.05 2.94 1.35 3.01 7.6 3.69 7.5 4.43 1.18 7.73 2.58 5.99 5.24 2.23 2.79 0.67 6.41 4.47 7.65 7.17 5.81 2.05 
5.38 4.7 7.7 7.17 5.56 3.92 7.81 5.5 0.48 7.85 5.13 1.08 0.26 5.64 7.03 5.33 2.4 6.14 5.53 3.78 0.06 7.33 6.63 6.18 3.31 0.13 6.92 2.97 5.79 3.41 0.22 4.55 
0.56 4.48 1.78 1.8 5.76 2.76 5.59 7.66 1.88 0.93 4.35 6.02 6.39 1.1 3.51 6.05 4.04 4.57 6.72 4.85 2.52 0.67 7.02 2.45 7.76 6.23 7.01 3.55 5.16 3.74 7.66 1.58 
6.02 1.69 5.44 6.13 7.56 4.43 6.71 4.93 7.84 0.97 4.12 6.87 3.73 6.46 0.67 1.04 1.05 4.48 7.64 1.64 7.95 2.31 2.54 7.56 3.41 3.73 7.71 4.11 2.54 4.93 6.67 1.38 
3.91 5.21 3.42 3.51 4.54 5.48 1.62 7.89 3.14 3.31 5.12 5.57 7.96 3.33 3.96 4.91 1.06 1.69 0.06 1.76 2.8 7.91 3.53 5.22 7.65 5.77 4.79 1.11 4.82 5.68 5.09 5.37 
0.79 3.35 5.81 6.85 3.72 1.35 5.09 7.55 0.63 3.17 1.99 7.2 6.4 0.24 0.14 2.55 1.8 6.06 1.79 7.04 5.67 2.57 3.94 3.51 1.6 7.86 5.33 5.31 3.68 5.41 0.4 0.7 
4 4 4 4 4 4 4 4 4 4 4 4 4 4 4 4 4 4 4 4 4 4 4 4 4 4 4 4 4 4 4 4 
2.46 3.23 6.49 1.79 3.57 7.32 1.18 5.19 6.82 2.05 1.38 5.44 7.29 6.32 3.67 1.96 1.86 6.54 1.87 3.72 6.71 2.65 6.19 5.41 2.31 0.98 7.88 7.79 2.5 1.32 7.74 0.85 
7.47 5.6 3.14 5.77 6.53 2.15 7.44 2.73 6.42 1.59 4.55 6.02 0.89 5.86 5.84 0.26 5.33 6.12 3.95 1.96 5.12 5.13 7.73 5.87 6.44 2.79 2.22 6.11 0.85 7.54 6.91 0.72 
0.71 4.4 3.87 2.4 6.32 4.19 2.92 7.15 3.68 5.4 5.76 3.42 2.29 6.45 5.39 1.71 4.76 1.48 0.07 2.59 1.49 7.65 1.77 2.21 3.27 7.89 1.03 3.21 1.86 1.01 1.89 2.79 
2.35 7.78 2.9 3.87 3.47 3.22 1.97 1.77 5.86 3.41 7.42 0.62 7.21 5.54 5.58 3.08 7.85 1.38 5.96 0.96 1.79 7.5 0.15 6.79 7.73 1.48 2.22 4.02 0.47 4.22 4.22 7.31 
5.12 7.85 1.81 1.08 7.43 1.2 0.38 2.46 2.08 6.56 2.94 7.65 6.27 6.1 7.55 6.67 0.13 2.47 2.18 4.62 7.17 7.69 5.69 0.33 5.99 5.5 3.31 7.51 0.11 4.79 7.45 4.72 
1 1 1 1 1 1 1 1 1 1 1 1 1 1 1 1 1 1 1 1 1 1 1 1 1 1 1 1 1 1 1 1 
1 1 1 1 1 1 1 1 1 1 1 1 1 1 1 1 1 1 1 1 1 1 1 1 1 1 1 1 1 1 1 1 
1 1 1 1 1 1 1 1 1 1 1 1 1 1 1 1 1 1 1 1 1 1 1 1 1 1 1 1 1 1 1 1 
1 1 1 1 1 1 1 1 1 1 1 1 1 1 1 1 1 1 1 1 1 1 1 1 1 1 1 1 1 1 1 1 
1 1 1 1 1 1 1 1 1 1 1 1 1 1 1 1 1 1 1 1 1 1 1 1 1 1 1 1 1 1 1 1 
1 1 1 1 1 1 1 1 1 1 1 1 1 1 1 1 1 1 1 1 1 1 1 1 1 1 1 1 1 1 1 1 
1 1 1 1 1 1 1 1 1 1 1 1 1 1 1 1 1 1 1 1 1 1 1 1 1 1 1 1 1 1 1 1 
1 1 1 1 1 1 1 1 1 1 1 1 1 1 1 1 1 1 1 1 1 1 1 1 1 1 1 1 1 1 1 1 
1 1 1 1 1 1 1 1 1 1 1 1 1 1 1 1 1 1 1 1 1 1 1 1 1 1 1 1 1 1 1 1 
1 1 1 1 1 1 1 1 1 1 1 1 1 1 1 1 1 1 1 1 1 1 1 1 1 1 1 1 1 1 1 1 
1 1 1 1 1 1 1 1 1 1 1 1 1 1 1 1 1 1 1 1 1 1 1 1 1 1 1 1 1 1 1 1 
1 1 1 1 1 1 1 1 1 1 1 1 1 1 1 1 1 1 1 1 1 1 1 1 1 1 1 1 1 1 1 1 
0.01 0.01 0.01 0.01 0.01 0.01 0.01 0.01 0.01 0.01 0.01 0.01 0.01 0.01 0.01 0.01 0.01 0.01 0.01 0.01 0.01 0.01 0.01 0.01 0.01 0.01 0.01 0.01 0.01 0.01 0.01 0.01 
0.02 0.02 0.02 0.02 0.02 0.02 0.02 0.02 0.02 0.02 0.02 0.02 0.02 0.02 0.02 0.02 0.02 0.02 0.02 0.02 0.02 0.02 0.02 0.02 0.02 0.02 0.02 0.02 0.02 0.02 0.02 0.02 
0.03 0.03 0.03 0.03 0.03 0.03 0.03 0.03 0.03 0.03 0.03 0.03 0.03 0.03 0.03 0.03 0.03 0.03 0.03 0.03 0.03 0.03 0.03 0.03 0.03 0.03 0.03 0.03 0.03 0.03 0.03 0.03 
0.04 0.04 0.04 0.04 0.04 0.04 0.04 0.04 0.04 0.04 0.04 0.04 0.04 0.04 0.04 0.04 0.04 0.04 0.04 0.04 0.04 0.04 0.04 0.04 0.04 0.04 0.04 0.04 0.04 0.04 0.04 0.04 
0.05 0.05 0.05 0.05 0.05 0.05 0.05 0.05 0.05 0.05 0.05 0.05 0.05 0.05 0.05 0.05 0.05 0.05 0.05 0.05 0.05 0.05 0.05 0.05 0.05 0.05 0.05 0.05 0.05 0.05 0.05 0.05 
0.06 0.06 0.06 0.06 0.06 0.06 0.06 0.06 0.06 0.06 0.06 0.06 0.06 0.06 0.06 0.06 0.06 0.06 0.06 0.06 0.06 0.06 0.06 0.06 0.06 0.06 0.06 0.06 0.06 0.06 0.06 0.06 
0.07 0.07 0.07 0.07 0.07 0.07 0.07 0.07 0.07 0.07 0.07 0.07 0.07 0.07 0.07 0.07 0.07 0.07 0.07 0.07 0.07 0.07 0.07 0.07 0.07 0.07 0.07 0.07 0.07 0.07 0.07 0.07 
0.2 0.2 0.2 0.2 0.2 0.2 0.2 0.2 0.2 0.2 0.2 0.2 0.2 0.2 0.2 0.2 0.2 0.2 0.2 0.2 0.2 0.2 0.2 0.2 0.2 0.2 0.2 0.2 0.2 0.2 0.2 0.2 
0.4 0.4 0.4 0.4 0.4 0.4 0.4 0.4 0.4 0.4 0.4 0.4 0.4 0.4 0.4 0.4 0.4 0.4 0.4 0.4 0.4 0.4 0.4 0.4 0.4 0.4 0.4 0.4 0.4 0.4 0.4 0.4 
0.6 0.6 0.6 0.6 0.6 0.6 0.6 0.6 0.6 0.6 0.6 0.6 0.6 0.6 0.6 0.6 0.6 0.6 0.6 0.6 0.6 0.6 0.6 0.6 0.6 0.6 0.6 0.6 0.6 0.6 0.6 0.6 
0.8 0.8 0.8 0.8 0.8 0.8 0.8 0.8 0.8 0.8 0.8 0.8 0.8 0.8 0.8 0.8 0.8 0.8 0.8 0.8 0.8 0.8 0.8 0.8 0.8 0.8 0.8 0.8 0.8 0.8 0.8 0.8 
1 1 1 1 1 1 1 1 1 1 1 1 1 1 1 1 1 1 1 1 1 1 1 1 1 1 1 1 1 1 1 1 
