6 32 2 10
8 1 4 8 5 11 14 14 13 10 2 11 17 12 9 14 20 1 10 10 5 15 17 15 15 5 14 19 2 2 8 2 
6.45 7.8 3.51 7.37 0.25 7.09 3.72 4.88 3.87 1.46 1.27 4.42 0.19 4.05 6.47 7 7.2 5.02 1.1 7.2 5.18 6.13 2.21 7.71 2.07 0.22 2.77 2.33 4.97 7.59 7.02 1.82 
1.19 7.28 5.28 6.95 5.22 2.7 7.24 5.66 7.32 4.31 4.51 4.16 3.72 4.12 7.1 5.45 4.69 6.1 6.06 6.45 7.61 7.61 3.37 5.07 2.08 3.75 0.14 2.54 6.28 5.9 4.34 4.35 
4 4 4 4 4 4 4 4 4 4 4 4 4 4 4 4 4 4 4 4 4 4 4 4 4 4 4 4 4 4 4 4 
1.81 6.87 7.25 6.48 7.46 2.81 3.92 1.54 3.05 2.89 2.87 2.26 7.15 4.68 1.94 4.63 2.25 2.08 7.12 3.75 3.41 5.08 3.56 2.26 0.65 1.57 2.38 2.17 7.16 4.54 4.78 0.09 
5.77 5.9 2.73 2.61 0.19 4.59 7.72 4.4 2.29 2.84 0.68 3.64 2.38 5.93 4.08 0.42 3.82 7.74 5.11 6.09 2.45 0.03 6.23 6.51 7.63 6.79 6.53 6.09 3.12 5.33 2.7 4.14 
3.02 4.06 3.41 1.84 2.16 7.7 7.8 2.44 4.18 7.05 3.29 2.71 4.2 1.41 0.54 0.5 2.75 1.44 6.38 5.29 7.25 5.77 3.79 4.41 1.1 2.66 7.37 5.5 5.57 0.59 7.57 4.45 
1 1 1 1 1 1 1 1 1 1 1 1 1 1 1 1 1 1 1 1 1 1 1 1 1 1 1 1 1 1 1 1 
1 1 1 1 1 1 1 1 1 1 1 1 1 1 1 1 1 1 1 1 1 1 1 1 1 1 1 1 1 1 1 1 
1 1 1 1 1 1 1 1 1 1 1 1 1 1 1 1 1 1 1 1 1 1 1 1 1 1 1 1 1 1 1 1 
1 1 1 1 1 1 1 1 1 1 1 1 1 1 1 1 1 1 1 1 1 1 1 1 1 1 1 1 1 1 1 1 
1 1 1 1 1 1 1 1 1 1 1 1 1 1 1 1 1 1 1 1 1 1 1 1 1 1 1 1 1 1 1 1 
1 1 1 1 1 1 1 1 1 1 1 1 1 1 1 1 1 1 1 1 1 1 1 1 1 1 1 1 1 1 1 1 
0.01 0.01 0.01 0.01 0.01 0.01 0.01 0.01 0.01 0.01 0.01 0.01 0.01 0.01 0.01 0.01 0.01 0.01 0.01 0.01 0.01 0.01 0.01 0.01 0.01 0.01 0.01 0.01 0.01 0.01 0.01 0.01 
0.02 0.02 0.02 0.02 0.02 0.02 0.02 0.02 0.02 0.02 0.02 0.02 0.02 0.02 0.02 0.02 0.02 0.02 0.02 0.02 0.02 0.02 0.02 0.02 0.02 0.02 0.02 0.02 0.02 0.02 0.02 0.02 
0.03 0.03 0.03 0.03 0.03 0.03 0.03 0.03 0.03 0.03 0.03 0.03 0.03 0.03 0.03 0.03 0.03 0.03 0.03 0.03 0.03 0.03 0.03 0.03 0.03 0.03 0.03 0.03 0.03 0.03 0.03 0.03 
0.333333 0.333333 0.333333 0.333333 0.333333 0.333333 0.333333 0.333333 0.333333 0.333333 0.333333 0.333333 0.333333 0.333333 0.333333 0.333333 0.333333 0.333333 0.333333 0.333333 0.333333 0.333333 0.333333 0.333333 0.333333 0.333333 0.333333 0.333333 0.333333 0.333333 0.333333 0.333333 
0.666667 0.666667 0.666667 0.666667 0.666667 0.666667 0.666667 0.666667 0.666667 0.666667 0.666667 0.666667 0.666667 0.666667 0.666667 0.666667 0.666667 0.666667 0.666667 0.666667 0.666667 0.666667 0.666667 0.666667 0.666667 0.666667 0.666667 0.666667 0.666667 0.666667 0.666667 0.666667 
1 1 1 1 1 1 1 1 1 1 1 1 1 1 1 1 1 1 1 1 1 1 1 1 1 1 1 1 1 1 1 1 
