12 32 9 10
2 3 5 17 2 17 12 19 4 16 3 10 5 12 11 15 5 1 12 15 8 2 5 17 4 13 16 6 9 11 10 13 
5.75 6.08 5.29 4.88 6.15 4.27 0.54 7.58 3.12 1.32 0.4 3.23 7.35 3.07 5.03 4.88 2.63 1.79 6.5 1.95 6.92 2.57 5.01 0.72 7.23 0.59 0.14 6.43 0.84 4.77 2.36 1.99 
6.94 1.65 7.46 4.84 3.83 7.51 5.38 4.89 7.17 4 2.17 0.3 4.43 2.17 1.94 7.31 5.21 1.95 0.56 2.71 3.67 7.97 0.33 4.03 0.7 0.83 0.41 4.21 7.07 2.71 0.36 2.35 
0.9 3.93 4.38 7.82 3.11 5.84 7.34 1.09 3.8 3.14 7.05 6.75 1.15 3.94 1.16 2.29 6.73 0.97 0.49 6.85 0.02 6.72 1.79 5.52 0.93 0.6 4.26 4.73 5.48 0.01 5.08 7.73 
7.04 2.86 3.25 4.45 2.42 0.66 3.54 0.33 2.97 5.08 5.97 2.4 7.99 2.29 6.31 5.33 6.72 3.16 7.68 4.62 7.39 4.14 7.2 3.08 3.45 0.02 3.78 3.51 7.26 1.07 3.34 5.72 
1.94 1.36 5.74 6.59 5.37 6.26 4.53 5.3 3.09 5.72 3.59 5.11 2.62 6.04 0.33 0.67 5.85 4.67 5.06 5.91 1.01 1.78 1.54 4.85 4.98 0.77 7.57 7.66 2.18 7.54 1.25 2.81 
7 5.26 1.86 5.66 1.99 4.43 6.03 3.29 3.08 0.12 3.68 1.34 6.54 5.76 0.51 5.13 5.04 0.23 0.51 5.79 5.29 6.04 1.01 6.72 2.95 7.79 0.79 3.11 6.43 0.15 3.89 2.62 
0.09 7.06 1.22 1.86 7 6.38 1.47 7.42 2.66 2.11 6.19 3.45 7.41 0.3 5.61 0.51 1.36 1.05 7.74 2.43 4.31 6.3 5.06 4.93 4.33 5.73 5.99 5.05 4.03 7.11 2.72 4.94 
2.75 1.73 1.09 0.48 2.65 1.87 5.13 4.59 7.41 0.16 5.09 6.59 4.91 4.57 7.09 6.09 7.8 7.51 4.3 0.44 6.06 1.07 3.33 6.59 2.8 7.47 1.34 4.96 3.17 5.47 7.4 2.27 
4.93 3.91 3.23 0.13 5.83 6.09 1.31 1.73 7.12 3.17 5.63 2.78 2.42 2.87 5.17 0.44 4.89 5.33 4.52 1.24 4.16 3.42 3 3.38 2.7 3.17 3.79 6.11 7.31 5.98 5.28 4.64 
4 4 4 4 4 4 4 4 4 4 4 4 4 4 4 4 4 4 4 4 4 4 4 4 4 4 4 4 4 4 4 4 
0.94 5.41 5.21 5 3.11 4.95 6.26 5.66 5.25 2.55 4.04 1.27 6.75 3.75 1.31 4.53 4.76 4.74 2.48 2.76 0.34 2 5.87 7.81 5.73 1.6 0.77 7.78 2.32 7.07 5.13 5.29 
3.41 0.71 1.57 0.87 6.08 3.72 0.46 0.27 3.62 3.53 1.24 7.4 0.35 0.63 2.11 1.43 5.37 7.52 6.97 2.75 4.48 7.91 4.76 3.46 1.27 7.61 7.91 4.38 7.79 3.53 7.37 2.43 
1 1 1 1 1 1 1 1 1 1 1 1 1 1 1 1 1 1 1 1 1 1 1 1 1 1 1 1 1 1 1 1 
1 1 1 1 1 1 1 1 1 1 1 1 1 1 1 1 1 1 1 1 1 1 1 1 1 1 1 1 1 1 1 1 
1 1 1 1 1 1 1 1 1 1 1 1 1 1 1 1 1 1 1 1 1 1 1 1 1 1 1 1 1 1 1 1 
1 1 1 1 1 1 1 1 1 1 1 1 1 1 1 1 1 1 1 1 1 1 1 1 1 1 1 1 1 1 1 1 
1 1 1 1 1 1 1 1 1 1 1 1 1 1 1 1 1 1 1 1 1 1 1 1 1 1 1 1 1 1 1 1 
1 1 1 1 1 1 1 1 1 1 1 1 1 1 1 1 1 1 1 1 1 1 1 1 1 1 1 1 1 1 1 1 
1 1 1 1 1 1 1 1 1 1 1 1 1 1 1 1 1 1 1 1 1 1 1 1 1 1 1 1 1 1 1 1 
1 1 1 1 1 1 1 1 1 1 1 1 1 1 1 1 1 1 1 1 1 1 1 1 1 1 1 1 1 1 1 1 
1 1 1 1 1 1 1 1 1 1 1 1 1 1 1 1 1 1 1 1 1 1 1 1 1 1 1 1 1 1 1 1 
1 1 1 1 1 1 1 1 1 1 1 1 1 1 1 1 1 1 1 1 1 1 1 1 1 1 1 1 1 1 1 1 
1 1 1 1 1 1 1 1 1 1 1 1 1 1 1 1 1 1 1 1 1 1 1 1 1 1 1 1 1 1 1 1 
1 1 1 1 1 1 1 1 1 1 1 1 1 1 1 1 1 1 1 1 1 1 1 1 1 1 1 1 1 1 1 1 
0.01 0.01 0.01 0.01 0.01 0.01 0.01 0.01 0.01 0.01 0.01 0.01 0.01 0.01 0.01 0.01 0.01 0.01 0.01 0.01 0.01 0.01 0.01 0.01 0.01 0.01 0.01 0.01 0.01 0.01 0.01 0.01 
0.02 0.02 0.02 0.02 0.02 0.02 0.02 0.02 0.02 0.02 0.02 0.02 0.02 0.02 0.02 0.02 0.02 0.02 0.02 0.02 0.02 0.02 0.02 0.02 0.02 0.02 0.02 0.02 0.02 0.02 0.02 0.02 
0.03 0.03 0.03 0.03 0.03 0.03 0.03 0.03 0.03 0.03 0.03 0.03 0.03 0.03 0.03 0.03 0.03 0.03 0.03 0.03 0.03 0.03 0.03 0.03 0.03 0.03 0.03 0.03 0.03 0.03 0.03 0.03 
0.04 0.04 0.04 0.04 0.04 0.04 0.04 0.04 0.04 0.04 0.04 0.04 0.04 0.04 0.04 0.04 0.04 0.04 0.04 0.04 0.04 0.04 0.04 0.04 0.04 0.04 0.04 0.04 0.04 0.04 0.04 0.04 
0.05 0.05 0.05 0.05 0.05 0.05 0.05 0.05 0.05 0.05 0.05 0.05 0.05 0.05 0.05 0.05 0.05 0.05 0.05 0.05 0.05 0.05 0.05 0.05 0.05 0.05 0.05 0.05 0.05 0.05 0.05 0.05 
0.06 0.06 0.06 0.06 0.06 0.06 0.06 0.06 0.06 0.06 0.06 0.06 0.06 0.06 0.06 0.06 0.06 0.06 0.06 0.06 0.06 0.06 0.06 0.06 0.06 0.06 0.06 0.06 0.06 0.06 0.06 0.06 
0.07 0.07 0.07 0.07 0.07 0.07 0.07 0.07 0.07 0.07 0.07 0.07 0.07 0.07 0.07 0.07 0.07 0.07 0.07 0.07 0.07 0.07 0.07 0.07 0.07 0.07 0.07 0.07 0.07 0.07 0.07 0.07 
0.08 0.08 0.08 0.08 0.08 0.08 0.08 0.08 0.08 0.08 0.08 0.08 0.08 0.08 0.08 0.08 0.08 0.08 0.08 0.08 0.08 0.08 0.08 0.08 0.08 0.08 0.08 0.08 0.08 0.08 0.08 0.08 
0.09 0.09 0.09 0.09 0.09 0.09 0.09 0.09 0.09 0.09 0.09 0.09 0.09 0.09 0.09 0.09 0.09 0.09 0.09 0.09 0.09 0.09 0.09 0.09 0.09 0.09 0.09 0.09 0.09 0.09 0.09 0.09 
0.1 0.1 0.1 0.1 0.1 0.1 0.1 0.1 0.1 0.1 0.1 0.1 0.1 0.1 0.1 0.1 0.1 0.1 0.1 0.1 0.1 0.1 0.1 0.1 0.1 0.1 0.1 0.1 0.1 0.1 0.1 0.1 
0.5 0.5 0.5 0.5 0.5 0.5 0.5 0.5 0.5 0.5 0.5 0.5 0.5 0.5 0.5 0.5 0.5 0.5 0.5 0.5 0.5 0.5 0.5 0.5 0.5 0.5 0.5 0.5 0.5 0.5 0.5 0.5 
1 1 1 1 1 1 1 1 1 1 1 1 1 1 1 1 1 1 1 1 1 1 1 1 1 1 1 1 1 1 1 1 
