3 48 1 10
20 14 8 16 5 1 14 2 17 9 7 14 11 17 15 12 12 13 18 9 4 17 17 11 2 11 7 7 18 16 11 14 19 15 13 17 16 7 5 6 10 4 10 7 6 16 10 2 
5.23 0.75 7.44 1.98 4.3 0.61 0.79 0.52 3.07 2.25 2.45 1.82 2.06 1.18 3.53 7.66 2.53 4.87 6.29 5.96 3.54 0.11 7.03 7.54 2.42 0.51 7.85 3.91 1 7.25 4.99 3.78 0.99 6.7 1.8 4.7 6.43 4.24 4.41 4.53 2.96 0.75 0.49 5.7 6.98 0.51 5.24 4.91 
4 4 4 4 4 4 4 4 4 4 4 4 4 4 4 4 4 4 4 4 4 4 4 4 4 4 4 4 4 4 4 4 4 4 4 4 4 4 4 4 4 4 4 4 4 4 4 4 
0.32 4.43 2.91 5.72 4.03 4.49 0.33 3.1 0.69 6.42 5.15 3.35 7.13 1.05 2.72 0.47 0.32 5.89 3.83 5.34 6.2 1.54 6.19 7.85 6.4 7.46 6.2 1.44 5.74 6.03 0.62 4.34 5.4 0.16 7.63 4.32 3.98 1.11 2.15 4.14 6.97 1.68 6.11 6.92 4.42 2.75 0.11 2.07 
1 1 1 1 1 1 1 1 1 1 1 1 1 1 1 1 1 1 1 1 1 1 1 1 1 1 1 1 1 1 1 1 1 1 1 1 1 1 1 1 1 1 1 1 1 1 1 1 
1 1 1 1 1 1 1 1 1 1 1 1 1 1 1 1 1 1 1 1 1 1 1 1 1 1 1 1 1 1 1 1 1 1 1 1 1 1 1 1 1 1 1 1 1 1 1 1 
1 1 1 1 1 1 1 1 1 1 1 1 1 1 1 1 1 1 1 1 1 1 1 1 1 1 1 1 1 1 1 1 1 1 1 1 1 1 1 1 1 1 1 1 1 1 1 1 
0.01 0.01 0.01 0.01 0.01 0.01 0.01 0.01 0.01 0.01 0.01 0.01 0.01 0.01 0.01 0.01 0.01 0.01 0.01 0.01 0.01 0.01 0.01 0.01 0.01 0.01 0.01 0.01 0.01 0.01 0.01 0.01 0.01 0.01 0.01 0.01 0.01 0.01 0.01 0.01 0.01 0.01 0.01 0.01 0.01 0.01 0.01 0.01 
0.02 0.02 0.02 0.02 0.02 0.02 0.02 0.02 0.02 0.02 0.02 0.02 0.02 0.02 0.02 0.02 0.02 0.02 0.02 0.02 0.02 0.02 0.02 0.02 0.02 0.02 0.02 0.02 0.02 0.02 0.02 0.02 0.02 0.02 0.02 0.02 0.02 0.02 0.02 0.02 0.02 0.02 0.02 0.02 0.02 0.02 0.02 0.02 
1 1 1 1 1 1 1 1 1 1 1 1 1 1 1 1 1 1 1 1 1 1 1 1 1 1 1 1 1 1 1 1 1 1 1 1 1 1 1 1 1 1 1 1 1 1 1 1 
