6 48 4 10
13 16 13 10 19 8 14 6 8 3 19 14 4 15 1 20 13 15 9 13 4 1 8 1 17 20 20 3 12 14 20 12 14 1 13 11 6 13 12 6 14 9 20 14 20 15 14 19 
1.93 2.93 0.68 2.39 5.24 1.77 1.96 5.63 2.14 1.8 7.59 1.77 1.4 4.92 4.85 5.63 3.97 6.19 5.27 1.89 2.6 5.12 6.48 6.2 7.08 5.33 0.58 1.07 3.55 7.49 6.21 5.96 7.21 1.62 1.78 0.89 3.85 3.46 6.33 1.78 2.63 0.15 5.34 4.99 5.49 5.76 2.92 5.45 
7.65 1.96 0.48 5.9 3.56 2.48 1.26 3.43 2.88 3.66 1.77 0.55 5.54 2.66 1.14 2.15 7.61 2.21 2.63 7.47 1.89 2.28 4.19 5.56 7.53 0.12 2.3 2.75 2.73 7.28 4.27 4.28 2.6 6.53 7.84 2.03 5.84 5.48 1.59 6.93 5.79 2.68 6.75 6.75 1.68 4.13 5.54 1.31 
2.22 5.69 0.04 1.25 0.81 3.73 1.73 7.31 5.96 7.18 7.9 0.47 3.5 1.46 7.53 4.56 3.79 3.95 8 3 6.54 5.37 5.34 2.88 6.47 7.84 4.87 5.25 2.32 1.83 0.3 6.57 1.05 3.69 7.77 1.87 0.48 1.88 0 0.77 2.11 0.62 4.3 1.98 5.27 7.76 5.65 2.14 
1.48 7.62 1.69 6.64 4.19 1.13 3.81 6.09 0.3 6.78 4.36 0.94 1.2 6.48 3.12 6.33 7.44 4.61 4.1 5.28 7.28 5.52 1.06 3.77 0.73 4.23 5.82 7.53 7.87 3.62 4.52 0.37 7.03 3.81 2.14 4.15 1.66 1.07 4.72 5.67 3.11 4.96 1.32 3.55 5.26 5.37 4.01 4.09 
4 4 4 4 4 4 4 4 4 4 4 4 4 4 4 4 4 4 4 4 4 4 4 4 4 4 4 4 4 4 4 4 4 4 4 4 4 4 4 4 4 4 4 4 4 4 4 4 
1.2 5.09 1.15 4.85 7.23 5.54 2.11 6.11 0.23 5.81 1.7 3.04 1.08 2.33 1.22 4.13 6.78 6.2 1.34 7.12 6.14 7.24 1.99 6.82 5.19 6.11 6.24 5.24 2.38 2.53 4.01 0.93 4.22 7.34 4.07 1.47 0.56 1.7 6.14 3.24 1.49 4.03 4.18 6.64 0.3 3.7 7.75 3.84 
1 1 1 1 1 1 1 1 1 1 1 1 1 1 1 1 1 1 1 1 1 1 1 1 1 1 1 1 1 1 1 1 1 1 1 1 1 1 1 1 1 1 1 1 1 1 1 1 
1 1 1 1 1 1 1 1 1 1 1 1 1 1 1 1 1 1 1 1 1 1 1 1 1 1 1 1 1 1 1 1 1 1 1 1 1 1 1 1 1 1 1 1 1 1 1 1 
1 1 1 1 1 1 1 1 1 1 1 1 1 1 1 1 1 1 1 1 1 1 1 1 1 1 1 1 1 1 1 1 1 1 1 1 1 1 1 1 1 1 1 1 1 1 1 1 
1 1 1 1 1 1 1 1 1 1 1 1 1 1 1 1 1 1 1 1 1 1 1 1 1 1 1 1 1 1 1 1 1 1 1 1 1 1 1 1 1 1 1 1 1 1 1 1 
1 1 1 1 1 1 1 1 1 1 1 1 1 1 1 1 1 1 1 1 1 1 1 1 1 1 1 1 1 1 1 1 1 1 1 1 1 1 1 1 1 1 1 1 1 1 1 1 
1 1 1 1 1 1 1 1 1 1 1 1 1 1 1 1 1 1 1 1 1 1 1 1 1 1 1 1 1 1 1 1 1 1 1 1 1 1 1 1 1 1 1 1 1 1 1 1 
0.01 0.01 0.01 0.01 0.01 0.01 0.01 0.01 0.01 0.01 0.01 0.01 0.01 0.01 0.01 0.01 0.01 0.01 0.01 0.01 0.01 0.01 0.01 0.01 0.01 0.01 0.01 0.01 0.01 0.01 0.01 0.01 0.01 0.01 0.01 0.01 0.01 0.01 0.01 0.01 0.01 0.01 0.01 0.01 0.01 0.01 0.01 0.01 
0.02 0.02 0.02 0.02 0.02 0.02 0.02 0.02 0.02 0.02 0.02 0.02 0.02 0.02 0.02 0.02 0.02 0.02 0.02 0.02 0.02 0.02 0.02 0.02 0.02 0.02 0.02 0.02 0.02 0.02 0.02 0.02 0.02 0.02 0.02 0.02 0.02 0.02 0.02 0.02 0.02 0.02 0.02 0.02 0.02 0.02 0.02 0.02 
0.03 0.03 0.03 0.03 0.03 0.03 0.03 0.03 0.03 0.03 0.03 0.03 0.03 0.03 0.03 0.03 0.03 0.03 0.03 0.03 0.03 0.03 0.03 0.03 0.03 0.03 0.03 0.03 0.03 0.03 0.03 0.03 0.03 0.03 0.03 0.03 0.03 0.03 0.03 0.03 0.03 0.03 0.03 0.03 0.03 0.03 0.03 0.03 
0.04 0.04 0.04 0.04 0.04 0.04 0.04 0.04 0.04 0.04 0.04 0.04 0.04 0.04 0.04 0.04 0.04 0.04 0.04 0.04 0.04 0.04 0.04 0.04 0.04 0.04 0.04 0.04 0.04 0.04 0.04 0.04 0.04 0.04 0.04 0.04 0.04 0.04 0.04 0.04 0.04 0.04 0.04 0.04 0.04 0.04 0.04 0.04 
0.05 0.05 0.05 0.05 0.05 0.05 0.05 0.05 0.05 0.05 0.05 0.05 0.05 0.05 0.05 0.05 0.05 0.05 0.05 0.05 0.05 0.05 0.05 0.05 0.05 0.05 0.05 0.05 0.05 0.05 0.05 0.05 0.05 0.05 0.05 0.05 0.05 0.05 0.05 0.05 0.05 0.05 0.05 0.05 0.05 0.05 0.05 0.05 
1 1 1 1 1 1 1 1 1 1 1 1 1 1 1 1 1 1 1 1 1 1 1 1 1 1 1 1 1 1 1 1 1 1 1 1 1 1 1 1 1 1 1 1 1 1 1 1 
