3 32 1 10
2 19 14 17 7 12 8 14 4 18 1 8 14 7 9 13 19 12 1 2 17 9 1 3 4 10 1 11 11 8 8 10 
2.55 5.57 7.8 1.18 4.62 2.48 7.41 3.78 7.11 5.18 2.72 5.9 5.23 2.39 1.56 3.73 2.92 2.09 5.48 0.99 4.55 1.83 0.68 7.73 0.63 6.55 6.17 5 5.61 2.18 5.19 6.29 
4 4 4 4 4 4 4 4 4 4 4 4 4 4 4 4 4 4 4 4 4 4 4 4 4 4 4 4 4 4 4 4 
1.77 7.74 6.27 1.14 4.62 0.71 1.18 1.3 1.33 7.17 4.97 2.1 7.83 4.35 4.69 7.77 2.36 7.5 5.73 4.44 1.63 4.03 5.13 2.71 3.31 0.18 0.25 3.88 4.13 2.02 4.06 0.05 
1 1 1 1 1 1 1 1 1 1 1 1 1 1 1 1 1 1 1 1 1 1 1 1 1 1 1 1 1 1 1 1 
1 1 1 1 1 1 1 1 1 1 1 1 1 1 1 1 1 1 1 1 1 1 1 1 1 1 1 1 1 1 1 1 
1 1 1 1 1 1 1 1 1 1 1 1 1 1 1 1 1 1 1 1 1 1 1 1 1 1 1 1 1 1 1 1 
0.01 0.01 0.01 0.01 0.01 0.01 0.01 0.01 0.01 0.01 0.01 0.01 0.01 0.01 0.01 0.01 0.01 0.01 0.01 0.01 0.01 0.01 0.01 0.01 0.01 0.01 0.01 0.01 0.01 0.01 0.01 0.01 
0.02 0.02 0.02 0.02 0.02 0.02 0.02 0.02 0.02 0.02 0.02 0.02 0.02 0.02 0.02 0.02 0.02 0.02 0.02 0.02 0.02 0.02 0.02 0.02 0.02 0.02 0.02 0.02 0.02 0.02 0.02 0.02 
1 1 1 1 1 1 1 1 1 1 1 1 1 1 1 1 1 1 1 1 1 1 1 1 1 1 1 1 1 1 1 1 
