6 40 2 10
18 14 10 14 1 9 6 18 7 4 3 10 13 14 19 16 14 8 20 11 11 1 7 10 16 16 1 14 5 14 11 9 16 1 15 12 2 10 20 10 
0.27 1.16 1.07 2.19 3.98 5.3 5.71 2.38 2.53 4.16 4.62 1.66 3.97 5.56 4.99 3.03 2.09 2.7 7.56 4.87 6.31 4.61 0.19 7.55 0.41 0.53 6.02 6.73 2.97 6.71 7.72 4.73 2.44 0.44 3.09 1.61 1.83 3.42 4.72 2.14 
1.77 1.03 6.31 4.89 7.41 7.29 1.12 5.42 3.02 7.4 7.62 5.35 0.77 5.82 7.81 2.06 1.36 6.16 1.92 2.93 6.49 5.86 5.83 6.19 2.74 3.6 5.14 3.46 3.49 5.65 0.16 3.96 3.8 3.96 6.46 5.66 3.6 7.61 2.38 0.02 
4 4 4 4 4 4 4 4 4 4 4 4 4 4 4 4 4 4 4 4 4 4 4 4 4 4 4 4 4 4 4 4 4 4 4 4 4 4 4 4 
4.39 3.85 3.29 0.35 7.89 6.15 0.55 4 7.63 2.66 3.78 2.48 3.92 7.37 3.36 1.67 3.68 1.28 1.13 7.05 2.22 2.7 5.49 2.92 3.59 0.4 6.5 6.75 2.06 4.68 6.65 6.29 6.86 7.61 4.2 3.79 4.17 5.96 3.37 0.57 
6.7 1.24 5.63 2.04 1.52 5.08 6.19 7.03 1.49 6.15 3.42 7.34 7.13 5.56 5.8 5.99 2.41 7.45 2.56 7.13 2.17 5.82 0.88 5.45 7.02 6.64 3.94 0.97 3.28 6.95 1.02 6.95 7.61 4.7 2.97 7.57 4.56 6.72 1.96 4.89 
2.43 1.74 3.6 7.26 2.58 2.65 5.93 7.31 0.49 2.63 7.68 4.17 2.41 3.18 1.61 7.31 1.45 3.1 7.01 5.47 4.92 7.31 6.19 2.74 3.42 1.65 0.94 2.48 0.57 4.64 7.94 0.67 3.51 0.28 3.12 0.5 0.87 3.62 6.51 0.81 
1 1 1 1 1 1 1 1 1 1 1 1 1 1 1 1 1 1 1 1 1 1 1 1 1 1 1 1 1 1 1 1 1 1 1 1 1 1 1 1 
1 1 1 1 1 1 1 1 1 1 1 1 1 1 1 1 1 1 1 1 1 1 1 1 1 1 1 1 1 1 1 1 1 1 1 1 1 1 1 1 
1 1 1 1 1 1 1 1 1 1 1 1 1 1 1 1 1 1 1 1 1 1 1 1 1 1 1 1 1 1 1 1 1 1 1 1 1 1 1 1 
1 1 1 1 1 1 1 1 1 1 1 1 1 1 1 1 1 1 1 1 1 1 1 1 1 1 1 1 1 1 1 1 1 1 1 1 1 1 1 1 
1 1 1 1 1 1 1 1 1 1 1 1 1 1 1 1 1 1 1 1 1 1 1 1 1 1 1 1 1 1 1 1 1 1 1 1 1 1 1 1 
1 1 1 1 1 1 1 1 1 1 1 1 1 1 1 1 1 1 1 1 1 1 1 1 1 1 1 1 1 1 1 1 1 1 1 1 1 1 1 1 
0.01 0.01 0.01 0.01 0.01 0.01 0.01 0.01 0.01 0.01 0.01 0.01 0.01 0.01 0.01 0.01 0.01 0.01 0.01 0.01 0.01 0.01 0.01 0.01 0.01 0.01 0.01 0.01 0.01 0.01 0.01 0.01 0.01 0.01 0.01 0.01 0.01 0.01 0.01 0.01 
0.02 0.02 0.02 0.02 0.02 0.02 0.02 0.02 0.02 0.02 0.02 0.02 0.02 0.02 0.02 0.02 0.02 0.02 0.02 0.02 0.02 0.02 0.02 0.02 0.02 0.02 0.02 0.02 0.02 0.02 0.02 0.02 0.02 0.02 0.02 0.02 0.02 0.02 0.02 0.02 
0.03 0.03 0.03 0.03 0.03 0.03 0.03 0.03 0.03 0.03 0.03 0.03 0.03 0.03 0.03 0.03 0.03 0.03 0.03 0.03 0.03 0.03 0.03 0.03 0.03 0.03 0.03 0.03 0.03 0.03 0.03 0.03 0.03 0.03 0.03 0.03 0.03 0.03 0.03 0.03 
0.333333 0.333333 0.333333 0.333333 0.333333 0.333333 0.333333 0.333333 0.333333 0.333333 0.333333 0.333333 0.333333 0.333333 0.333333 0.333333 0.333333 0.333333 0.333333 0.333333 0.333333 0.333333 0.333333 0.333333 0.333333 0.333333 0.333333 0.333333 0.333333 0.333333 0.333333 0.333333 0.333333 0.333333 0.333333 0.333333 0.333333 0.333333 0.333333 0.333333 
0.666667 0.666667 0.666667 0.666667 0.666667 0.666667 0.666667 0.666667 0.666667 0.666667 0.666667 0.666667 0.666667 0.666667 0.666667 0.666667 0.666667 0.666667 0.666667 0.666667 0.666667 0.666667 0.666667 0.666667 0.666667 0.666667 0.666667 0.666667 0.666667 0.666667 0.666667 0.666667 0.666667 0.666667 0.666667 0.666667 0.666667 0.666667 0.666667 0.666667 
1 1 1 1 1 1 1 1 1 1 1 1 1 1 1 1 1 1 1 1 1 1 1 1 1 1 1 1 1 1 1 1 1 1 1 1 1 1 1 1 
