12 16 6 10
4 1 13 18 14 9 10 12 6 19 2 6 5 4 17 18 
4.41 3.86 5.07 1.02 7.56 6.95 5.02 6.88 0 4.2 3.89 5.61 3.15 3.38 2.52 6.04 
7.63 2.56 6.39 6.58 5.04 2 6.91 5.99 1.3 6.19 3.04 2.26 3.57 3.63 7.37 6.6 
6.05 1.92 5.52 3 1.16 4.04 2.44 7.64 2.89 4.23 4.91 0.72 3.64 2.2 7.28 7.03 
7.78 0.57 5.79 2.27 5.72 4.75 3.22 3.91 7.47 2.35 4.24 4.35 2.06 4.16 7.8 7.46 
4.18 7.51 4.87 3.86 5.25 3.15 7.05 1.07 1.52 6.94 1.2 5.15 0.34 7.19 6.33 6.47 
6.18 3.75 0.65 5.88 2.18 1.01 2.98 1.3 2.93 2.73 0.87 6.59 1.72 0.69 6.63 1.71 
4 4 4 4 4 4 4 4 4 4 4 4 4 4 4 4 
7.7 0.21 2.22 2.11 1.45 5.93 7.95 6.81 5.07 7.13 6.53 6.02 7.26 5.32 5.54 3.21 
7.56 5.59 6.7 4.09 2.61 0.88 4.28 6.58 4.25 7.95 5.02 1.11 2.64 7.2 0.64 2.95 
0.16 1.82 3.85 0.78 6.67 1.25 1.72 7.36 3.25 7.28 2.89 2.77 7.81 6.77 5.96 4.64 
4.01 5.59 1.53 6.55 7.85 4.5 7.07 3.6 6.13 0.82 3.8 1.06 4.65 6.36 5.74 3.75 
4.4 7.57 1.04 7.78 3.21 7.9 2.55 3.84 5.94 0.99 1.14 6.46 4.27 3.63 6.13 1.98 
1 1 1 1 1 1 1 1 1 1 1 1 1 1 1 1 
1 1 1 1 1 1 1 1 1 1 1 1 1 1 1 1 
1 1 1 1 1 1 1 1 1 1 1 1 1 1 1 1 
1 1 1 1 1 1 1 1 1 1 1 1 1 1 1 1 
1 1 1 1 1 1 1 1 1 1 1 1 1 1 1 1 
1 1 1 1 1 1 1 1 1 1 1 1 1 1 1 1 
1 1 1 1 1 1 1 1 1 1 1 1 1 1 1 1 
1 1 1 1 1 1 1 1 1 1 1 1 1 1 1 1 
1 1 1 1 1 1 1 1 1 1 1 1 1 1 1 1 
1 1 1 1 1 1 1 1 1 1 1 1 1 1 1 1 
1 1 1 1 1 1 1 1 1 1 1 1 1 1 1 1 
1 1 1 1 1 1 1 1 1 1 1 1 1 1 1 1 
0.01 0.01 0.01 0.01 0.01 0.01 0.01 0.01 0.01 0.01 0.01 0.01 0.01 0.01 0.01 0.01 
0.02 0.02 0.02 0.02 0.02 0.02 0.02 0.02 0.02 0.02 0.02 0.02 0.02 0.02 0.02 0.02 
0.03 0.03 0.03 0.03 0.03 0.03 0.03 0.03 0.03 0.03 0.03 0.03 0.03 0.03 0.03 0.03 
0.04 0.04 0.04 0.04 0.04 0.04 0.04 0.04 0.04 0.04 0.04 0.04 0.04 0.04 0.04 0.04 
0.05 0.05 0.05 0.05 0.05 0.05 0.05 0.05 0.05 0.05 0.05 0.05 0.05 0.05 0.05 0.05 
0.06 0.06 0.06 0.06 0.06 0.06 0.06 0.06 0.06 0.06 0.06 0.06 0.06 0.06 0.06 0.06 
0.07 0.07 0.07 0.07 0.07 0.07 0.07 0.07 0.07 0.07 0.07 0.07 0.07 0.07 0.07 0.07 
0.2 0.2 0.2 0.2 0.2 0.2 0.2 0.2 0.2 0.2 0.2 0.2 0.2 0.2 0.2 0.2 
0.4 0.4 0.4 0.4 0.4 0.4 0.4 0.4 0.4 0.4 0.4 0.4 0.4 0.4 0.4 0.4 
0.6 0.6 0.6 0.6 0.6 0.6 0.6 0.6 0.6 0.6 0.6 0.6 0.6 0.6 0.6 0.6 
0.8 0.8 0.8 0.8 0.8 0.8 0.8 0.8 0.8 0.8 0.8 0.8 0.8 0.8 0.8 0.8 
1 1 1 1 1 1 1 1 1 1 1 1 1 1 1 1 
