12 16 3 10
13 6 1 12 5 14 3 1 3 18 2 7 13 17 1 9 
6.78 1.03 0.25 1.88 3.68 1.69 3.86 0.96 1.72 3.62 2.66 2.33 4.62 5.95 1.92 4.28 
1.29 4.48 4.08 0.23 4.61 5.36 5.76 1.09 3.89 3.62 7.9 1.15 7.52 4.03 6.58 5.94 
0.63 2.7 2.7 0.96 4.09 7.11 1.81 0.05 2.13 0.91 6.48 3.78 7.42 4.16 4.96 5.99 
4 4 4 4 4 4 4 4 4 4 4 4 4 4 4 4 
5.27 5.84 3.35 2.52 0.52 3.63 6.58 5.17 1 5.01 1.7 2.78 7.85 7.69 4.57 7.83 
7.06 0.42 6.14 3.2 2.02 7.31 5.25 4.01 1.52 6.93 5.37 3.98 0.77 6.67 5.92 6.67 
3.43 3.7 2.68 7.85 7.61 1.74 5.43 7.76 4.09 0.9 5.03 3.81 3.02 0.61 5.26 6.84 
2.06 1.12 7.31 2.97 3.44 0.99 5.47 4.53 6.92 5.45 2.36 6.09 4.29 0.32 6.64 7.11 
5.95 5.61 0.46 1.96 6.51 1.41 4.62 5.47 4.46 3.49 2.04 3.56 0.84 2.35 7.24 6.25 
2.03 0.13 3.05 2.3 2.98 7.87 2.62 1.58 6.77 6.38 3.81 7.81 6.4 3.13 6.99 7.82 
3.78 0.64 1.65 1.1 6.8 7.82 3.13 2.25 4.49 2.61 2.19 1.57 3.07 4.26 0.64 6.69 
0.4 2.83 7.4 4.09 5.52 1.8 5.47 5.62 7.37 4.29 7.75 5.01 0.54 2.71 2.3 0.59 
1 1 1 1 1 1 1 1 1 1 1 1 1 1 1 1 
1 1 1 1 1 1 1 1 1 1 1 1 1 1 1 1 
1 1 1 1 1 1 1 1 1 1 1 1 1 1 1 1 
1 1 1 1 1 1 1 1 1 1 1 1 1 1 1 1 
1 1 1 1 1 1 1 1 1 1 1 1 1 1 1 1 
1 1 1 1 1 1 1 1 1 1 1 1 1 1 1 1 
1 1 1 1 1 1 1 1 1 1 1 1 1 1 1 1 
1 1 1 1 1 1 1 1 1 1 1 1 1 1 1 1 
1 1 1 1 1 1 1 1 1 1 1 1 1 1 1 1 
1 1 1 1 1 1 1 1 1 1 1 1 1 1 1 1 
1 1 1 1 1 1 1 1 1 1 1 1 1 1 1 1 
1 1 1 1 1 1 1 1 1 1 1 1 1 1 1 1 
0.01 0.01 0.01 0.01 0.01 0.01 0.01 0.01 0.01 0.01 0.01 0.01 0.01 0.01 0.01 0.01 
0.02 0.02 0.02 0.02 0.02 0.02 0.02 0.02 0.02 0.02 0.02 0.02 0.02 0.02 0.02 0.02 
0.03 0.03 0.03 0.03 0.03 0.03 0.03 0.03 0.03 0.03 0.03 0.03 0.03 0.03 0.03 0.03 
0.04 0.04 0.04 0.04 0.04 0.04 0.04 0.04 0.04 0.04 0.04 0.04 0.04 0.04 0.04 0.04 
0.125 0.125 0.125 0.125 0.125 0.125 0.125 0.125 0.125 0.125 0.125 0.125 0.125 0.125 0.125 0.125 
0.25 0.25 0.25 0.25 0.25 0.25 0.25 0.25 0.25 0.25 0.25 0.25 0.25 0.25 0.25 0.25 
0.375 0.375 0.375 0.375 0.375 0.375 0.375 0.375 0.375 0.375 0.375 0.375 0.375 0.375 0.375 0.375 
0.5 0.5 0.5 0.5 0.5 0.5 0.5 0.5 0.5 0.5 0.5 0.5 0.5 0.5 0.5 0.5 
0.625 0.625 0.625 0.625 0.625 0.625 0.625 0.625 0.625 0.625 0.625 0.625 0.625 0.625 0.625 0.625 
0.75 0.75 0.75 0.75 0.75 0.75 0.75 0.75 0.75 0.75 0.75 0.75 0.75 0.75 0.75 0.75 
0.875 0.875 0.875 0.875 0.875 0.875 0.875 0.875 0.875 0.875 0.875 0.875 0.875 0.875 0.875 0.875 
1 1 1 1 1 1 1 1 1 1 1 1 1 1 1 1 
