6 16 4 10
19 9 10 17 2 20 3 13 11 7 5 16 3 17 5 14 
2.61 5.1 7.14 6.47 1.25 7.39 6.23 3.74 0.57 0.3 6.64 5.71 1.17 0.42 5.39 4.55 
2.03 4.95 6.67 2.05 5.96 0.84 0.92 7.6 2.93 4.9 5.58 4.63 3.32 0.3 2.13 4.52 
1.05 7.13 1.99 3.41 7.42 2.97 2.88 0.34 3.34 5.22 4.75 6.25 7.73 4.87 7.67 4.15 
7.99 7.64 0.64 1.87 2.23 4.77 6.95 5.98 3.13 2.12 5.28 4.04 0.13 4.43 6.66 1.94 
4 4 4 4 4 4 4 4 4 4 4 4 4 4 4 4 
7.16 3 2.46 1.58 3.4 1.25 6.73 6.19 4.65 4.08 2.33 4.95 0.51 2.1 4.38 1.27 
1 1 1 1 1 1 1 1 1 1 1 1 1 1 1 1 
1 1 1 1 1 1 1 1 1 1 1 1 1 1 1 1 
1 1 1 1 1 1 1 1 1 1 1 1 1 1 1 1 
1 1 1 1 1 1 1 1 1 1 1 1 1 1 1 1 
1 1 1 1 1 1 1 1 1 1 1 1 1 1 1 1 
1 1 1 1 1 1 1 1 1 1 1 1 1 1 1 1 
0.01 0.01 0.01 0.01 0.01 0.01 0.01 0.01 0.01 0.01 0.01 0.01 0.01 0.01 0.01 0.01 
0.02 0.02 0.02 0.02 0.02 0.02 0.02 0.02 0.02 0.02 0.02 0.02 0.02 0.02 0.02 0.02 
0.03 0.03 0.03 0.03 0.03 0.03 0.03 0.03 0.03 0.03 0.03 0.03 0.03 0.03 0.03 0.03 
0.04 0.04 0.04 0.04 0.04 0.04 0.04 0.04 0.04 0.04 0.04 0.04 0.04 0.04 0.04 0.04 
0.05 0.05 0.05 0.05 0.05 0.05 0.05 0.05 0.05 0.05 0.05 0.05 0.05 0.05 0.05 0.05 
1 1 1 1 1 1 1 1 1 1 1 1 1 1 1 1 
