12 16 9 10
7 8 5 6 15 1 12 3 15 11 12 10 2 14 6 3 
4.39 6.37 3.88 3.57 0.17 4.16 5.75 0.4 6.77 1.94 4.23 6.3 0.87 2.41 2.62 0.01 
6.7 7.9 0.75 2.94 1.96 4.09 1.7 1.02 2.04 4.57 4.12 3.87 3.35 6.34 2.7 2.92 
5.28 0.41 0.89 2.5 4.64 6.97 4.5 7.45 2.91 2.06 4.99 6.41 4.37 0.03 2.11 3.19 
0 6.49 5.96 5.9 0.26 6.56 3.58 7.84 3.98 3.35 3.98 6.32 7.81 2.75 4.86 2.08 
6.36 7.95 4.35 5.45 1.04 1.36 7.25 3.89 6.36 4.26 2.83 0.75 3.44 3.26 5.4 1.81 
3.25 2.75 1.75 7.02 1.94 3.31 5.86 2.54 2.3 7.56 5.9 2.63 1.77 6.49 3.62 6.86 
1.93 4.97 6.14 5.96 5.2 0.45 3.94 3.05 0.74 2.12 4.13 4.23 4.39 2.42 4.8 6.54 
7.74 4.26 2.4 0.45 4.65 5.08 6 4.51 0.27 1.39 7.25 3.07 2.31 3.86 0.53 5.1 
4.85 5.89 4.93 4.02 0.98 6.15 1.2 1.62 6.58 6.12 5.07 5.33 1.97 5.58 0.48 2.72 
4 4 4 4 4 4 4 4 4 4 4 4 4 4 4 4 
4.97 2.25 3.92 7.35 3.35 5.66 6.75 6.67 3.3 7.72 5.5 4.44 0.03 0.51 5.66 3.02 
2.81 0.73 1.14 2.8 2.64 2.3 5.5 2.31 3.76 1.38 5.39 4.56 1.78 2.51 7.83 0.53 
1 1 1 1 1 1 1 1 1 1 1 1 1 1 1 1 
1 1 1 1 1 1 1 1 1 1 1 1 1 1 1 1 
1 1 1 1 1 1 1 1 1 1 1 1 1 1 1 1 
1 1 1 1 1 1 1 1 1 1 1 1 1 1 1 1 
1 1 1 1 1 1 1 1 1 1 1 1 1 1 1 1 
1 1 1 1 1 1 1 1 1 1 1 1 1 1 1 1 
1 1 1 1 1 1 1 1 1 1 1 1 1 1 1 1 
1 1 1 1 1 1 1 1 1 1 1 1 1 1 1 1 
1 1 1 1 1 1 1 1 1 1 1 1 1 1 1 1 
1 1 1 1 1 1 1 1 1 1 1 1 1 1 1 1 
1 1 1 1 1 1 1 1 1 1 1 1 1 1 1 1 
1 1 1 1 1 1 1 1 1 1 1 1 1 1 1 1 
0.01 0.01 0.01 0.01 0.01 0.01 0.01 0.01 0.01 0.01 0.01 0.01 0.01 0.01 0.01 0.01 
0.02 0.02 0.02 0.02 0.02 0.02 0.02 0.02 0.02 0.02 0.02 0.02 0.02 0.02 0.02 0.02 
0.03 0.03 0.03 0.03 0.03 0.03 0.03 0.03 0.03 0.03 0.03 0.03 0.03 0.03 0.03 0.03 
0.04 0.04 0.04 0.04 0.04 0.04 0.04 0.04 0.04 0.04 0.04 0.04 0.04 0.04 0.04 0.04 
0.05 0.05 0.05 0.05 0.05 0.05 0.05 0.05 0.05 0.05 0.05 0.05 0.05 0.05 0.05 0.05 
0.06 0.06 0.06 0.06 0.06 0.06 0.06 0.06 0.06 0.06 0.06 0.06 0.06 0.06 0.06 0.06 
0.07 0.07 0.07 0.07 0.07 0.07 0.07 0.07 0.07 0.07 0.07 0.07 0.07 0.07 0.07 0.07 
0.08 0.08 0.08 0.08 0.08 0.08 0.08 0.08 0.08 0.08 0.08 0.08 0.08 0.08 0.08 0.08 
0.09 0.09 0.09 0.09 0.09 0.09 0.09 0.09 0.09 0.09 0.09 0.09 0.09 0.09 0.09 0.09 
0.1 0.1 0.1 0.1 0.1 0.1 0.1 0.1 0.1 0.1 0.1 0.1 0.1 0.1 0.1 0.1 
0.5 0.5 0.5 0.5 0.5 0.5 0.5 0.5 0.5 0.5 0.5 0.5 0.5 0.5 0.5 0.5 
1 1 1 1 1 1 1 1 1 1 1 1 1 1 1 1 
