6 16 4 10
8 10 9 17 1 4 12 6 5 16 19 7 13 18 17 3 
7.86 2 6.66 6.84 7.88 0.54 6.59 7.21 4.89 1.41 5.47 3.69 4.35 2.26 6.05 5.11 
3.41 7.27 2.18 7.98 4.35 3.77 2.97 3.99 3.85 1.36 6.4 3.94 5.16 1.13 2.01 1.69 
2.82 4.92 7.29 4.18 4.95 3.61 7.59 1.91 6.79 6.49 1.25 1.06 2.38 6.29 6.83 0.31 
4.22 4.64 1.65 7.77 2.44 4.52 5.8 5.9 6.39 3.09 6.93 4.18 4.73 0.05 7.78 7.14 
4 4 4 4 4 4 4 4 4 4 4 4 4 4 4 4 
1.35 4.63 5.42 0.01 6.93 5 0.57 3.77 2.51 1.85 2.03 2.57 4.09 5.88 1.79 6.67 
1 1 1 1 1 1 1 1 1 1 1 1 1 1 1 1 
1 1 1 1 1 1 1 1 1 1 1 1 1 1 1 1 
1 1 1 1 1 1 1 1 1 1 1 1 1 1 1 1 
1 1 1 1 1 1 1 1 1 1 1 1 1 1 1 1 
1 1 1 1 1 1 1 1 1 1 1 1 1 1 1 1 
1 1 1 1 1 1 1 1 1 1 1 1 1 1 1 1 
0.01 0.01 0.01 0.01 0.01 0.01 0.01 0.01 0.01 0.01 0.01 0.01 0.01 0.01 0.01 0.01 
0.02 0.02 0.02 0.02 0.02 0.02 0.02 0.02 0.02 0.02 0.02 0.02 0.02 0.02 0.02 0.02 
0.03 0.03 0.03 0.03 0.03 0.03 0.03 0.03 0.03 0.03 0.03 0.03 0.03 0.03 0.03 0.03 
0.04 0.04 0.04 0.04 0.04 0.04 0.04 0.04 0.04 0.04 0.04 0.04 0.04 0.04 0.04 0.04 
0.05 0.05 0.05 0.05 0.05 0.05 0.05 0.05 0.05 0.05 0.05 0.05 0.05 0.05 0.05 0.05 
1 1 1 1 1 1 1 1 1 1 1 1 1 1 1 1 
