6 32 2 10
8 20 13 12 1 14 10 8 7 8 18 8 5 11 9 4 1 8 8 4 8 11 12 2 13 3 14 3 8 17 14 8 
4.22 7.11 0.66 5.32 2.26 6.76 5.5 4.37 2.47 0.39 5.37 2.68 3.75 3.88 7.65 1.02 0.91 1.96 6.49 1.79 2.43 0.05 4.52 3.18 2.37 7.85 6.43 6.85 0.9 3.22 2.96 7.78 
5.74 6.14 7.14 5.13 1.26 7.33 2.78 3.73 3.7 6.53 5.83 5.8 1.88 2.18 6.98 7.31 5.63 0.18 5.26 4.13 5.42 6.29 4.9 6.41 0.51 3.97 0.85 1.95 3.46 6.38 4.43 4.34 
4 4 4 4 4 4 4 4 4 4 4 4 4 4 4 4 4 4 4 4 4 4 4 4 4 4 4 4 4 4 4 4 
1.78 1.54 2.8 2.68 5.44 4.89 7.24 2.47 5.23 4.5 3.1 4.3 6.07 3.02 4.22 4.58 6.51 1.73 2.26 1.68 3.37 6.94 6.54 4.52 0.16 5 6.09 5.29 4.2 1.71 7.87 3.48 
6.71 1.82 1.39 6.92 2.18 3.5 7.99 0.78 7.04 0.26 6.85 5.9 4.54 4.56 2.62 4.12 1.22 2.6 4.3 1.82 2.66 7.11 4.5 0.16 5.53 3.61 2.56 1.36 1.46 6.68 6.21 3.41 
3.51 5.93 6.33 5.86 5.23 2.7 0.22 1.35 6.06 7.86 6.63 5.56 2.77 7.82 1.12 2.09 7.13 3.41 6.81 6.63 6.36 0.16 5.25 3.16 7.66 1.02 2.39 0.67 7.07 7.48 4.96 4.41 
1 1 1 1 1 1 1 1 1 1 1 1 1 1 1 1 1 1 1 1 1 1 1 1 1 1 1 1 1 1 1 1 
1 1 1 1 1 1 1 1 1 1 1 1 1 1 1 1 1 1 1 1 1 1 1 1 1 1 1 1 1 1 1 1 
1 1 1 1 1 1 1 1 1 1 1 1 1 1 1 1 1 1 1 1 1 1 1 1 1 1 1 1 1 1 1 1 
1 1 1 1 1 1 1 1 1 1 1 1 1 1 1 1 1 1 1 1 1 1 1 1 1 1 1 1 1 1 1 1 
1 1 1 1 1 1 1 1 1 1 1 1 1 1 1 1 1 1 1 1 1 1 1 1 1 1 1 1 1 1 1 1 
1 1 1 1 1 1 1 1 1 1 1 1 1 1 1 1 1 1 1 1 1 1 1 1 1 1 1 1 1 1 1 1 
0.01 0.01 0.01 0.01 0.01 0.01 0.01 0.01 0.01 0.01 0.01 0.01 0.01 0.01 0.01 0.01 0.01 0.01 0.01 0.01 0.01 0.01 0.01 0.01 0.01 0.01 0.01 0.01 0.01 0.01 0.01 0.01 
0.02 0.02 0.02 0.02 0.02 0.02 0.02 0.02 0.02 0.02 0.02 0.02 0.02 0.02 0.02 0.02 0.02 0.02 0.02 0.02 0.02 0.02 0.02 0.02 0.02 0.02 0.02 0.02 0.02 0.02 0.02 0.02 
0.03 0.03 0.03 0.03 0.03 0.03 0.03 0.03 0.03 0.03 0.03 0.03 0.03 0.03 0.03 0.03 0.03 0.03 0.03 0.03 0.03 0.03 0.03 0.03 0.03 0.03 0.03 0.03 0.03 0.03 0.03 0.03 
0.333333 0.333333 0.333333 0.333333 0.333333 0.333333 0.333333 0.333333 0.333333 0.333333 0.333333 0.333333 0.333333 0.333333 0.333333 0.333333 0.333333 0.333333 0.333333 0.333333 0.333333 0.333333 0.333333 0.333333 0.333333 0.333333 0.333333 0.333333 0.333333 0.333333 0.333333 0.333333 
0.666667 0.666667 0.666667 0.666667 0.666667 0.666667 0.666667 0.666667 0.666667 0.666667 0.666667 0.666667 0.666667 0.666667 0.666667 0.666667 0.666667 0.666667 0.666667 0.666667 0.666667 0.666667 0.666667 0.666667 0.666667 0.666667 0.666667 0.666667 0.666667 0.666667 0.666667 0.666667 
1 1 1 1 1 1 1 1 1 1 1 1 1 1 1 1 1 1 1 1 1 1 1 1 1 1 1 1 1 1 1 1 
