6 16 2 10
10 20 5 15 2 13 5 9 17 12 10 14 2 18 11 19 
5.57 1.32 3.49 1.06 4.15 6.86 0.72 4.89 1.24 4.77 4.62 5.61 2.82 7.36 3.51 4.13 
7.78 1.39 0.92 0.77 0.13 7.91 1.96 1.15 5.7 3.36 1.61 7.95 2.39 4 4.18 6.11 
4 4 4 4 4 4 4 4 4 4 4 4 4 4 4 4 
2.94 7.1 5.14 4.08 5.45 5.24 3.13 4.05 3.38 1.9 7.74 7.96 3.89 4.4 6.3 3.88 
8 4.88 0.98 2.36 0.89 2.32 1.46 7.22 0.94 5.95 5.87 4.26 1.99 6.43 0.56 7.2 
2.67 4.49 6.33 6.64 2.78 0.9 3.89 1.24 2.05 5.69 7.99 0.32 4.64 7.86 2.41 6.54 
1 1 1 1 1 1 1 1 1 1 1 1 1 1 1 1 
1 1 1 1 1 1 1 1 1 1 1 1 1 1 1 1 
1 1 1 1 1 1 1 1 1 1 1 1 1 1 1 1 
1 1 1 1 1 1 1 1 1 1 1 1 1 1 1 1 
1 1 1 1 1 1 1 1 1 1 1 1 1 1 1 1 
1 1 1 1 1 1 1 1 1 1 1 1 1 1 1 1 
0.01 0.01 0.01 0.01 0.01 0.01 0.01 0.01 0.01 0.01 0.01 0.01 0.01 0.01 0.01 0.01 
0.02 0.02 0.02 0.02 0.02 0.02 0.02 0.02 0.02 0.02 0.02 0.02 0.02 0.02 0.02 0.02 
0.03 0.03 0.03 0.03 0.03 0.03 0.03 0.03 0.03 0.03 0.03 0.03 0.03 0.03 0.03 0.03 
0.333333 0.333333 0.333333 0.333333 0.333333 0.333333 0.333333 0.333333 0.333333 0.333333 0.333333 0.333333 0.333333 0.333333 0.333333 0.333333 
0.666667 0.666667 0.666667 0.666667 0.666667 0.666667 0.666667 0.666667 0.666667 0.666667 0.666667 0.666667 0.666667 0.666667 0.666667 0.666667 
1 1 1 1 1 1 1 1 1 1 1 1 1 1 1 1 
