6 16 2 10
9 19 5 10 9 18 9 5 20 1 5 1 17 20 17 18 
2.25 7.7 6.72 0.25 7.77 1.76 3.75 3.06 2.75 0.43 3.74 2.53 4.4 5.13 4.74 7.48 
4.1 1.15 6.78 6.81 2.64 7.66 7.94 2.77 4.17 5.41 0.66 1.34 1.63 2.48 4.43 4.34 
4 4 4 4 4 4 4 4 4 4 4 4 4 4 4 4 
6.54 5.45 1.6 3.29 7.73 6.88 0.86 4.8 7.77 4.5 1.53 5.97 4.78 0.51 5.97 2.79 
1.62 0.75 3.23 6.48 0.85 6.25 6.87 6.28 4.08 7.5 5.44 6.33 4.11 0.03 7.46 5.14 
4.67 7.79 3.58 7.11 6.17 2.8 5.18 0.8 3.85 3.38 0.59 2.64 7.9 6.73 0.71 3.91 
1 1 1 1 1 1 1 1 1 1 1 1 1 1 1 1 
1 1 1 1 1 1 1 1 1 1 1 1 1 1 1 1 
1 1 1 1 1 1 1 1 1 1 1 1 1 1 1 1 
1 1 1 1 1 1 1 1 1 1 1 1 1 1 1 1 
1 1 1 1 1 1 1 1 1 1 1 1 1 1 1 1 
1 1 1 1 1 1 1 1 1 1 1 1 1 1 1 1 
0.01 0.01 0.01 0.01 0.01 0.01 0.01 0.01 0.01 0.01 0.01 0.01 0.01 0.01 0.01 0.01 
0.02 0.02 0.02 0.02 0.02 0.02 0.02 0.02 0.02 0.02 0.02 0.02 0.02 0.02 0.02 0.02 
0.03 0.03 0.03 0.03 0.03 0.03 0.03 0.03 0.03 0.03 0.03 0.03 0.03 0.03 0.03 0.03 
0.333333 0.333333 0.333333 0.333333 0.333333 0.333333 0.333333 0.333333 0.333333 0.333333 0.333333 0.333333 0.333333 0.333333 0.333333 0.333333 
0.666667 0.666667 0.666667 0.666667 0.666667 0.666667 0.666667 0.666667 0.666667 0.666667 0.666667 0.666667 0.666667 0.666667 0.666667 0.666667 
1 1 1 1 1 1 1 1 1 1 1 1 1 1 1 1 
