12 32 9 10
19 17 11 13 14 2 7 4 13 13 12 16 17 13 8 17 11 10 5 5 10 9 12 3 14 18 7 8 11 2 4 7 
2.85 2.93 5.58 7.95 3.39 1.49 0.95 2.69 5.95 4.48 6.88 2.89 3.62 5.69 5.09 5.48 5.62 4.98 2.63 0.49 0.58 7.61 0.29 2.19 6.98 1.26 2.97 1.52 6.21 1.07 7.55 5.05 
6.13 6.21 6.8 5.58 1.9 1.08 6.11 3.27 3.67 2.64 5.7 6.67 6.54 7.19 5.27 3.86 4.44 0.61 1.74 0.98 5.61 2.83 7.08 4.06 2.13 6.34 3.13 2.74 2.93 0.19 4.77 4.09 
4.66 7.99 6.45 3.99 7.3 0.65 2.65 1.57 0.17 5.46 4.37 7.7 0.2 3.2 7.79 6.87 3.45 6.65 1.41 0.3 0.39 0.98 6.12 1.31 0.47 7.05 5.88 1.23 1.86 2.94 3.23 7.95 
2.67 5.69 4.93 0.72 1.63 7.54 1.32 4.67 7.48 4.41 5.35 5.96 6.61 6.78 1.95 2.98 2.21 7.53 6.76 3.73 3.28 3.48 4.58 7.54 3.53 5.31 5.74 0.02 4.31 6.22 2.33 3.62 
1.96 2.03 7.87 2.51 4.43 7.72 0.08 4.61 4.64 5.28 7.78 3.95 2.38 5.63 2.54 0.72 7.31 1.51 2.64 4.86 5.77 2.11 4.17 1.95 4.15 4.52 2.96 1.87 1.21 5.98 1.23 6.37 
1.72 6.43 7.65 2.75 6.79 2.21 4.74 5.29 7.46 6.91 5.11 8 0.35 3.33 1.21 0.95 7.93 0.09 3.15 5.86 4.23 1.23 2.09 7.57 2.62 4.98 7.44 5.55 2.61 4.75 0.74 6.89 
5.06 4.7 7.68 4.23 6.42 3.88 2.05 2.56 2.56 2.16 4.95 3.91 2.81 5.92 3.59 7.07 2.79 2.43 5.43 5.96 6.42 4.91 1.22 7.95 2.31 5.95 0.62 5.33 5.71 6.1 0.63 7.45 
5.12 7.52 3.89 0.02 6.71 6.59 6.7 7.98 5.35 0.45 4.88 6.81 4.91 6.06 3.61 3.17 0.95 4.81 0.09 5.89 2.69 4.68 0.99 7.02 6.11 4.42 1.16 7.78 1.05 7.92 1.39 5.97 
4.4 5.95 2.95 3.72 3.53 4.17 6.47 7.88 1.43 6.65 5.2 1.85 6.98 6.88 4.45 6.79 1.46 0.29 5.95 5.89 7.67 0.34 0.35 1.7 6.42 3.36 1.64 5.08 3.87 2.73 1.01 6.05 
4 4 4 4 4 4 4 4 4 4 4 4 4 4 4 4 4 4 4 4 4 4 4 4 4 4 4 4 4 4 4 4 
7.39 0.23 6.15 0.5 0.22 6.71 4.83 4.87 1.06 7.79 1.37 7.22 6.39 3.13 5.86 3.57 5.83 2.61 3.4 2.93 7.61 6.29 5.33 4.4 5.62 3.76 2.66 5.17 1.22 3.22 7.24 3.45 
0.76 8 4.82 0.09 2.85 3.28 7.71 4.2 3.39 1.46 3.06 1.1 0.3 6.94 7.65 1.65 6.19 6.95 5.99 0.16 1.86 6.07 6.2 6.97 2.49 1.2 7.17 3.14 4.17 5.63 7.51 3.77 
1 1 1 1 1 1 1 1 1 1 1 1 1 1 1 1 1 1 1 1 1 1 1 1 1 1 1 1 1 1 1 1 
1 1 1 1 1 1 1 1 1 1 1 1 1 1 1 1 1 1 1 1 1 1 1 1 1 1 1 1 1 1 1 1 
1 1 1 1 1 1 1 1 1 1 1 1 1 1 1 1 1 1 1 1 1 1 1 1 1 1 1 1 1 1 1 1 
1 1 1 1 1 1 1 1 1 1 1 1 1 1 1 1 1 1 1 1 1 1 1 1 1 1 1 1 1 1 1 1 
1 1 1 1 1 1 1 1 1 1 1 1 1 1 1 1 1 1 1 1 1 1 1 1 1 1 1 1 1 1 1 1 
1 1 1 1 1 1 1 1 1 1 1 1 1 1 1 1 1 1 1 1 1 1 1 1 1 1 1 1 1 1 1 1 
1 1 1 1 1 1 1 1 1 1 1 1 1 1 1 1 1 1 1 1 1 1 1 1 1 1 1 1 1 1 1 1 
1 1 1 1 1 1 1 1 1 1 1 1 1 1 1 1 1 1 1 1 1 1 1 1 1 1 1 1 1 1 1 1 
1 1 1 1 1 1 1 1 1 1 1 1 1 1 1 1 1 1 1 1 1 1 1 1 1 1 1 1 1 1 1 1 
1 1 1 1 1 1 1 1 1 1 1 1 1 1 1 1 1 1 1 1 1 1 1 1 1 1 1 1 1 1 1 1 
1 1 1 1 1 1 1 1 1 1 1 1 1 1 1 1 1 1 1 1 1 1 1 1 1 1 1 1 1 1 1 1 
1 1 1 1 1 1 1 1 1 1 1 1 1 1 1 1 1 1 1 1 1 1 1 1 1 1 1 1 1 1 1 1 
0.01 0.01 0.01 0.01 0.01 0.01 0.01 0.01 0.01 0.01 0.01 0.01 0.01 0.01 0.01 0.01 0.01 0.01 0.01 0.01 0.01 0.01 0.01 0.01 0.01 0.01 0.01 0.01 0.01 0.01 0.01 0.01 
0.02 0.02 0.02 0.02 0.02 0.02 0.02 0.02 0.02 0.02 0.02 0.02 0.02 0.02 0.02 0.02 0.02 0.02 0.02 0.02 0.02 0.02 0.02 0.02 0.02 0.02 0.02 0.02 0.02 0.02 0.02 0.02 
0.03 0.03 0.03 0.03 0.03 0.03 0.03 0.03 0.03 0.03 0.03 0.03 0.03 0.03 0.03 0.03 0.03 0.03 0.03 0.03 0.03 0.03 0.03 0.03 0.03 0.03 0.03 0.03 0.03 0.03 0.03 0.03 
0.04 0.04 0.04 0.04 0.04 0.04 0.04 0.04 0.04 0.04 0.04 0.04 0.04 0.04 0.04 0.04 0.04 0.04 0.04 0.04 0.04 0.04 0.04 0.04 0.04 0.04 0.04 0.04 0.04 0.04 0.04 0.04 
0.05 0.05 0.05 0.05 0.05 0.05 0.05 0.05 0.05 0.05 0.05 0.05 0.05 0.05 0.05 0.05 0.05 0.05 0.05 0.05 0.05 0.05 0.05 0.05 0.05 0.05 0.05 0.05 0.05 0.05 0.05 0.05 
0.06 0.06 0.06 0.06 0.06 0.06 0.06 0.06 0.06 0.06 0.06 0.06 0.06 0.06 0.06 0.06 0.06 0.06 0.06 0.06 0.06 0.06 0.06 0.06 0.06 0.06 0.06 0.06 0.06 0.06 0.06 0.06 
0.07 0.07 0.07 0.07 0.07 0.07 0.07 0.07 0.07 0.07 0.07 0.07 0.07 0.07 0.07 0.07 0.07 0.07 0.07 0.07 0.07 0.07 0.07 0.07 0.07 0.07 0.07 0.07 0.07 0.07 0.07 0.07 
0.08 0.08 0.08 0.08 0.08 0.08 0.08 0.08 0.08 0.08 0.08 0.08 0.08 0.08 0.08 0.08 0.08 0.08 0.08 0.08 0.08 0.08 0.08 0.08 0.08 0.08 0.08 0.08 0.08 0.08 0.08 0.08 
0.09 0.09 0.09 0.09 0.09 0.09 0.09 0.09 0.09 0.09 0.09 0.09 0.09 0.09 0.09 0.09 0.09 0.09 0.09 0.09 0.09 0.09 0.09 0.09 0.09 0.09 0.09 0.09 0.09 0.09 0.09 0.09 
0.1 0.1 0.1 0.1 0.1 0.1 0.1 0.1 0.1 0.1 0.1 0.1 0.1 0.1 0.1 0.1 0.1 0.1 0.1 0.1 0.1 0.1 0.1 0.1 0.1 0.1 0.1 0.1 0.1 0.1 0.1 0.1 
0.5 0.5 0.5 0.5 0.5 0.5 0.5 0.5 0.5 0.5 0.5 0.5 0.5 0.5 0.5 0.5 0.5 0.5 0.5 0.5 0.5 0.5 0.5 0.5 0.5 0.5 0.5 0.5 0.5 0.5 0.5 0.5 
1 1 1 1 1 1 1 1 1 1 1 1 1 1 1 1 1 1 1 1 1 1 1 1 1 1 1 1 1 1 1 1 
