12 32 3 10
11 9 18 11 20 5 8 13 14 14 3 13 5 1 2 13 4 16 7 1 8 18 11 2 3 2 12 9 13 3 10 19 
2.34 1.59 4.62 3.91 0.9 1.72 0.19 1.52 7.61 7.74 1.85 6.2 4.05 0.29 5.11 3.91 2.71 2.67 6.14 3.13 4.75 5.12 3.16 4.43 0.33 0.53 3.21 5.51 2.26 5.97 4.3 1.77 
2.2 3.64 6.21 6.78 3.58 3.81 5.31 6.42 7.12 7.1 7.05 7.43 1.83 3.8 3.53 7.74 6.14 4.37 5.04 3.12 0 3.69 3.61 3.8 5.73 3.75 5.26 0.8 4.59 2.03 4.17 7.41 
5.74 3.63 3.15 4.2 3.99 7.34 2.52 4.61 5.43 6.99 6.76 2.5 6.7 3.15 6.59 7.98 3.56 7.27 2.59 7.44 2.97 0.57 5.19 2.97 1.95 2.94 1.09 2.19 5.34 4.21 7.23 6.9 
4 4 4 4 4 4 4 4 4 4 4 4 4 4 4 4 4 4 4 4 4 4 4 4 4 4 4 4 4 4 4 4 
3.67 4.2 7.25 3.95 0.85 7.22 5.76 3.27 1.91 6.13 6.14 1.18 4.82 5.68 7.01 2.52 3.7 4.33 5.09 2.23 4.65 1.5 6.07 1.75 6.19 5.44 4.25 7.39 2.42 4.17 6.86 0.42 
0.23 3.8 4.68 1.29 1.81 3.08 1.85 0.55 6.69 2.34 6.96 1.29 3.6 6.47 1.42 6.1 0.76 2.76 3.13 7.39 7.54 3.2 0.8 3.81 3.2 3.22 7.69 6.07 4.18 3.16 2.42 6.28 
5.91 5.27 3.21 0.5 0.34 3.54 2.15 7.2 7.34 1.2 4.62 0.67 2.79 5.41 1.68 7.52 7.49 0.98 1.38 4.93 4.49 0.13 2.72 6.19 2.87 4.86 4.43 5.55 3.5 5.48 3.2 1.56 
2.16 0.53 1.61 0.66 0.39 3.31 5.99 6.14 7.59 3.06 0.7 0.48 1.45 1.85 1.2 0.5 7.98 6.91 4.05 6.04 7.62 6.97 1.8 6.08 6.06 0.65 3.46 6.63 6.58 5.13 0.3 6.6 
6.13 0.73 0.93 2.61 7.2 3.16 5.36 3.3 1.68 5.15 2.24 2.32 5.78 5.24 4.75 0.37 0.74 6.58 1.67 5.08 0.07 4.25 5.53 3.97 1.9 1.18 6.95 2.84 5.02 7.26 2.32 2.17 
5.87 7.75 0.86 3.74 3.21 5.98 0.05 3.37 7.35 7.76 0.84 4.95 5.65 0.32 1.62 0.31 0.91 5.43 7.55 2.65 3.49 7.38 1.38 2.35 2.93 5.46 2.61 2.57 1.87 4.59 6.77 4.14 
0.85 4.8 2.02 1.97 4.29 0.61 6.33 2.12 7.98 7.1 7.49 2.77 3.7 1.92 1.19 7.28 2.01 4.57 0.84 3.06 4.59 2.53 6.78 7.99 5.74 6.76 0.96 0.29 1.36 3.51 1.5 6.78 
6.33 1.2 4.64 3.67 0.79 6.14 5.95 6 3.66 6.81 5.2 4.94 5.43 6.28 2.73 3.37 7.37 0.1 7.33 4.33 1.62 3.52 5.12 1.02 7.24 5.65 7.54 3.01 4.52 0.13 7.36 2.1 
1 1 1 1 1 1 1 1 1 1 1 1 1 1 1 1 1 1 1 1 1 1 1 1 1 1 1 1 1 1 1 1 
1 1 1 1 1 1 1 1 1 1 1 1 1 1 1 1 1 1 1 1 1 1 1 1 1 1 1 1 1 1 1 1 
1 1 1 1 1 1 1 1 1 1 1 1 1 1 1 1 1 1 1 1 1 1 1 1 1 1 1 1 1 1 1 1 
1 1 1 1 1 1 1 1 1 1 1 1 1 1 1 1 1 1 1 1 1 1 1 1 1 1 1 1 1 1 1 1 
1 1 1 1 1 1 1 1 1 1 1 1 1 1 1 1 1 1 1 1 1 1 1 1 1 1 1 1 1 1 1 1 
1 1 1 1 1 1 1 1 1 1 1 1 1 1 1 1 1 1 1 1 1 1 1 1 1 1 1 1 1 1 1 1 
1 1 1 1 1 1 1 1 1 1 1 1 1 1 1 1 1 1 1 1 1 1 1 1 1 1 1 1 1 1 1 1 
1 1 1 1 1 1 1 1 1 1 1 1 1 1 1 1 1 1 1 1 1 1 1 1 1 1 1 1 1 1 1 1 
1 1 1 1 1 1 1 1 1 1 1 1 1 1 1 1 1 1 1 1 1 1 1 1 1 1 1 1 1 1 1 1 
1 1 1 1 1 1 1 1 1 1 1 1 1 1 1 1 1 1 1 1 1 1 1 1 1 1 1 1 1 1 1 1 
1 1 1 1 1 1 1 1 1 1 1 1 1 1 1 1 1 1 1 1 1 1 1 1 1 1 1 1 1 1 1 1 
1 1 1 1 1 1 1 1 1 1 1 1 1 1 1 1 1 1 1 1 1 1 1 1 1 1 1 1 1 1 1 1 
0.01 0.01 0.01 0.01 0.01 0.01 0.01 0.01 0.01 0.01 0.01 0.01 0.01 0.01 0.01 0.01 0.01 0.01 0.01 0.01 0.01 0.01 0.01 0.01 0.01 0.01 0.01 0.01 0.01 0.01 0.01 0.01 
0.02 0.02 0.02 0.02 0.02 0.02 0.02 0.02 0.02 0.02 0.02 0.02 0.02 0.02 0.02 0.02 0.02 0.02 0.02 0.02 0.02 0.02 0.02 0.02 0.02 0.02 0.02 0.02 0.02 0.02 0.02 0.02 
0.03 0.03 0.03 0.03 0.03 0.03 0.03 0.03 0.03 0.03 0.03 0.03 0.03 0.03 0.03 0.03 0.03 0.03 0.03 0.03 0.03 0.03 0.03 0.03 0.03 0.03 0.03 0.03 0.03 0.03 0.03 0.03 
0.04 0.04 0.04 0.04 0.04 0.04 0.04 0.04 0.04 0.04 0.04 0.04 0.04 0.04 0.04 0.04 0.04 0.04 0.04 0.04 0.04 0.04 0.04 0.04 0.04 0.04 0.04 0.04 0.04 0.04 0.04 0.04 
0.125 0.125 0.125 0.125 0.125 0.125 0.125 0.125 0.125 0.125 0.125 0.125 0.125 0.125 0.125 0.125 0.125 0.125 0.125 0.125 0.125 0.125 0.125 0.125 0.125 0.125 0.125 0.125 0.125 0.125 0.125 0.125 
0.25 0.25 0.25 0.25 0.25 0.25 0.25 0.25 0.25 0.25 0.25 0.25 0.25 0.25 0.25 0.25 0.25 0.25 0.25 0.25 0.25 0.25 0.25 0.25 0.25 0.25 0.25 0.25 0.25 0.25 0.25 0.25 
0.375 0.375 0.375 0.375 0.375 0.375 0.375 0.375 0.375 0.375 0.375 0.375 0.375 0.375 0.375 0.375 0.375 0.375 0.375 0.375 0.375 0.375 0.375 0.375 0.375 0.375 0.375 0.375 0.375 0.375 0.375 0.375 
0.5 0.5 0.5 0.5 0.5 0.5 0.5 0.5 0.5 0.5 0.5 0.5 0.5 0.5 0.5 0.5 0.5 0.5 0.5 0.5 0.5 0.5 0.5 0.5 0.5 0.5 0.5 0.5 0.5 0.5 0.5 0.5 
0.625 0.625 0.625 0.625 0.625 0.625 0.625 0.625 0.625 0.625 0.625 0.625 0.625 0.625 0.625 0.625 0.625 0.625 0.625 0.625 0.625 0.625 0.625 0.625 0.625 0.625 0.625 0.625 0.625 0.625 0.625 0.625 
0.75 0.75 0.75 0.75 0.75 0.75 0.75 0.75 0.75 0.75 0.75 0.75 0.75 0.75 0.75 0.75 0.75 0.75 0.75 0.75 0.75 0.75 0.75 0.75 0.75 0.75 0.75 0.75 0.75 0.75 0.75 0.75 
0.875 0.875 0.875 0.875 0.875 0.875 0.875 0.875 0.875 0.875 0.875 0.875 0.875 0.875 0.875 0.875 0.875 0.875 0.875 0.875 0.875 0.875 0.875 0.875 0.875 0.875 0.875 0.875 0.875 0.875 0.875 0.875 
1 1 1 1 1 1 1 1 1 1 1 1 1 1 1 1 1 1 1 1 1 1 1 1 1 1 1 1 1 1 1 1 
