6 48 4 10
5 1 13 5 8 7 18 5 18 4 5 4 10 20 17 3 16 19 7 11 9 7 2 19 19 15 11 6 18 11 19 10 4 4 4 19 12 14 11 3 9 18 1 16 4 14 1 17 
7.55 2.56 7.48 3.54 0.84 2.13 4.84 7.13 4.01 7.21 0.53 2.83 6.39 3.2 0.88 2.16 5.83 4.39 3.53 6.91 7.12 1.88 4.08 4.56 7.61 7.71 6.13 4.18 6.42 6.94 6.67 1.47 5.11 6.82 5.74 7.86 2.48 1.14 6.33 5.12 5.46 0.85 7.75 3.66 2.05 4.37 2.55 2.83 
2.73 3.09 4.54 6.01 2.13 5.23 4.04 2.57 0.21 7.09 5.86 5.66 1.12 3.31 1.61 4.75 4.99 2.66 0.2 0.46 0.64 4.03 6.61 0.05 3.31 6.75 1.04 6.84 3.76 1.38 1.71 3.51 1.72 5 0.62 1.01 7.24 5.42 7.98 0.72 4.1 0.36 0.51 6.64 0.07 7.33 0.94 0.91 
0.23 7.75 6.31 5 7.75 0.55 5.06 2.44 0.87 4.82 3.1 2.69 2.36 7.21 6.89 7.42 3.66 1.59 1.16 2.08 4.78 6.41 6.74 1.77 3.86 0.34 4.43 4.6 3.64 6.8 6.16 2.42 5.93 3.91 7.83 0.8 2.62 4.64 3.6 5.72 7.48 7.17 1.84 1.66 5.62 6 4.53 6.11 
3.8 0.12 0.97 0.49 6.06 1.92 3.38 3.19 3.14 3 2.77 0.01 0.98 1 0.33 5.65 4.43 4.72 3.36 2.32 3.67 5.79 7.02 0.13 0.63 6.45 3.32 7.12 0.52 0.06 0.71 6.45 0.52 6.18 5.74 7.97 6.14 2.12 0.44 0.13 6.85 7.53 6.84 0.98 0.64 0.4 4.67 1.72 
4 4 4 4 4 4 4 4 4 4 4 4 4 4 4 4 4 4 4 4 4 4 4 4 4 4 4 4 4 4 4 4 4 4 4 4 4 4 4 4 4 4 4 4 4 4 4 4 
6.31 6.39 7.39 5.6 2.94 2.69 2.98 1.3 6.44 7.64 3.03 5.1 2 1.48 2.92 0.02 0.12 3.86 2.58 5.66 3.67 0.79 0.97 5.91 4.3 3.19 5.67 5.9 0 5.31 1.59 1.91 0.53 3.8 1.36 5.6 3.66 0.76 2.17 5.83 5.88 5.08 4.38 1.62 6.08 2.96 5.68 7.75 
1 1 1 1 1 1 1 1 1 1 1 1 1 1 1 1 1 1 1 1 1 1 1 1 1 1 1 1 1 1 1 1 1 1 1 1 1 1 1 1 1 1 1 1 1 1 1 1 
1 1 1 1 1 1 1 1 1 1 1 1 1 1 1 1 1 1 1 1 1 1 1 1 1 1 1 1 1 1 1 1 1 1 1 1 1 1 1 1 1 1 1 1 1 1 1 1 
1 1 1 1 1 1 1 1 1 1 1 1 1 1 1 1 1 1 1 1 1 1 1 1 1 1 1 1 1 1 1 1 1 1 1 1 1 1 1 1 1 1 1 1 1 1 1 1 
1 1 1 1 1 1 1 1 1 1 1 1 1 1 1 1 1 1 1 1 1 1 1 1 1 1 1 1 1 1 1 1 1 1 1 1 1 1 1 1 1 1 1 1 1 1 1 1 
1 1 1 1 1 1 1 1 1 1 1 1 1 1 1 1 1 1 1 1 1 1 1 1 1 1 1 1 1 1 1 1 1 1 1 1 1 1 1 1 1 1 1 1 1 1 1 1 
1 1 1 1 1 1 1 1 1 1 1 1 1 1 1 1 1 1 1 1 1 1 1 1 1 1 1 1 1 1 1 1 1 1 1 1 1 1 1 1 1 1 1 1 1 1 1 1 
0.01 0.01 0.01 0.01 0.01 0.01 0.01 0.01 0.01 0.01 0.01 0.01 0.01 0.01 0.01 0.01 0.01 0.01 0.01 0.01 0.01 0.01 0.01 0.01 0.01 0.01 0.01 0.01 0.01 0.01 0.01 0.01 0.01 0.01 0.01 0.01 0.01 0.01 0.01 0.01 0.01 0.01 0.01 0.01 0.01 0.01 0.01 0.01 
0.02 0.02 0.02 0.02 0.02 0.02 0.02 0.02 0.02 0.02 0.02 0.02 0.02 0.02 0.02 0.02 0.02 0.02 0.02 0.02 0.02 0.02 0.02 0.02 0.02 0.02 0.02 0.02 0.02 0.02 0.02 0.02 0.02 0.02 0.02 0.02 0.02 0.02 0.02 0.02 0.02 0.02 0.02 0.02 0.02 0.02 0.02 0.02 
0.03 0.03 0.03 0.03 0.03 0.03 0.03 0.03 0.03 0.03 0.03 0.03 0.03 0.03 0.03 0.03 0.03 0.03 0.03 0.03 0.03 0.03 0.03 0.03 0.03 0.03 0.03 0.03 0.03 0.03 0.03 0.03 0.03 0.03 0.03 0.03 0.03 0.03 0.03 0.03 0.03 0.03 0.03 0.03 0.03 0.03 0.03 0.03 
0.04 0.04 0.04 0.04 0.04 0.04 0.04 0.04 0.04 0.04 0.04 0.04 0.04 0.04 0.04 0.04 0.04 0.04 0.04 0.04 0.04 0.04 0.04 0.04 0.04 0.04 0.04 0.04 0.04 0.04 0.04 0.04 0.04 0.04 0.04 0.04 0.04 0.04 0.04 0.04 0.04 0.04 0.04 0.04 0.04 0.04 0.04 0.04 
0.05 0.05 0.05 0.05 0.05 0.05 0.05 0.05 0.05 0.05 0.05 0.05 0.05 0.05 0.05 0.05 0.05 0.05 0.05 0.05 0.05 0.05 0.05 0.05 0.05 0.05 0.05 0.05 0.05 0.05 0.05 0.05 0.05 0.05 0.05 0.05 0.05 0.05 0.05 0.05 0.05 0.05 0.05 0.05 0.05 0.05 0.05 0.05 
1 1 1 1 1 1 1 1 1 1 1 1 1 1 1 1 1 1 1 1 1 1 1 1 1 1 1 1 1 1 1 1 1 1 1 1 1 1 1 1 1 1 1 1 1 1 1 1 
