6 16 4 10
3 11 11 5 8 18 20 10 15 5 1 1 18 4 11 13 
3.61 3.39 1.7 3.16 4.75 0.57 3.88 4.8 3.44 1.07 1.68 3.13 6.41 2.02 6.12 1.71 
2.06 3.58 0.81 4.64 7.19 5.56 0.07 7.99 4.61 5.49 1.01 3.54 2.87 6.63 1.7 6.05 
2.19 6.28 7.74 3.69 6.57 5.41 6.68 3.62 6.96 1.02 7.24 4.94 3.9 3.69 4.22 2.32 
1.59 7.76 1.58 6.53 5.39 5.81 5.21 4.09 5.16 3.57 1.39 3.27 4.82 7.9 1.64 2.71 
4 4 4 4 4 4 4 4 4 4 4 4 4 4 4 4 
0.43 0.56 5.75 0.58 5.91 5.34 4.25 2.21 1.7 3.43 4.48 5.21 1 3.22 6.41 0.4 
1 1 1 1 1 1 1 1 1 1 1 1 1 1 1 1 
1 1 1 1 1 1 1 1 1 1 1 1 1 1 1 1 
1 1 1 1 1 1 1 1 1 1 1 1 1 1 1 1 
1 1 1 1 1 1 1 1 1 1 1 1 1 1 1 1 
1 1 1 1 1 1 1 1 1 1 1 1 1 1 1 1 
1 1 1 1 1 1 1 1 1 1 1 1 1 1 1 1 
0.01 0.01 0.01 0.01 0.01 0.01 0.01 0.01 0.01 0.01 0.01 0.01 0.01 0.01 0.01 0.01 
0.02 0.02 0.02 0.02 0.02 0.02 0.02 0.02 0.02 0.02 0.02 0.02 0.02 0.02 0.02 0.02 
0.03 0.03 0.03 0.03 0.03 0.03 0.03 0.03 0.03 0.03 0.03 0.03 0.03 0.03 0.03 0.03 
0.04 0.04 0.04 0.04 0.04 0.04 0.04 0.04 0.04 0.04 0.04 0.04 0.04 0.04 0.04 0.04 
0.05 0.05 0.05 0.05 0.05 0.05 0.05 0.05 0.05 0.05 0.05 0.05 0.05 0.05 0.05 0.05 
1 1 1 1 1 1 1 1 1 1 1 1 1 1 1 1 
