12 40 9 10
14 5 5 11 19 20 10 16 19 13 19 7 14 1 13 1 11 20 18 4 1 2 3 17 4 13 13 7 17 19 20 14 17 18 2 16 5 14 6 9 
6.9 4.76 4.83 2.5 6.99 0.46 7.07 3.13 5.43 3.17 4.95 4.94 2.39 7.56 4.28 6.19 1.78 6.92 7.99 5.61 4.04 6.54 3.44 2.51 2.88 0.01 7.79 3.67 7.35 7.07 3.15 5.91 7.11 2.47 1.08 6.65 2.23 5.11 5.54 3.7 
4.15 1.37 6.59 5.23 6.15 0.62 5.61 7.24 2.16 2.83 2.28 3.73 7.59 7.48 7.66 7.91 4.43 3.36 6.96 3.86 2.56 3.16 6.26 2.75 1.98 5.7 4.15 0.41 5.58 7.75 4.32 4.06 4.13 2.23 5.97 0.74 3.91 1.09 6.83 6.92 
6.69 0.34 5.61 3.95 4.96 5.4 0.53 0.87 5.37 1.82 4.93 4.6 1.03 2.6 1.85 7.18 2.1 2.76 4.6 7.77 5.04 7.18 7.31 0.13 7.22 1.23 1.76 6.64 3.82 2.05 4.7 2.69 2.51 4.82 3.98 5.41 5.39 5.52 5.38 2.24 
3.59 1.34 0.78 1.47 4.11 2.28 3.12 1.47 3.45 3.12 4.23 0.27 4.37 1.28 2.08 5.1 4.18 4.35 5.03 3.79 0.82 4.41 7.98 3.27 4.04 5.68 0.64 0.43 0.92 3.57 0.28 1.77 1.24 1.73 3.06 6.38 6.36 0.17 6.6 1.19 
4.37 3.16 6.07 7.71 3.09 3.94 7.1 4.07 8 4.99 1.25 6.67 5.48 0.51 1.19 6.07 1.42 2.26 0.56 1.83 6.53 0.6 1.76 2.81 5.62 2.68 3.84 4.46 1.46 7.91 6.91 0.42 6.57 0.71 4.84 2.25 2.61 7.85 0.41 7.27 
1.65 0.1 5.82 0.1 2.17 3.16 7.9 4.45 6.69 1.51 4.9 1.37 6.33 6.08 7.67 2.76 5.77 0.48 3.68 1.07 3.93 0.76 5.23 0.08 6.12 0.47 4.95 4.07 5.05 6.19 5.64 0.91 0.19 0.06 4.23 2.51 7.86 1.31 0.23 6.02 
3.09 6.84 0.84 2.22 2.66 6.25 6.88 3.48 5.13 2.45 4.44 7.91 5.4 4.44 1.7 5.28 3.45 4.73 3.56 0.18 4.24 4.06 0.64 6.31 7.62 3.13 7.19 7.95 4.1 7.04 7.59 6.18 4.27 2.38 5.49 5.39 0.96 7.79 5.3 1.35 
2.47 0.12 7.33 2.6 0.59 0.23 3.84 3.26 1.05 0.15 1.88 0.66 7.55 7.99 7.38 4.15 2.79 3.68 1.9 1.94 4.13 0.76 5.32 3.95 2.23 1.29 2.16 4.27 1.52 6.15 1.97 0.48 0.17 3.48 2.61 0.06 0.63 3.77 6.99 3.58 
3.8 5.68 7.6 7.7 7.48 6.67 5 5.37 2.97 1.77 7.71 3.01 2.7 0.14 3.43 6.81 5.79 3.5 4.25 1.53 0.48 1.22 0.57 3.68 1.04 4.85 4.4 3.93 6.85 6.13 4.13 4.76 4.97 4.02 3.35 5.11 2.39 7.11 0.25 2.16 
4 4 4 4 4 4 4 4 4 4 4 4 4 4 4 4 4 4 4 4 4 4 4 4 4 4 4 4 4 4 4 4 4 4 4 4 4 4 4 4 
1.68 7.99 4.26 2.85 0.63 1.13 0.99 2.16 3.92 7.1 7.53 5.94 1.84 5.01 0.92 2.15 1.82 5.57 7.15 2.4 2.01 6.01 4.94 5.42 7.62 6.45 6.66 1.28 6.75 7.2 1.82 0.9 4.97 7.29 7.21 4.99 6.12 2.62 2.4 5.82 
5.91 0.03 4.58 1.53 7.64 6.42 4.41 3.44 1.58 2.5 1.21 4.26 2.73 2.32 5.7 4.76 6.78 4.22 5.55 7.52 2.47 4.35 2.2 2.07 5.41 5.27 1.56 0.17 3.32 5.35 0.33 3.08 6.33 7.84 2.17 1.06 7.75 1.16 3.31 5.5 
1 1 1 1 1 1 1 1 1 1 1 1 1 1 1 1 1 1 1 1 1 1 1 1 1 1 1 1 1 1 1 1 1 1 1 1 1 1 1 1 
1 1 1 1 1 1 1 1 1 1 1 1 1 1 1 1 1 1 1 1 1 1 1 1 1 1 1 1 1 1 1 1 1 1 1 1 1 1 1 1 
1 1 1 1 1 1 1 1 1 1 1 1 1 1 1 1 1 1 1 1 1 1 1 1 1 1 1 1 1 1 1 1 1 1 1 1 1 1 1 1 
1 1 1 1 1 1 1 1 1 1 1 1 1 1 1 1 1 1 1 1 1 1 1 1 1 1 1 1 1 1 1 1 1 1 1 1 1 1 1 1 
1 1 1 1 1 1 1 1 1 1 1 1 1 1 1 1 1 1 1 1 1 1 1 1 1 1 1 1 1 1 1 1 1 1 1 1 1 1 1 1 
1 1 1 1 1 1 1 1 1 1 1 1 1 1 1 1 1 1 1 1 1 1 1 1 1 1 1 1 1 1 1 1 1 1 1 1 1 1 1 1 
1 1 1 1 1 1 1 1 1 1 1 1 1 1 1 1 1 1 1 1 1 1 1 1 1 1 1 1 1 1 1 1 1 1 1 1 1 1 1 1 
1 1 1 1 1 1 1 1 1 1 1 1 1 1 1 1 1 1 1 1 1 1 1 1 1 1 1 1 1 1 1 1 1 1 1 1 1 1 1 1 
1 1 1 1 1 1 1 1 1 1 1 1 1 1 1 1 1 1 1 1 1 1 1 1 1 1 1 1 1 1 1 1 1 1 1 1 1 1 1 1 
1 1 1 1 1 1 1 1 1 1 1 1 1 1 1 1 1 1 1 1 1 1 1 1 1 1 1 1 1 1 1 1 1 1 1 1 1 1 1 1 
1 1 1 1 1 1 1 1 1 1 1 1 1 1 1 1 1 1 1 1 1 1 1 1 1 1 1 1 1 1 1 1 1 1 1 1 1 1 1 1 
1 1 1 1 1 1 1 1 1 1 1 1 1 1 1 1 1 1 1 1 1 1 1 1 1 1 1 1 1 1 1 1 1 1 1 1 1 1 1 1 
0.01 0.01 0.01 0.01 0.01 0.01 0.01 0.01 0.01 0.01 0.01 0.01 0.01 0.01 0.01 0.01 0.01 0.01 0.01 0.01 0.01 0.01 0.01 0.01 0.01 0.01 0.01 0.01 0.01 0.01 0.01 0.01 0.01 0.01 0.01 0.01 0.01 0.01 0.01 0.01 
0.02 0.02 0.02 0.02 0.02 0.02 0.02 0.02 0.02 0.02 0.02 0.02 0.02 0.02 0.02 0.02 0.02 0.02 0.02 0.02 0.02 0.02 0.02 0.02 0.02 0.02 0.02 0.02 0.02 0.02 0.02 0.02 0.02 0.02 0.02 0.02 0.02 0.02 0.02 0.02 
0.03 0.03 0.03 0.03 0.03 0.03 0.03 0.03 0.03 0.03 0.03 0.03 0.03 0.03 0.03 0.03 0.03 0.03 0.03 0.03 0.03 0.03 0.03 0.03 0.03 0.03 0.03 0.03 0.03 0.03 0.03 0.03 0.03 0.03 0.03 0.03 0.03 0.03 0.03 0.03 
0.04 0.04 0.04 0.04 0.04 0.04 0.04 0.04 0.04 0.04 0.04 0.04 0.04 0.04 0.04 0.04 0.04 0.04 0.04 0.04 0.04 0.04 0.04 0.04 0.04 0.04 0.04 0.04 0.04 0.04 0.04 0.04 0.04 0.04 0.04 0.04 0.04 0.04 0.04 0.04 
0.05 0.05 0.05 0.05 0.05 0.05 0.05 0.05 0.05 0.05 0.05 0.05 0.05 0.05 0.05 0.05 0.05 0.05 0.05 0.05 0.05 0.05 0.05 0.05 0.05 0.05 0.05 0.05 0.05 0.05 0.05 0.05 0.05 0.05 0.05 0.05 0.05 0.05 0.05 0.05 
0.06 0.06 0.06 0.06 0.06 0.06 0.06 0.06 0.06 0.06 0.06 0.06 0.06 0.06 0.06 0.06 0.06 0.06 0.06 0.06 0.06 0.06 0.06 0.06 0.06 0.06 0.06 0.06 0.06 0.06 0.06 0.06 0.06 0.06 0.06 0.06 0.06 0.06 0.06 0.06 
0.07 0.07 0.07 0.07 0.07 0.07 0.07 0.07 0.07 0.07 0.07 0.07 0.07 0.07 0.07 0.07 0.07 0.07 0.07 0.07 0.07 0.07 0.07 0.07 0.07 0.07 0.07 0.07 0.07 0.07 0.07 0.07 0.07 0.07 0.07 0.07 0.07 0.07 0.07 0.07 
0.08 0.08 0.08 0.08 0.08 0.08 0.08 0.08 0.08 0.08 0.08 0.08 0.08 0.08 0.08 0.08 0.08 0.08 0.08 0.08 0.08 0.08 0.08 0.08 0.08 0.08 0.08 0.08 0.08 0.08 0.08 0.08 0.08 0.08 0.08 0.08 0.08 0.08 0.08 0.08 
0.09 0.09 0.09 0.09 0.09 0.09 0.09 0.09 0.09 0.09 0.09 0.09 0.09 0.09 0.09 0.09 0.09 0.09 0.09 0.09 0.09 0.09 0.09 0.09 0.09 0.09 0.09 0.09 0.09 0.09 0.09 0.09 0.09 0.09 0.09 0.09 0.09 0.09 0.09 0.09 
0.1 0.1 0.1 0.1 0.1 0.1 0.1 0.1 0.1 0.1 0.1 0.1 0.1 0.1 0.1 0.1 0.1 0.1 0.1 0.1 0.1 0.1 0.1 0.1 0.1 0.1 0.1 0.1 0.1 0.1 0.1 0.1 0.1 0.1 0.1 0.1 0.1 0.1 0.1 0.1 
0.5 0.5 0.5 0.5 0.5 0.5 0.5 0.5 0.5 0.5 0.5 0.5 0.5 0.5 0.5 0.5 0.5 0.5 0.5 0.5 0.5 0.5 0.5 0.5 0.5 0.5 0.5 0.5 0.5 0.5 0.5 0.5 0.5 0.5 0.5 0.5 0.5 0.5 0.5 0.5 
1 1 1 1 1 1 1 1 1 1 1 1 1 1 1 1 1 1 1 1 1 1 1 1 1 1 1 1 1 1 1 1 1 1 1 1 1 1 1 1 
