12 32 6 10
13 3 12 12 5 2 4 1 5 7 19 10 10 14 17 3 17 11 19 8 2 14 9 20 2 20 3 15 13 13 6 7 
7.71 2.03 2.54 4.39 5.28 0.4 0.69 3.75 6.99 5.37 7.36 7.1 7.48 6.63 1.71 0.26 0.83 4.03 7.79 7.48 4.79 0.98 4.59 1.21 6.12 2.08 0.95 2.95 1.27 0.46 7.31 0.33 
2.89 2.47 6.51 7.25 4.99 2.75 6.06 5.86 4.2 6.31 0.25 0.01 2.66 1.19 1.75 6.79 1.77 3.43 1.4 4.72 2.47 7.16 5.22 6.68 2.64 0.12 0.47 2.84 1.96 1.28 2.15 5.3 
5.39 6.23 0.64 5.91 2.03 6.04 1.95 4.11 3.98 2.21 4.58 4.84 2.56 1.55 0.81 0.11 7.34 7 7.62 3.06 5.48 0.24 2.25 4.84 4.85 2.21 6.27 2.71 1.95 4.79 7.42 5.43 
6.08 3.57 3.16 6.53 1.65 1.83 4.22 1.95 4.41 4.11 2.93 6.64 5.14 3.88 6.34 2.49 2.79 2.04 6.48 1.84 5.27 6.62 5.65 1.6 3.25 3.72 2.91 4.19 7.95 6.86 4.06 3.88 
3.21 2.33 4.74 7.5 0.02 4.58 2.48 0.05 4.7 7.54 6.39 5.94 6.75 1.36 0.28 6.95 1.83 2.27 7.52 6.88 3.6 3.91 1.17 5.62 4.23 0.65 1.93 0.1 1.26 3.93 6.85 7.52 
1.69 1.59 7.56 6.16 5.88 5.17 4.8 6.45 1.22 2.65 4.66 3.25 1.57 4.91 7.39 5.89 6.07 1.34 4.93 2.77 1.6 1.57 7.57 3.63 1.85 6.7 6.91 3.18 1.22 7.65 2.52 6.34 
4 4 4 4 4 4 4 4 4 4 4 4 4 4 4 4 4 4 4 4 4 4 4 4 4 4 4 4 4 4 4 4 
3.31 0.86 6.26 0.78 5.67 1.71 5.57 0.89 3.24 0.43 2.17 1.88 2.89 4.55 7.64 0.58 1.39 2.77 7.21 0.75 3.05 2.11 5.93 2.23 2.69 4.05 3.76 4.5 0.99 6.94 3.74 0.09 
1.88 0.24 6.58 3.08 3.32 2.96 2.12 2.02 6.29 7.26 0.21 1.81 7.69 2.87 0.7 2.75 5.82 0.48 5.36 5.71 1.69 1.55 2.5 4.7 6.93 5.33 3.68 6.48 2.36 5.45 1.23 0.52 
3.14 6.14 1.65 4.72 3.84 5.48 4.97 2.71 5.91 6.18 3.71 3.36 1.32 3.75 2.27 5.28 5.18 4.82 6.47 1.46 3.11 1.36 5.9 2.06 6.81 5.12 0.82 7.79 0.94 7.02 3.51 4.69 
4.95 4.18 7.56 2.65 4.15 6.81 4.09 0.03 2.73 1.35 0.35 3.64 5.86 4.21 6.61 0.89 2.52 3.81 4.41 1.76 7.53 2.99 4.41 6.49 4.97 3.8 3.54 4.87 3.64 1.9 7.33 6.03 
6.08 1.57 6.33 6.44 0.5 6.23 0.47 5.45 3.66 2.99 4.6 7.59 3.35 0.44 2.48 6.56 6.53 4.8 5.12 6.02 0.28 1.79 2.92 1.19 4.39 6.81 0.78 4.44 1.02 4.26 0.69 3.27 
1 1 1 1 1 1 1 1 1 1 1 1 1 1 1 1 1 1 1 1 1 1 1 1 1 1 1 1 1 1 1 1 
1 1 1 1 1 1 1 1 1 1 1 1 1 1 1 1 1 1 1 1 1 1 1 1 1 1 1 1 1 1 1 1 
1 1 1 1 1 1 1 1 1 1 1 1 1 1 1 1 1 1 1 1 1 1 1 1 1 1 1 1 1 1 1 1 
1 1 1 1 1 1 1 1 1 1 1 1 1 1 1 1 1 1 1 1 1 1 1 1 1 1 1 1 1 1 1 1 
1 1 1 1 1 1 1 1 1 1 1 1 1 1 1 1 1 1 1 1 1 1 1 1 1 1 1 1 1 1 1 1 
1 1 1 1 1 1 1 1 1 1 1 1 1 1 1 1 1 1 1 1 1 1 1 1 1 1 1 1 1 1 1 1 
1 1 1 1 1 1 1 1 1 1 1 1 1 1 1 1 1 1 1 1 1 1 1 1 1 1 1 1 1 1 1 1 
1 1 1 1 1 1 1 1 1 1 1 1 1 1 1 1 1 1 1 1 1 1 1 1 1 1 1 1 1 1 1 1 
1 1 1 1 1 1 1 1 1 1 1 1 1 1 1 1 1 1 1 1 1 1 1 1 1 1 1 1 1 1 1 1 
1 1 1 1 1 1 1 1 1 1 1 1 1 1 1 1 1 1 1 1 1 1 1 1 1 1 1 1 1 1 1 1 
1 1 1 1 1 1 1 1 1 1 1 1 1 1 1 1 1 1 1 1 1 1 1 1 1 1 1 1 1 1 1 1 
1 1 1 1 1 1 1 1 1 1 1 1 1 1 1 1 1 1 1 1 1 1 1 1 1 1 1 1 1 1 1 1 
0.01 0.01 0.01 0.01 0.01 0.01 0.01 0.01 0.01 0.01 0.01 0.01 0.01 0.01 0.01 0.01 0.01 0.01 0.01 0.01 0.01 0.01 0.01 0.01 0.01 0.01 0.01 0.01 0.01 0.01 0.01 0.01 
0.02 0.02 0.02 0.02 0.02 0.02 0.02 0.02 0.02 0.02 0.02 0.02 0.02 0.02 0.02 0.02 0.02 0.02 0.02 0.02 0.02 0.02 0.02 0.02 0.02 0.02 0.02 0.02 0.02 0.02 0.02 0.02 
0.03 0.03 0.03 0.03 0.03 0.03 0.03 0.03 0.03 0.03 0.03 0.03 0.03 0.03 0.03 0.03 0.03 0.03 0.03 0.03 0.03 0.03 0.03 0.03 0.03 0.03 0.03 0.03 0.03 0.03 0.03 0.03 
0.04 0.04 0.04 0.04 0.04 0.04 0.04 0.04 0.04 0.04 0.04 0.04 0.04 0.04 0.04 0.04 0.04 0.04 0.04 0.04 0.04 0.04 0.04 0.04 0.04 0.04 0.04 0.04 0.04 0.04 0.04 0.04 
0.05 0.05 0.05 0.05 0.05 0.05 0.05 0.05 0.05 0.05 0.05 0.05 0.05 0.05 0.05 0.05 0.05 0.05 0.05 0.05 0.05 0.05 0.05 0.05 0.05 0.05 0.05 0.05 0.05 0.05 0.05 0.05 
0.06 0.06 0.06 0.06 0.06 0.06 0.06 0.06 0.06 0.06 0.06 0.06 0.06 0.06 0.06 0.06 0.06 0.06 0.06 0.06 0.06 0.06 0.06 0.06 0.06 0.06 0.06 0.06 0.06 0.06 0.06 0.06 
0.07 0.07 0.07 0.07 0.07 0.07 0.07 0.07 0.07 0.07 0.07 0.07 0.07 0.07 0.07 0.07 0.07 0.07 0.07 0.07 0.07 0.07 0.07 0.07 0.07 0.07 0.07 0.07 0.07 0.07 0.07 0.07 
0.2 0.2 0.2 0.2 0.2 0.2 0.2 0.2 0.2 0.2 0.2 0.2 0.2 0.2 0.2 0.2 0.2 0.2 0.2 0.2 0.2 0.2 0.2 0.2 0.2 0.2 0.2 0.2 0.2 0.2 0.2 0.2 
0.4 0.4 0.4 0.4 0.4 0.4 0.4 0.4 0.4 0.4 0.4 0.4 0.4 0.4 0.4 0.4 0.4 0.4 0.4 0.4 0.4 0.4 0.4 0.4 0.4 0.4 0.4 0.4 0.4 0.4 0.4 0.4 
0.6 0.6 0.6 0.6 0.6 0.6 0.6 0.6 0.6 0.6 0.6 0.6 0.6 0.6 0.6 0.6 0.6 0.6 0.6 0.6 0.6 0.6 0.6 0.6 0.6 0.6 0.6 0.6 0.6 0.6 0.6 0.6 
0.8 0.8 0.8 0.8 0.8 0.8 0.8 0.8 0.8 0.8 0.8 0.8 0.8 0.8 0.8 0.8 0.8 0.8 0.8 0.8 0.8 0.8 0.8 0.8 0.8 0.8 0.8 0.8 0.8 0.8 0.8 0.8 
1 1 1 1 1 1 1 1 1 1 1 1 1 1 1 1 1 1 1 1 1 1 1 1 1 1 1 1 1 1 1 1 
