12 16 3 10
16 4 2 19 12 7 7 13 3 13 19 14 11 13 4 12 
0.49 5.04 0.35 0.37 6.3 6.68 0.02 3.42 0.98 1.76 5.39 7.35 5.74 5.04 1.01 1.84 
3.26 1.82 3.91 2.67 4.65 6.69 2.51 6.61 2.06 7.66 3.29 3.59 2.36 1.48 2.28 7.19 
1.53 1.07 6.42 0.25 7.02 3.82 0.52 7.58 6.13 7.48 1.39 3.62 7.66 2.74 2.76 1.69 
4 4 4 4 4 4 4 4 4 4 4 4 4 4 4 4 
0.75 0.51 3.71 2.65 3.68 7.18 6.39 6.48 1.29 2.86 3.22 0.43 4.67 3.83 7.02 7.72 
6.29 6.81 7.33 2.82 7.29 4.53 5.32 7.88 4.59 6.96 7.69 7.84 4.46 7.2 7.4 4.43 
5.31 6.61 7.96 3.24 1.53 4.2 1.84 3.68 0.88 2.95 7.63 4.15 5.86 7.27 4.02 7.42 
5.11 1.12 0.15 0.7 6.74 1.16 3.21 1.16 2.66 6.44 4.75 6.64 0.3 2.61 4.97 3.67 
4.6 4.11 0.58 3.8 5.55 5.22 3.01 6.16 6.54 1.18 0.76 3.23 0.25 4.58 7.94 1.4 
7.46 5.49 3.29 4.66 7.16 6.52 4.3 4 1.49 6.96 5.26 3.35 0.23 2.34 2.01 7.7 
2.04 3.4 7.92 6.52 3.7 0.73 5.46 0.93 5.42 4.2 1.67 2.16 5.92 5.1 6.24 4.38 
7.36 7.3 5.81 4.31 3.08 2.2 0.47 5.63 2.67 3.08 7.21 2.23 5.72 2.93 1.08 5.76 
1 1 1 1 1 1 1 1 1 1 1 1 1 1 1 1 
1 1 1 1 1 1 1 1 1 1 1 1 1 1 1 1 
1 1 1 1 1 1 1 1 1 1 1 1 1 1 1 1 
1 1 1 1 1 1 1 1 1 1 1 1 1 1 1 1 
1 1 1 1 1 1 1 1 1 1 1 1 1 1 1 1 
1 1 1 1 1 1 1 1 1 1 1 1 1 1 1 1 
1 1 1 1 1 1 1 1 1 1 1 1 1 1 1 1 
1 1 1 1 1 1 1 1 1 1 1 1 1 1 1 1 
1 1 1 1 1 1 1 1 1 1 1 1 1 1 1 1 
1 1 1 1 1 1 1 1 1 1 1 1 1 1 1 1 
1 1 1 1 1 1 1 1 1 1 1 1 1 1 1 1 
1 1 1 1 1 1 1 1 1 1 1 1 1 1 1 1 
0.01 0.01 0.01 0.01 0.01 0.01 0.01 0.01 0.01 0.01 0.01 0.01 0.01 0.01 0.01 0.01 
0.02 0.02 0.02 0.02 0.02 0.02 0.02 0.02 0.02 0.02 0.02 0.02 0.02 0.02 0.02 0.02 
0.03 0.03 0.03 0.03 0.03 0.03 0.03 0.03 0.03 0.03 0.03 0.03 0.03 0.03 0.03 0.03 
0.04 0.04 0.04 0.04 0.04 0.04 0.04 0.04 0.04 0.04 0.04 0.04 0.04 0.04 0.04 0.04 
0.125 0.125 0.125 0.125 0.125 0.125 0.125 0.125 0.125 0.125 0.125 0.125 0.125 0.125 0.125 0.125 
0.25 0.25 0.25 0.25 0.25 0.25 0.25 0.25 0.25 0.25 0.25 0.25 0.25 0.25 0.25 0.25 
0.375 0.375 0.375 0.375 0.375 0.375 0.375 0.375 0.375 0.375 0.375 0.375 0.375 0.375 0.375 0.375 
0.5 0.5 0.5 0.5 0.5 0.5 0.5 0.5 0.5 0.5 0.5 0.5 0.5 0.5 0.5 0.5 
0.625 0.625 0.625 0.625 0.625 0.625 0.625 0.625 0.625 0.625 0.625 0.625 0.625 0.625 0.625 0.625 
0.75 0.75 0.75 0.75 0.75 0.75 0.75 0.75 0.75 0.75 0.75 0.75 0.75 0.75 0.75 0.75 
0.875 0.875 0.875 0.875 0.875 0.875 0.875 0.875 0.875 0.875 0.875 0.875 0.875 0.875 0.875 0.875 
1 1 1 1 1 1 1 1 1 1 1 1 1 1 1 1 
