12 32 6 10
14 3 13 17 3 11 4 3 17 1 4 5 5 11 5 5 10 5 18 15 4 2 6 17 11 6 12 12 16 9 14 6 
2.85 3.28 4.73 0.46 0.62 1.01 7.3 5.86 6.26 4.8 1.25 7.12 5.19 0.7 0.4 6.53 1.51 0.36 7.65 6.69 1.56 2.17 7.56 4.39 1.59 0.01 1.95 2.38 4.56 7.16 2.18 1.36 
2.18 4.84 3.31 0.36 3.14 0.66 3.82 4.07 5.71 3.43 5.83 2.24 5.29 6.92 2.09 4.73 6.4 0.18 2.85 6.97 0.61 3.93 6.23 5.67 6.88 6.81 6.51 0.84 3.51 1.99 7.99 0.71 
7.9 3.72 6.63 2.38 7.45 0.57 2.91 5.57 5.91 2.08 5.36 0.14 3.98 7.67 7.17 3.83 1.83 0.46 3.08 3.08 6.57 2.35 6.03 6.22 4.5 5.47 1.59 6.44 4.53 3.01 5.57 0.32 
7.98 5.21 3.9 2.33 7.86 7.2 6.66 2.05 4.66 0.96 7.87 7.49 2.48 5.53 3.7 0.28 2.33 3.61 1.61 7.8 2.46 2.26 4.97 3.8 6.29 6.53 3.09 3.88 3.95 0.38 4.77 1.45 
1.07 1.55 7.37 1.67 0.31 0.27 7.12 3.74 7.56 4.38 3.14 0.82 4.66 2.45 0.01 4.84 0.73 7.65 6.07 4.91 2.36 2.39 5.3 0 7.89 1.59 6.35 4.58 1.78 4.59 2.7 0.82 
5.3 4.44 1.93 5.74 7.86 5.13 5.79 2.19 0.32 0.61 2.18 5.48 2.94 1.78 0.73 7.87 7.6 5.28 1.76 5.02 5.72 6.41 1.19 6.75 6.01 0.51 0.17 0.48 4.46 4.01 5.53 2.45 
4 4 4 4 4 4 4 4 4 4 4 4 4 4 4 4 4 4 4 4 4 4 4 4 4 4 4 4 4 4 4 4 
6.41 0.71 6.96 2.57 1.57 0.61 1.16 6.26 1.28 1.69 7.23 5.28 6.11 5.47 0.43 4.31 0.72 7.52 3.25 2.69 2.94 5.51 5.59 7.72 6.1 6.91 5.11 6.47 4 6.84 0.12 1.43 
0.54 6.76 0.02 2.39 5.29 2.23 1.35 2.55 7.14 1.66 1.62 7.76 2.86 3.49 2.89 2.96 5.35 2.89 2.17 0.46 1 0.04 1.65 6.82 2.56 0.31 7.1 2.41 3.07 4.14 2.49 1.24 
6.02 2.64 1.89 7.85 6.75 5.7 6.9 5.14 7.71 4.36 6.95 0.71 3.78 3.47 5.93 3.15 2.56 7.88 0.92 2.7 3.68 0.5 4.66 6.21 1.59 7.34 3.14 2.95 0.34 4.94 2.74 6.22 
1.29 5.22 5.94 1.86 0.32 1.56 2.19 3.8 7.24 2.58 2.93 5.03 5.41 6 5.25 1.08 5.46 4.39 4 1.33 4.84 6.13 2.03 2.8 7.54 3.69 7.16 6.61 7.21 0.34 0.54 6.34 
0.38 7.63 4.75 7.35 7.64 2.73 3.11 1.12 7.72 5.21 7.73 7.96 6.62 4.98 7.21 1.45 6.98 0.53 5.6 7.41 4.82 7.25 0.53 6.78 2.54 3.11 2.99 2.47 5.49 0.73 6.73 1.4 
1 1 1 1 1 1 1 1 1 1 1 1 1 1 1 1 1 1 1 1 1 1 1 1 1 1 1 1 1 1 1 1 
1 1 1 1 1 1 1 1 1 1 1 1 1 1 1 1 1 1 1 1 1 1 1 1 1 1 1 1 1 1 1 1 
1 1 1 1 1 1 1 1 1 1 1 1 1 1 1 1 1 1 1 1 1 1 1 1 1 1 1 1 1 1 1 1 
1 1 1 1 1 1 1 1 1 1 1 1 1 1 1 1 1 1 1 1 1 1 1 1 1 1 1 1 1 1 1 1 
1 1 1 1 1 1 1 1 1 1 1 1 1 1 1 1 1 1 1 1 1 1 1 1 1 1 1 1 1 1 1 1 
1 1 1 1 1 1 1 1 1 1 1 1 1 1 1 1 1 1 1 1 1 1 1 1 1 1 1 1 1 1 1 1 
1 1 1 1 1 1 1 1 1 1 1 1 1 1 1 1 1 1 1 1 1 1 1 1 1 1 1 1 1 1 1 1 
1 1 1 1 1 1 1 1 1 1 1 1 1 1 1 1 1 1 1 1 1 1 1 1 1 1 1 1 1 1 1 1 
1 1 1 1 1 1 1 1 1 1 1 1 1 1 1 1 1 1 1 1 1 1 1 1 1 1 1 1 1 1 1 1 
1 1 1 1 1 1 1 1 1 1 1 1 1 1 1 1 1 1 1 1 1 1 1 1 1 1 1 1 1 1 1 1 
1 1 1 1 1 1 1 1 1 1 1 1 1 1 1 1 1 1 1 1 1 1 1 1 1 1 1 1 1 1 1 1 
1 1 1 1 1 1 1 1 1 1 1 1 1 1 1 1 1 1 1 1 1 1 1 1 1 1 1 1 1 1 1 1 
0.01 0.01 0.01 0.01 0.01 0.01 0.01 0.01 0.01 0.01 0.01 0.01 0.01 0.01 0.01 0.01 0.01 0.01 0.01 0.01 0.01 0.01 0.01 0.01 0.01 0.01 0.01 0.01 0.01 0.01 0.01 0.01 
0.02 0.02 0.02 0.02 0.02 0.02 0.02 0.02 0.02 0.02 0.02 0.02 0.02 0.02 0.02 0.02 0.02 0.02 0.02 0.02 0.02 0.02 0.02 0.02 0.02 0.02 0.02 0.02 0.02 0.02 0.02 0.02 
0.03 0.03 0.03 0.03 0.03 0.03 0.03 0.03 0.03 0.03 0.03 0.03 0.03 0.03 0.03 0.03 0.03 0.03 0.03 0.03 0.03 0.03 0.03 0.03 0.03 0.03 0.03 0.03 0.03 0.03 0.03 0.03 
0.04 0.04 0.04 0.04 0.04 0.04 0.04 0.04 0.04 0.04 0.04 0.04 0.04 0.04 0.04 0.04 0.04 0.04 0.04 0.04 0.04 0.04 0.04 0.04 0.04 0.04 0.04 0.04 0.04 0.04 0.04 0.04 
0.05 0.05 0.05 0.05 0.05 0.05 0.05 0.05 0.05 0.05 0.05 0.05 0.05 0.05 0.05 0.05 0.05 0.05 0.05 0.05 0.05 0.05 0.05 0.05 0.05 0.05 0.05 0.05 0.05 0.05 0.05 0.05 
0.06 0.06 0.06 0.06 0.06 0.06 0.06 0.06 0.06 0.06 0.06 0.06 0.06 0.06 0.06 0.06 0.06 0.06 0.06 0.06 0.06 0.06 0.06 0.06 0.06 0.06 0.06 0.06 0.06 0.06 0.06 0.06 
0.07 0.07 0.07 0.07 0.07 0.07 0.07 0.07 0.07 0.07 0.07 0.07 0.07 0.07 0.07 0.07 0.07 0.07 0.07 0.07 0.07 0.07 0.07 0.07 0.07 0.07 0.07 0.07 0.07 0.07 0.07 0.07 
0.2 0.2 0.2 0.2 0.2 0.2 0.2 0.2 0.2 0.2 0.2 0.2 0.2 0.2 0.2 0.2 0.2 0.2 0.2 0.2 0.2 0.2 0.2 0.2 0.2 0.2 0.2 0.2 0.2 0.2 0.2 0.2 
0.4 0.4 0.4 0.4 0.4 0.4 0.4 0.4 0.4 0.4 0.4 0.4 0.4 0.4 0.4 0.4 0.4 0.4 0.4 0.4 0.4 0.4 0.4 0.4 0.4 0.4 0.4 0.4 0.4 0.4 0.4 0.4 
0.6 0.6 0.6 0.6 0.6 0.6 0.6 0.6 0.6 0.6 0.6 0.6 0.6 0.6 0.6 0.6 0.6 0.6 0.6 0.6 0.6 0.6 0.6 0.6 0.6 0.6 0.6 0.6 0.6 0.6 0.6 0.6 
0.8 0.8 0.8 0.8 0.8 0.8 0.8 0.8 0.8 0.8 0.8 0.8 0.8 0.8 0.8 0.8 0.8 0.8 0.8 0.8 0.8 0.8 0.8 0.8 0.8 0.8 0.8 0.8 0.8 0.8 0.8 0.8 
1 1 1 1 1 1 1 1 1 1 1 1 1 1 1 1 1 1 1 1 1 1 1 1 1 1 1 1 1 1 1 1 
