6 16 2 10
7 17 9 1 14 9 10 15 15 17 11 4 6 16 17 11 
3.64 7.93 1.68 3 2.59 4.61 7.32 5.52 7.58 3.78 4.92 3.6 1.87 2.54 3.43 5.91 
6.96 7.58 1.94 7.57 2.08 3.96 2.49 4.41 3.22 6.29 1.13 2.52 1.9 4.52 0.65 5.44 
4 4 4 4 4 4 4 4 4 4 4 4 4 4 4 4 
3.94 5.82 1.43 6.58 1.73 2.34 2.44 6.29 3.41 3.64 3.04 7.44 4.39 2.77 0.46 1.93 
0.16 3.04 2.59 6.65 3.57 2.23 7.86 7.63 0.19 1.21 6.75 6.97 1.25 2.37 4.37 4.61 
6.18 5.53 6.13 1.77 1.73 1.23 6.48 2.42 0.44 4 2.99 0.48 7.7 3.98 6.07 6.39 
1 1 1 1 1 1 1 1 1 1 1 1 1 1 1 1 
1 1 1 1 1 1 1 1 1 1 1 1 1 1 1 1 
1 1 1 1 1 1 1 1 1 1 1 1 1 1 1 1 
1 1 1 1 1 1 1 1 1 1 1 1 1 1 1 1 
1 1 1 1 1 1 1 1 1 1 1 1 1 1 1 1 
1 1 1 1 1 1 1 1 1 1 1 1 1 1 1 1 
0.01 0.01 0.01 0.01 0.01 0.01 0.01 0.01 0.01 0.01 0.01 0.01 0.01 0.01 0.01 0.01 
0.02 0.02 0.02 0.02 0.02 0.02 0.02 0.02 0.02 0.02 0.02 0.02 0.02 0.02 0.02 0.02 
0.03 0.03 0.03 0.03 0.03 0.03 0.03 0.03 0.03 0.03 0.03 0.03 0.03 0.03 0.03 0.03 
0.333333 0.333333 0.333333 0.333333 0.333333 0.333333 0.333333 0.333333 0.333333 0.333333 0.333333 0.333333 0.333333 0.333333 0.333333 0.333333 
0.666667 0.666667 0.666667 0.666667 0.666667 0.666667 0.666667 0.666667 0.666667 0.666667 0.666667 0.666667 0.666667 0.666667 0.666667 0.666667 
1 1 1 1 1 1 1 1 1 1 1 1 1 1 1 1 
