12 40 3 10
2 18 16 9 8 17 2 8 16 8 14 1 11 14 15 15 8 12 18 6 2 2 8 7 5 4 11 19 8 13 4 5 16 7 3 14 17 3 3 16 
4.96 6.84 0.56 0.17 0.83 5.88 6.1 2.31 5.44 3.99 5.48 1.77 5.5 2.02 5.55 2.11 5.06 5.04 6.71 4.52 7.01 7.96 3.9 3.61 2.45 0.76 3.18 4.63 5.16 1.97 6.87 0.64 5.87 1.93 3.72 7.57 3.33 1.52 5.32 1.64 
7.07 4.56 0.69 2.75 7.76 1.18 3.63 0.43 3.38 0.84 2.77 4.87 0.67 3.09 1.74 0.9 4.28 6.92 4.36 4.54 2.53 4.98 3.14 2.19 4.47 2.89 5.31 2.94 3.41 5.21 5.76 2.15 0.9 4.05 0.75 7.38 3.69 0.49 7.15 4.52 
0.15 6.03 3.28 6.15 2.75 2.85 4.42 4.88 4.3 1.37 6.93 4.06 0 7.16 5.78 3 2.12 0.61 0.14 5.43 6.97 7.31 1.57 2.95 6.14 2.78 6.36 3.09 7.06 3.93 7.1 2.27 1.16 1.54 3.01 1.72 1.92 0.04 5.6 3.75 
4 4 4 4 4 4 4 4 4 4 4 4 4 4 4 4 4 4 4 4 4 4 4 4 4 4 4 4 4 4 4 4 4 4 4 4 4 4 4 4 
0.07 2.1 2.63 3.14 1.75 0.1 4.42 5.94 2.23 0.12 2.19 3.86 3.26 7.33 0.62 4.86 7.24 7.86 7.3 1.91 1.36 4.39 4.96 5.84 2.56 6.53 0.28 2.76 3.7 2.56 4.33 0.12 4.22 3.02 7.31 7.75 1.11 0.46 3.36 4.8 
5.2 5.36 1.27 5.19 4.37 2.8 2.85 4.82 4.06 1.2 4.1 5.29 4.63 5.7 6.23 6.79 6.52 5.09 3.36 3.99 1.98 2.28 3.96 0.58 7.86 4.9 1.49 6.09 4.31 6.32 4.07 7.15 0.61 5.06 1.04 4.73 1.1 3.58 0.23 3.92 
4.57 6.44 0.88 4.08 1.38 7.83 4.84 5.1 2.01 5.13 0.79 6.09 3.99 7.23 7.64 2.61 1.68 4.99 1.81 3.13 0.86 1.45 0.63 6.85 4.31 0.72 7.79 1.59 6.33 2.17 6.03 6.03 3.47 7.69 3.86 3.2 5.65 6.15 0.15 7.7 
2.68 0.47 1.98 4.51 1.27 1.19 4.75 0.87 2.78 1.33 3.54 0.88 6.52 6.37 3.97 2.86 6.62 5.56 5.75 0.65 7.11 6.54 3.98 5.44 4.66 3.44 5.25 4.43 1.75 6.5 6.32 5.53 6.24 7.5 1.35 0.72 0.5 4.11 7.89 2.55 
1.34 3.41 2.36 5.07 1.43 3.04 5.38 5.74 3.57 1.88 3.55 6.47 7.48 5.46 3.69 3.02 0.07 2.9 4.42 1.39 7.58 0.83 5.41 4.97 6.48 2.88 2.98 7 6.52 2.26 4.53 3.31 5.21 0.91 1.37 2.06 5.1 4.81 4.44 6.81 
5.43 5.8 3.88 4.06 1.81 5.46 6.37 3.48 4.98 5.1 2.92 4.13 6.36 2.39 6.92 4.75 7.51 0.31 0.96 6.93 5.2 0.85 6.5 0.92 4.06 5.57 1.13 1.18 0.03 7.26 1.67 1.38 2.78 4.69 3.98 0.13 2.66 1.53 5.99 1.51 
1.78 4.13 4.54 5.28 0.74 4.4 7.59 3.39 5.49 1.59 4.07 2.9 1.54 5.31 6.14 7.71 2.72 7.8 2.85 4.67 5.44 2.31 2.4 2.63 0.61 3.97 0.22 1.75 5.35 4.84 2.97 4.51 6.76 4.57 3.54 1.69 5.66 6.49 3.8 4.89 
7.16 4.96 5.85 7.74 4.29 6.24 4.26 1.64 6.76 5.93 0.51 7.93 5.07 4.06 4.6 5.17 0.12 3.62 6.76 6.21 6.59 7.32 5.65 3.64 7.33 0.33 1.4 1.6 6.48 2.14 2.79 6.32 7.87 6.94 0.85 3.98 0.1 6.04 7.7 3.21 
1 1 1 1 1 1 1 1 1 1 1 1 1 1 1 1 1 1 1 1 1 1 1 1 1 1 1 1 1 1 1 1 1 1 1 1 1 1 1 1 
1 1 1 1 1 1 1 1 1 1 1 1 1 1 1 1 1 1 1 1 1 1 1 1 1 1 1 1 1 1 1 1 1 1 1 1 1 1 1 1 
1 1 1 1 1 1 1 1 1 1 1 1 1 1 1 1 1 1 1 1 1 1 1 1 1 1 1 1 1 1 1 1 1 1 1 1 1 1 1 1 
1 1 1 1 1 1 1 1 1 1 1 1 1 1 1 1 1 1 1 1 1 1 1 1 1 1 1 1 1 1 1 1 1 1 1 1 1 1 1 1 
1 1 1 1 1 1 1 1 1 1 1 1 1 1 1 1 1 1 1 1 1 1 1 1 1 1 1 1 1 1 1 1 1 1 1 1 1 1 1 1 
1 1 1 1 1 1 1 1 1 1 1 1 1 1 1 1 1 1 1 1 1 1 1 1 1 1 1 1 1 1 1 1 1 1 1 1 1 1 1 1 
1 1 1 1 1 1 1 1 1 1 1 1 1 1 1 1 1 1 1 1 1 1 1 1 1 1 1 1 1 1 1 1 1 1 1 1 1 1 1 1 
1 1 1 1 1 1 1 1 1 1 1 1 1 1 1 1 1 1 1 1 1 1 1 1 1 1 1 1 1 1 1 1 1 1 1 1 1 1 1 1 
1 1 1 1 1 1 1 1 1 1 1 1 1 1 1 1 1 1 1 1 1 1 1 1 1 1 1 1 1 1 1 1 1 1 1 1 1 1 1 1 
1 1 1 1 1 1 1 1 1 1 1 1 1 1 1 1 1 1 1 1 1 1 1 1 1 1 1 1 1 1 1 1 1 1 1 1 1 1 1 1 
1 1 1 1 1 1 1 1 1 1 1 1 1 1 1 1 1 1 1 1 1 1 1 1 1 1 1 1 1 1 1 1 1 1 1 1 1 1 1 1 
1 1 1 1 1 1 1 1 1 1 1 1 1 1 1 1 1 1 1 1 1 1 1 1 1 1 1 1 1 1 1 1 1 1 1 1 1 1 1 1 
0.01 0.01 0.01 0.01 0.01 0.01 0.01 0.01 0.01 0.01 0.01 0.01 0.01 0.01 0.01 0.01 0.01 0.01 0.01 0.01 0.01 0.01 0.01 0.01 0.01 0.01 0.01 0.01 0.01 0.01 0.01 0.01 0.01 0.01 0.01 0.01 0.01 0.01 0.01 0.01 
0.02 0.02 0.02 0.02 0.02 0.02 0.02 0.02 0.02 0.02 0.02 0.02 0.02 0.02 0.02 0.02 0.02 0.02 0.02 0.02 0.02 0.02 0.02 0.02 0.02 0.02 0.02 0.02 0.02 0.02 0.02 0.02 0.02 0.02 0.02 0.02 0.02 0.02 0.02 0.02 
0.03 0.03 0.03 0.03 0.03 0.03 0.03 0.03 0.03 0.03 0.03 0.03 0.03 0.03 0.03 0.03 0.03 0.03 0.03 0.03 0.03 0.03 0.03 0.03 0.03 0.03 0.03 0.03 0.03 0.03 0.03 0.03 0.03 0.03 0.03 0.03 0.03 0.03 0.03 0.03 
0.04 0.04 0.04 0.04 0.04 0.04 0.04 0.04 0.04 0.04 0.04 0.04 0.04 0.04 0.04 0.04 0.04 0.04 0.04 0.04 0.04 0.04 0.04 0.04 0.04 0.04 0.04 0.04 0.04 0.04 0.04 0.04 0.04 0.04 0.04 0.04 0.04 0.04 0.04 0.04 
0.125 0.125 0.125 0.125 0.125 0.125 0.125 0.125 0.125 0.125 0.125 0.125 0.125 0.125 0.125 0.125 0.125 0.125 0.125 0.125 0.125 0.125 0.125 0.125 0.125 0.125 0.125 0.125 0.125 0.125 0.125 0.125 0.125 0.125 0.125 0.125 0.125 0.125 0.125 0.125 
0.25 0.25 0.25 0.25 0.25 0.25 0.25 0.25 0.25 0.25 0.25 0.25 0.25 0.25 0.25 0.25 0.25 0.25 0.25 0.25 0.25 0.25 0.25 0.25 0.25 0.25 0.25 0.25 0.25 0.25 0.25 0.25 0.25 0.25 0.25 0.25 0.25 0.25 0.25 0.25 
0.375 0.375 0.375 0.375 0.375 0.375 0.375 0.375 0.375 0.375 0.375 0.375 0.375 0.375 0.375 0.375 0.375 0.375 0.375 0.375 0.375 0.375 0.375 0.375 0.375 0.375 0.375 0.375 0.375 0.375 0.375 0.375 0.375 0.375 0.375 0.375 0.375 0.375 0.375 0.375 
0.5 0.5 0.5 0.5 0.5 0.5 0.5 0.5 0.5 0.5 0.5 0.5 0.5 0.5 0.5 0.5 0.5 0.5 0.5 0.5 0.5 0.5 0.5 0.5 0.5 0.5 0.5 0.5 0.5 0.5 0.5 0.5 0.5 0.5 0.5 0.5 0.5 0.5 0.5 0.5 
0.625 0.625 0.625 0.625 0.625 0.625 0.625 0.625 0.625 0.625 0.625 0.625 0.625 0.625 0.625 0.625 0.625 0.625 0.625 0.625 0.625 0.625 0.625 0.625 0.625 0.625 0.625 0.625 0.625 0.625 0.625 0.625 0.625 0.625 0.625 0.625 0.625 0.625 0.625 0.625 
0.75 0.75 0.75 0.75 0.75 0.75 0.75 0.75 0.75 0.75 0.75 0.75 0.75 0.75 0.75 0.75 0.75 0.75 0.75 0.75 0.75 0.75 0.75 0.75 0.75 0.75 0.75 0.75 0.75 0.75 0.75 0.75 0.75 0.75 0.75 0.75 0.75 0.75 0.75 0.75 
0.875 0.875 0.875 0.875 0.875 0.875 0.875 0.875 0.875 0.875 0.875 0.875 0.875 0.875 0.875 0.875 0.875 0.875 0.875 0.875 0.875 0.875 0.875 0.875 0.875 0.875 0.875 0.875 0.875 0.875 0.875 0.875 0.875 0.875 0.875 0.875 0.875 0.875 0.875 0.875 
1 1 1 1 1 1 1 1 1 1 1 1 1 1 1 1 1 1 1 1 1 1 1 1 1 1 1 1 1 1 1 1 1 1 1 1 1 1 1 1 
