12 40 3 10
12 17 14 15 3 13 4 20 8 2 10 14 18 17 14 18 9 16 9 8 11 18 20 2 18 4 16 17 18 3 10 9 5 6 10 18 17 6 18 12 
1.3 7.57 2.22 0.67 0.72 7.97 3.83 7.97 0.9 7.25 0.42 2.47 5.76 7.86 1.67 1.69 2.17 6.45 4.85 0.3 4.81 6.67 5.2 1.98 4.01 1.62 7.53 4.58 1.17 1.29 7.65 1.19 3.74 5.74 4.35 6.02 0.94 2.53 3.43 5.63 
5.6 7.97 7.61 2.27 5.24 4.88 4.83 6.6 2.27 4.52 2.74 2.51 3.14 4.5 7.69 7.17 3.95 7.13 1.04 7.87 5.29 3.83 5.12 2.87 5.84 5.28 1.2 5.71 7.29 5.61 1.79 0.59 6.95 0.16 4.91 2.79 5.84 7.76 6.44 0.02 
0.1 2.68 1.53 1.33 7.03 6.72 2.02 4.69 5.97 7.41 6.52 6.62 2.22 1.57 2.08 4.38 2.15 0.21 4.43 7.55 4.56 6.34 0.81 1.33 1.08 1.47 6.16 7.42 2.81 2.82 0.42 4.47 7.55 5.71 1.99 4.08 0.24 4.29 4.71 4.45 
4 4 4 4 4 4 4 4 4 4 4 4 4 4 4 4 4 4 4 4 4 4 4 4 4 4 4 4 4 4 4 4 4 4 4 4 4 4 4 4 
3.32 3.98 6.26 5.06 4.59 4.9 4.09 7.62 7.97 2.66 3.06 2.86 6.72 4.56 1.25 0.62 0.58 4.86 6.08 7.19 6.75 1.35 0.95 2.76 1.36 0.2 1.32 4.48 6.97 6.05 1.58 6.57 6.56 1.35 2.9 3.32 6.42 4.4 2.5 4.55 
5.79 3.65 0.73 3.2 1.7 6.75 1.73 2.35 2.74 7.41 3.43 6.49 4.63 5.29 0.86 7.3 6.31 6.7 1.06 0.33 2.32 5.36 6.95 4.86 3.56 6.71 1.83 7.89 7.12 3.44 4.15 7.6 0.23 4.78 4.04 5.66 3.66 3.44 1.68 0.42 
4.52 6.47 1.24 2.63 0.93 0.76 6.99 6.19 5.4 6.03 5.41 0.11 3.72 4.45 1.75 3.19 7.93 0.86 2.42 1.21 4.85 1.63 0.54 2.41 7.19 1.01 6.02 7.5 1.6 4.78 5.75 3.88 4.81 7.25 4.47 4.05 4.05 1.09 6.26 1.15 
2.21 5.23 0.17 1.93 2.6 1.96 5.76 2.6 6.13 0.33 0.63 3.06 1.53 6.51 0.6 7.05 7.01 3.28 7.5 3.23 7.1 4.33 6.56 7.48 3.6 6.15 0.81 0.2 4.85 6.83 3.65 4.35 6.77 3.76 1.71 4.23 5.73 3.97 0.98 3.62 
5.43 3.89 1.7 2.85 6.83 4.5 2.74 2.14 1.72 3.77 4.37 6.4 4.75 2.54 4.31 0.58 5.78 7.5 7.98 1.22 7.54 2.05 0.34 5.06 6.11 7.99 0.44 6.31 7.66 6.89 6.98 4.46 5.69 5.95 3.91 7.7 7.36 5.48 7.85 7.89 
5.83 2.35 4.84 2.79 2.42 2.44 4.01 1.66 7.99 4.69 4.64 2.83 6.15 2.27 7.05 0.37 3.91 1.39 1.11 3.69 5.84 3.43 7.69 3.46 4.44 1.38 1.62 5.57 2.87 3.43 0.84 1.2 7.41 1.24 3.63 0.86 2.24 1.14 3.66 3.19 
2.63 6.82 6.28 4.03 5.56 0.22 7.46 6.48 2.07 1.38 4.49 3.57 7.05 0.85 6.26 5.93 5.98 7 0.94 3.37 3.02 3.79 2.47 1.43 7.56 7.93 4.8 1.78 2.06 3.71 1.54 1.89 0.46 3.54 0.12 1.82 5.27 5.78 2.9 6.81 
2.93 5.11 2.96 7.39 6.49 7.83 1.72 0.89 5.73 1.47 7.84 4.42 5.71 3.76 2.4 3.93 3.64 5.03 1.48 6.45 6.12 6.23 3.23 6.39 7.11 3.99 4.58 0.78 2.82 6.78 1.35 0.53 0.42 2.53 7.82 2.39 0.15 4.55 5.51 4.03 
1 1 1 1 1 1 1 1 1 1 1 1 1 1 1 1 1 1 1 1 1 1 1 1 1 1 1 1 1 1 1 1 1 1 1 1 1 1 1 1 
1 1 1 1 1 1 1 1 1 1 1 1 1 1 1 1 1 1 1 1 1 1 1 1 1 1 1 1 1 1 1 1 1 1 1 1 1 1 1 1 
1 1 1 1 1 1 1 1 1 1 1 1 1 1 1 1 1 1 1 1 1 1 1 1 1 1 1 1 1 1 1 1 1 1 1 1 1 1 1 1 
1 1 1 1 1 1 1 1 1 1 1 1 1 1 1 1 1 1 1 1 1 1 1 1 1 1 1 1 1 1 1 1 1 1 1 1 1 1 1 1 
1 1 1 1 1 1 1 1 1 1 1 1 1 1 1 1 1 1 1 1 1 1 1 1 1 1 1 1 1 1 1 1 1 1 1 1 1 1 1 1 
1 1 1 1 1 1 1 1 1 1 1 1 1 1 1 1 1 1 1 1 1 1 1 1 1 1 1 1 1 1 1 1 1 1 1 1 1 1 1 1 
1 1 1 1 1 1 1 1 1 1 1 1 1 1 1 1 1 1 1 1 1 1 1 1 1 1 1 1 1 1 1 1 1 1 1 1 1 1 1 1 
1 1 1 1 1 1 1 1 1 1 1 1 1 1 1 1 1 1 1 1 1 1 1 1 1 1 1 1 1 1 1 1 1 1 1 1 1 1 1 1 
1 1 1 1 1 1 1 1 1 1 1 1 1 1 1 1 1 1 1 1 1 1 1 1 1 1 1 1 1 1 1 1 1 1 1 1 1 1 1 1 
1 1 1 1 1 1 1 1 1 1 1 1 1 1 1 1 1 1 1 1 1 1 1 1 1 1 1 1 1 1 1 1 1 1 1 1 1 1 1 1 
1 1 1 1 1 1 1 1 1 1 1 1 1 1 1 1 1 1 1 1 1 1 1 1 1 1 1 1 1 1 1 1 1 1 1 1 1 1 1 1 
1 1 1 1 1 1 1 1 1 1 1 1 1 1 1 1 1 1 1 1 1 1 1 1 1 1 1 1 1 1 1 1 1 1 1 1 1 1 1 1 
0.01 0.01 0.01 0.01 0.01 0.01 0.01 0.01 0.01 0.01 0.01 0.01 0.01 0.01 0.01 0.01 0.01 0.01 0.01 0.01 0.01 0.01 0.01 0.01 0.01 0.01 0.01 0.01 0.01 0.01 0.01 0.01 0.01 0.01 0.01 0.01 0.01 0.01 0.01 0.01 
0.02 0.02 0.02 0.02 0.02 0.02 0.02 0.02 0.02 0.02 0.02 0.02 0.02 0.02 0.02 0.02 0.02 0.02 0.02 0.02 0.02 0.02 0.02 0.02 0.02 0.02 0.02 0.02 0.02 0.02 0.02 0.02 0.02 0.02 0.02 0.02 0.02 0.02 0.02 0.02 
0.03 0.03 0.03 0.03 0.03 0.03 0.03 0.03 0.03 0.03 0.03 0.03 0.03 0.03 0.03 0.03 0.03 0.03 0.03 0.03 0.03 0.03 0.03 0.03 0.03 0.03 0.03 0.03 0.03 0.03 0.03 0.03 0.03 0.03 0.03 0.03 0.03 0.03 0.03 0.03 
0.04 0.04 0.04 0.04 0.04 0.04 0.04 0.04 0.04 0.04 0.04 0.04 0.04 0.04 0.04 0.04 0.04 0.04 0.04 0.04 0.04 0.04 0.04 0.04 0.04 0.04 0.04 0.04 0.04 0.04 0.04 0.04 0.04 0.04 0.04 0.04 0.04 0.04 0.04 0.04 
0.125 0.125 0.125 0.125 0.125 0.125 0.125 0.125 0.125 0.125 0.125 0.125 0.125 0.125 0.125 0.125 0.125 0.125 0.125 0.125 0.125 0.125 0.125 0.125 0.125 0.125 0.125 0.125 0.125 0.125 0.125 0.125 0.125 0.125 0.125 0.125 0.125 0.125 0.125 0.125 
0.25 0.25 0.25 0.25 0.25 0.25 0.25 0.25 0.25 0.25 0.25 0.25 0.25 0.25 0.25 0.25 0.25 0.25 0.25 0.25 0.25 0.25 0.25 0.25 0.25 0.25 0.25 0.25 0.25 0.25 0.25 0.25 0.25 0.25 0.25 0.25 0.25 0.25 0.25 0.25 
0.375 0.375 0.375 0.375 0.375 0.375 0.375 0.375 0.375 0.375 0.375 0.375 0.375 0.375 0.375 0.375 0.375 0.375 0.375 0.375 0.375 0.375 0.375 0.375 0.375 0.375 0.375 0.375 0.375 0.375 0.375 0.375 0.375 0.375 0.375 0.375 0.375 0.375 0.375 0.375 
0.5 0.5 0.5 0.5 0.5 0.5 0.5 0.5 0.5 0.5 0.5 0.5 0.5 0.5 0.5 0.5 0.5 0.5 0.5 0.5 0.5 0.5 0.5 0.5 0.5 0.5 0.5 0.5 0.5 0.5 0.5 0.5 0.5 0.5 0.5 0.5 0.5 0.5 0.5 0.5 
0.625 0.625 0.625 0.625 0.625 0.625 0.625 0.625 0.625 0.625 0.625 0.625 0.625 0.625 0.625 0.625 0.625 0.625 0.625 0.625 0.625 0.625 0.625 0.625 0.625 0.625 0.625 0.625 0.625 0.625 0.625 0.625 0.625 0.625 0.625 0.625 0.625 0.625 0.625 0.625 
0.75 0.75 0.75 0.75 0.75 0.75 0.75 0.75 0.75 0.75 0.75 0.75 0.75 0.75 0.75 0.75 0.75 0.75 0.75 0.75 0.75 0.75 0.75 0.75 0.75 0.75 0.75 0.75 0.75 0.75 0.75 0.75 0.75 0.75 0.75 0.75 0.75 0.75 0.75 0.75 
0.875 0.875 0.875 0.875 0.875 0.875 0.875 0.875 0.875 0.875 0.875 0.875 0.875 0.875 0.875 0.875 0.875 0.875 0.875 0.875 0.875 0.875 0.875 0.875 0.875 0.875 0.875 0.875 0.875 0.875 0.875 0.875 0.875 0.875 0.875 0.875 0.875 0.875 0.875 0.875 
1 1 1 1 1 1 1 1 1 1 1 1 1 1 1 1 1 1 1 1 1 1 1 1 1 1 1 1 1 1 1 1 1 1 1 1 1 1 1 1 
