12 24 3 10
4 17 1 3 11 6 6 15 12 4 18 11 18 12 18 16 8 7 2 7 19 3 4 15 
1.48 7.54 6.24 4.56 0.15 0.88 6.29 3.84 4.21 2.86 1.21 1.51 2.15 0.58 4.68 3.13 1.31 1.88 3.95 7 0.16 7.89 5.55 1.83 
7.97 7.82 7.51 3.63 4.32 6.62 5.16 7.76 5.63 5.06 3.38 3.09 6.39 5.88 6.09 7.43 4.49 2.59 1.85 5.38 3.21 0.56 7.05 0.18 
6.76 4.25 0.62 4.16 3.22 0.17 3.55 4.59 6.01 0.27 3.29 4.73 1.84 2.94 0.98 0.13 0.13 1.79 0.07 3.51 3.72 7.76 3.05 0.72 
4 4 4 4 4 4 4 4 4 4 4 4 4 4 4 4 4 4 4 4 4 4 4 4 
7.39 7.56 5.11 1.19 5.06 4.06 1.93 5.08 6.2 2.53 3.82 2.62 7.53 4.86 5.34 3.14 3.61 7.33 5.59 2.86 8 4.05 0.77 7.04 
4.61 7.6 0.92 7.81 2.93 6.83 5.63 1.47 0.57 7.08 5.22 0.55 2.98 3.18 5.01 1.15 2.14 5.2 0.24 7.07 4.34 5.34 2.98 2.72 
7.86 1.03 1.87 0.87 5.88 3.31 7.4 6.31 4.41 6.17 2.94 6.7 3.4 1.56 1.23 2.59 2.63 3.62 2.77 1.94 4.57 4.51 0.59 4.71 
1.6 2.69 5.61 1.76 6.46 4.93 6.02 5.38 1.51 3.01 7.39 7.5 2.8 7.91 2.9 7.75 2.57 6.62 2.68 2.62 1.93 2.3 1.39 0.06 
0.33 0.2 2.95 5.96 3.96 3.31 0.62 6.29 0.81 2.19 4.71 7.8 1.03 6.84 0.22 3.19 5.9 0.16 3.41 6.93 5.65 4.23 5.82 7.75 
6.93 6.64 4.05 4.88 1.35 2.4 4.69 4.94 2.04 3.99 4.71 1.99 4.38 5.67 2.41 0.44 3.98 3.99 2.72 1.01 3.92 2.61 7.35 6.47 
3.34 4.3 1.48 3.86 4.96 2.32 7.24 7.42 5.45 4.69 1.09 6.16 4.81 6.73 0.31 7.56 1.1 2.91 0.54 7.38 0.9 2.75 6.45 7.74 
1.48 2.6 6.69 5.5 3.24 5.92 4.83 6.21 3.14 3.27 4.81 5.61 1.77 6.06 5.82 3.46 4.66 2.62 4.86 6.71 6.86 3.96 3.34 6.75 
1 1 1 1 1 1 1 1 1 1 1 1 1 1 1 1 1 1 1 1 1 1 1 1 
1 1 1 1 1 1 1 1 1 1 1 1 1 1 1 1 1 1 1 1 1 1 1 1 
1 1 1 1 1 1 1 1 1 1 1 1 1 1 1 1 1 1 1 1 1 1 1 1 
1 1 1 1 1 1 1 1 1 1 1 1 1 1 1 1 1 1 1 1 1 1 1 1 
1 1 1 1 1 1 1 1 1 1 1 1 1 1 1 1 1 1 1 1 1 1 1 1 
1 1 1 1 1 1 1 1 1 1 1 1 1 1 1 1 1 1 1 1 1 1 1 1 
1 1 1 1 1 1 1 1 1 1 1 1 1 1 1 1 1 1 1 1 1 1 1 1 
1 1 1 1 1 1 1 1 1 1 1 1 1 1 1 1 1 1 1 1 1 1 1 1 
1 1 1 1 1 1 1 1 1 1 1 1 1 1 1 1 1 1 1 1 1 1 1 1 
1 1 1 1 1 1 1 1 1 1 1 1 1 1 1 1 1 1 1 1 1 1 1 1 
1 1 1 1 1 1 1 1 1 1 1 1 1 1 1 1 1 1 1 1 1 1 1 1 
1 1 1 1 1 1 1 1 1 1 1 1 1 1 1 1 1 1 1 1 1 1 1 1 
0.01 0.01 0.01 0.01 0.01 0.01 0.01 0.01 0.01 0.01 0.01 0.01 0.01 0.01 0.01 0.01 0.01 0.01 0.01 0.01 0.01 0.01 0.01 0.01 
0.02 0.02 0.02 0.02 0.02 0.02 0.02 0.02 0.02 0.02 0.02 0.02 0.02 0.02 0.02 0.02 0.02 0.02 0.02 0.02 0.02 0.02 0.02 0.02 
0.03 0.03 0.03 0.03 0.03 0.03 0.03 0.03 0.03 0.03 0.03 0.03 0.03 0.03 0.03 0.03 0.03 0.03 0.03 0.03 0.03 0.03 0.03 0.03 
0.04 0.04 0.04 0.04 0.04 0.04 0.04 0.04 0.04 0.04 0.04 0.04 0.04 0.04 0.04 0.04 0.04 0.04 0.04 0.04 0.04 0.04 0.04 0.04 
0.125 0.125 0.125 0.125 0.125 0.125 0.125 0.125 0.125 0.125 0.125 0.125 0.125 0.125 0.125 0.125 0.125 0.125 0.125 0.125 0.125 0.125 0.125 0.125 
0.25 0.25 0.25 0.25 0.25 0.25 0.25 0.25 0.25 0.25 0.25 0.25 0.25 0.25 0.25 0.25 0.25 0.25 0.25 0.25 0.25 0.25 0.25 0.25 
0.375 0.375 0.375 0.375 0.375 0.375 0.375 0.375 0.375 0.375 0.375 0.375 0.375 0.375 0.375 0.375 0.375 0.375 0.375 0.375 0.375 0.375 0.375 0.375 
0.5 0.5 0.5 0.5 0.5 0.5 0.5 0.5 0.5 0.5 0.5 0.5 0.5 0.5 0.5 0.5 0.5 0.5 0.5 0.5 0.5 0.5 0.5 0.5 
0.625 0.625 0.625 0.625 0.625 0.625 0.625 0.625 0.625 0.625 0.625 0.625 0.625 0.625 0.625 0.625 0.625 0.625 0.625 0.625 0.625 0.625 0.625 0.625 
0.75 0.75 0.75 0.75 0.75 0.75 0.75 0.75 0.75 0.75 0.75 0.75 0.75 0.75 0.75 0.75 0.75 0.75 0.75 0.75 0.75 0.75 0.75 0.75 
0.875 0.875 0.875 0.875 0.875 0.875 0.875 0.875 0.875 0.875 0.875 0.875 0.875 0.875 0.875 0.875 0.875 0.875 0.875 0.875 0.875 0.875 0.875 0.875 
1 1 1 1 1 1 1 1 1 1 1 1 1 1 1 1 1 1 1 1 1 1 1 1 
