6 32 4 10
5 2 19 6 19 2 17 2 7 17 10 14 17 9 2 2 19 16 11 17 19 11 2 17 13 5 19 5 11 4 15 3 
4.34 2.93 6.99 6.12 0.11 3.4 7.63 6.91 3.39 6.36 2.66 3.22 0.21 1.14 5.18 0.16 5.77 1.3 6.32 7.68 2.47 4.72 4.6 0.11 6.18 4.39 6.48 7.08 5.06 7.31 7.01 6.63 
6.07 6.97 6.24 6.52 2.97 1.31 4.73 5.89 0.64 3.71 0.44 0.48 1.19 3.89 2.88 5.04 1.71 3.81 0.76 7.65 0.62 7.77 2.09 2.35 7.93 6.99 5.23 4.74 3.92 3.03 2.69 3.48 
6.21 5.11 1.05 7.48 5.35 5.07 3.07 0.14 0.66 2.48 2.19 7.48 0.84 2.94 1.11 5.68 4.84 4.48 6.85 3.27 6.33 6.53 4.79 7.02 3.55 4.78 4.63 5.39 4.7 4.44 3.22 4.04 
4.38 4.87 1.3 4.49 2.04 7 6.03 6.75 6.28 5.92 6.88 5.98 2.32 1.03 1.96 2.72 3.36 7.97 2.93 0.99 6.59 1.99 2.64 6.88 0.59 4.23 6.23 7.75 7.22 1.17 5.33 3.99 
4 4 4 4 4 4 4 4 4 4 4 4 4 4 4 4 4 4 4 4 4 4 4 4 4 4 4 4 4 4 4 4 
4.49 1.99 2.17 2.79 1.98 1.91 3.28 0.54 4.24 2.4 3.04 4.35 0.09 3.89 4.2 1.19 0.41 3.22 6.4 3.93 7.77 5.17 7.82 4.45 2.57 0.41 0.5 3.9 1.29 2.72 3.03 0.64 
1 1 1 1 1 1 1 1 1 1 1 1 1 1 1 1 1 1 1 1 1 1 1 1 1 1 1 1 1 1 1 1 
1 1 1 1 1 1 1 1 1 1 1 1 1 1 1 1 1 1 1 1 1 1 1 1 1 1 1 1 1 1 1 1 
1 1 1 1 1 1 1 1 1 1 1 1 1 1 1 1 1 1 1 1 1 1 1 1 1 1 1 1 1 1 1 1 
1 1 1 1 1 1 1 1 1 1 1 1 1 1 1 1 1 1 1 1 1 1 1 1 1 1 1 1 1 1 1 1 
1 1 1 1 1 1 1 1 1 1 1 1 1 1 1 1 1 1 1 1 1 1 1 1 1 1 1 1 1 1 1 1 
1 1 1 1 1 1 1 1 1 1 1 1 1 1 1 1 1 1 1 1 1 1 1 1 1 1 1 1 1 1 1 1 
0.01 0.01 0.01 0.01 0.01 0.01 0.01 0.01 0.01 0.01 0.01 0.01 0.01 0.01 0.01 0.01 0.01 0.01 0.01 0.01 0.01 0.01 0.01 0.01 0.01 0.01 0.01 0.01 0.01 0.01 0.01 0.01 
0.02 0.02 0.02 0.02 0.02 0.02 0.02 0.02 0.02 0.02 0.02 0.02 0.02 0.02 0.02 0.02 0.02 0.02 0.02 0.02 0.02 0.02 0.02 0.02 0.02 0.02 0.02 0.02 0.02 0.02 0.02 0.02 
0.03 0.03 0.03 0.03 0.03 0.03 0.03 0.03 0.03 0.03 0.03 0.03 0.03 0.03 0.03 0.03 0.03 0.03 0.03 0.03 0.03 0.03 0.03 0.03 0.03 0.03 0.03 0.03 0.03 0.03 0.03 0.03 
0.04 0.04 0.04 0.04 0.04 0.04 0.04 0.04 0.04 0.04 0.04 0.04 0.04 0.04 0.04 0.04 0.04 0.04 0.04 0.04 0.04 0.04 0.04 0.04 0.04 0.04 0.04 0.04 0.04 0.04 0.04 0.04 
0.05 0.05 0.05 0.05 0.05 0.05 0.05 0.05 0.05 0.05 0.05 0.05 0.05 0.05 0.05 0.05 0.05 0.05 0.05 0.05 0.05 0.05 0.05 0.05 0.05 0.05 0.05 0.05 0.05 0.05 0.05 0.05 
1 1 1 1 1 1 1 1 1 1 1 1 1 1 1 1 1 1 1 1 1 1 1 1 1 1 1 1 1 1 1 1 
