6 48 4 10
14 7 9 10 13 18 3 2 20 5 11 20 18 17 3 1 14 17 9 4 1 19 4 7 8 15 1 16 10 2 14 4 6 10 1 16 5 1 14 12 13 16 15 1 12 10 5 8 
7.62 7.81 0.12 1.8 2.45 7.25 6.32 0.22 7.38 6.49 3.99 3.23 5.46 3.6 2.82 5.32 1.62 2.67 5.62 2.87 6.83 4.95 2.23 2.13 2.09 5.93 4.08 5.64 0.49 6.89 5.18 4.81 0.73 1.5 1.09 4.54 7.69 3.13 0.51 7.47 7.67 2.4 0.13 6.38 7.82 3.21 7.09 0.78 
7.71 1.93 6.61 3.63 1.78 5.95 0.8 5.77 5.35 7.28 3.12 2.59 7.53 5.99 7.34 2.06 7.12 2.33 3.39 0.25 6.66 4.58 7.67 5.03 6.16 2.01 0.22 0.92 1.42 7.09 5.52 1.63 1.11 5.25 2.23 6.4 3.39 5.98 5.17 5.34 6.7 1.35 1.8 0.22 3.06 0.56 2.26 3.67 
6.9 4.42 1.19 7.23 6.22 1.82 1.78 1.34 0.08 1.53 5.36 0.11 2.11 3.23 3.05 6.52 7.77 3.75 1.1 6.19 5.37 6.93 3.82 0.72 4.36 4.75 7.28 5.84 1.44 3.43 4.9 6.29 0.51 6.47 4.36 6.34 3.26 0.65 7.7 4.45 7.87 7.71 1.97 6.84 2.17 7.48 3.19 5.58 
4.58 1.51 2.77 1.98 3.69 0.8 4.57 2.44 5.49 6.46 1.94 2.63 0.83 7.77 1.42 7.17 4.95 3.2 1.69 7.33 1.7 0.74 4.6 3.32 3.7 2.03 5.16 2.52 7.11 6.32 5.94 7.94 0.17 0.9 7.15 0.91 1.32 1.22 5.81 4.08 1.11 2.37 6.45 3.23 0.07 6.77 0.79 3.48 
4 4 4 4 4 4 4 4 4 4 4 4 4 4 4 4 4 4 4 4 4 4 4 4 4 4 4 4 4 4 4 4 4 4 4 4 4 4 4 4 4 4 4 4 4 4 4 4 
4.69 4 2.56 3.05 2.37 7.53 4.33 7.26 4.4 0.41 1.79 2.28 2.77 6.85 0.35 0.61 0.83 2.5 7.03 0.6 4.35 0.17 7.96 6.4 5.03 6.3 7.83 7.05 0.17 2.58 5.85 5.77 5.11 3.37 4.1 7.04 1.64 0.09 1.22 6.1 7.28 4.08 4.4 0.6 4.31 5.38 0.94 6.22 
1 1 1 1 1 1 1 1 1 1 1 1 1 1 1 1 1 1 1 1 1 1 1 1 1 1 1 1 1 1 1 1 1 1 1 1 1 1 1 1 1 1 1 1 1 1 1 1 
1 1 1 1 1 1 1 1 1 1 1 1 1 1 1 1 1 1 1 1 1 1 1 1 1 1 1 1 1 1 1 1 1 1 1 1 1 1 1 1 1 1 1 1 1 1 1 1 
1 1 1 1 1 1 1 1 1 1 1 1 1 1 1 1 1 1 1 1 1 1 1 1 1 1 1 1 1 1 1 1 1 1 1 1 1 1 1 1 1 1 1 1 1 1 1 1 
1 1 1 1 1 1 1 1 1 1 1 1 1 1 1 1 1 1 1 1 1 1 1 1 1 1 1 1 1 1 1 1 1 1 1 1 1 1 1 1 1 1 1 1 1 1 1 1 
1 1 1 1 1 1 1 1 1 1 1 1 1 1 1 1 1 1 1 1 1 1 1 1 1 1 1 1 1 1 1 1 1 1 1 1 1 1 1 1 1 1 1 1 1 1 1 1 
1 1 1 1 1 1 1 1 1 1 1 1 1 1 1 1 1 1 1 1 1 1 1 1 1 1 1 1 1 1 1 1 1 1 1 1 1 1 1 1 1 1 1 1 1 1 1 1 
0.01 0.01 0.01 0.01 0.01 0.01 0.01 0.01 0.01 0.01 0.01 0.01 0.01 0.01 0.01 0.01 0.01 0.01 0.01 0.01 0.01 0.01 0.01 0.01 0.01 0.01 0.01 0.01 0.01 0.01 0.01 0.01 0.01 0.01 0.01 0.01 0.01 0.01 0.01 0.01 0.01 0.01 0.01 0.01 0.01 0.01 0.01 0.01 
0.02 0.02 0.02 0.02 0.02 0.02 0.02 0.02 0.02 0.02 0.02 0.02 0.02 0.02 0.02 0.02 0.02 0.02 0.02 0.02 0.02 0.02 0.02 0.02 0.02 0.02 0.02 0.02 0.02 0.02 0.02 0.02 0.02 0.02 0.02 0.02 0.02 0.02 0.02 0.02 0.02 0.02 0.02 0.02 0.02 0.02 0.02 0.02 
0.03 0.03 0.03 0.03 0.03 0.03 0.03 0.03 0.03 0.03 0.03 0.03 0.03 0.03 0.03 0.03 0.03 0.03 0.03 0.03 0.03 0.03 0.03 0.03 0.03 0.03 0.03 0.03 0.03 0.03 0.03 0.03 0.03 0.03 0.03 0.03 0.03 0.03 0.03 0.03 0.03 0.03 0.03 0.03 0.03 0.03 0.03 0.03 
0.04 0.04 0.04 0.04 0.04 0.04 0.04 0.04 0.04 0.04 0.04 0.04 0.04 0.04 0.04 0.04 0.04 0.04 0.04 0.04 0.04 0.04 0.04 0.04 0.04 0.04 0.04 0.04 0.04 0.04 0.04 0.04 0.04 0.04 0.04 0.04 0.04 0.04 0.04 0.04 0.04 0.04 0.04 0.04 0.04 0.04 0.04 0.04 
0.05 0.05 0.05 0.05 0.05 0.05 0.05 0.05 0.05 0.05 0.05 0.05 0.05 0.05 0.05 0.05 0.05 0.05 0.05 0.05 0.05 0.05 0.05 0.05 0.05 0.05 0.05 0.05 0.05 0.05 0.05 0.05 0.05 0.05 0.05 0.05 0.05 0.05 0.05 0.05 0.05 0.05 0.05 0.05 0.05 0.05 0.05 0.05 
1 1 1 1 1 1 1 1 1 1 1 1 1 1 1 1 1 1 1 1 1 1 1 1 1 1 1 1 1 1 1 1 1 1 1 1 1 1 1 1 1 1 1 1 1 1 1 1 
