6 16 2 10
20 10 1 20 2 14 5 6 14 14 5 17 8 6 14 11 
3.99 1.03 2.65 6.83 7.36 3.38 3.63 4.14 0.4 0.13 6.39 3.94 7.32 6.32 1.63 4.43 
4.29 2.9 0.55 5.95 2.45 4.5 7.97 0.77 3.4 7.64 3.11 4.02 1.8 5.36 1.34 4.77 
4 4 4 4 4 4 4 4 4 4 4 4 4 4 4 4 
0.65 1.09 0 5.24 6.46 2.5 5.02 1.28 0.16 4.46 0.74 5.1 7.82 4.96 6.38 5.69 
1.37 4.37 7.94 3.07 4.89 6.31 3.2 0.85 0.87 1.49 0.51 1.87 2.36 5.73 1.21 2.19 
3.39 7.88 4.27 6.25 3.05 2.24 2.36 2.75 7.04 6.53 4.12 2.62 7.77 2.09 2.42 4.43 
1 1 1 1 1 1 1 1 1 1 1 1 1 1 1 1 
1 1 1 1 1 1 1 1 1 1 1 1 1 1 1 1 
1 1 1 1 1 1 1 1 1 1 1 1 1 1 1 1 
1 1 1 1 1 1 1 1 1 1 1 1 1 1 1 1 
1 1 1 1 1 1 1 1 1 1 1 1 1 1 1 1 
1 1 1 1 1 1 1 1 1 1 1 1 1 1 1 1 
0.01 0.01 0.01 0.01 0.01 0.01 0.01 0.01 0.01 0.01 0.01 0.01 0.01 0.01 0.01 0.01 
0.02 0.02 0.02 0.02 0.02 0.02 0.02 0.02 0.02 0.02 0.02 0.02 0.02 0.02 0.02 0.02 
0.03 0.03 0.03 0.03 0.03 0.03 0.03 0.03 0.03 0.03 0.03 0.03 0.03 0.03 0.03 0.03 
0.333333 0.333333 0.333333 0.333333 0.333333 0.333333 0.333333 0.333333 0.333333 0.333333 0.333333 0.333333 0.333333 0.333333 0.333333 0.333333 
0.666667 0.666667 0.666667 0.666667 0.666667 0.666667 0.666667 0.666667 0.666667 0.666667 0.666667 0.666667 0.666667 0.666667 0.666667 0.666667 
1 1 1 1 1 1 1 1 1 1 1 1 1 1 1 1 
