3 16 1 10
6 8 10 2 5 16 5 2 11 17 2 14 10 9 8 8 
5.66 4.13 5.97 3.66 5.53 6.47 5.51 2.53 2.99 6.75 5.35 3.91 2.72 4.32 4.58 6.61 
4 4 4 4 4 4 4 4 4 4 4 4 4 4 4 4 
2.61 4.17 3.56 1.14 0.49 2.42 1.94 6.46 7.77 2.56 1.84 0.17 5.53 3.86 5.2 0.21 
1 1 1 1 1 1 1 1 1 1 1 1 1 1 1 1 
1 1 1 1 1 1 1 1 1 1 1 1 1 1 1 1 
1 1 1 1 1 1 1 1 1 1 1 1 1 1 1 1 
0.01 0.01 0.01 0.01 0.01 0.01 0.01 0.01 0.01 0.01 0.01 0.01 0.01 0.01 0.01 0.01 
0.02 0.02 0.02 0.02 0.02 0.02 0.02 0.02 0.02 0.02 0.02 0.02 0.02 0.02 0.02 0.02 
1 1 1 1 1 1 1 1 1 1 1 1 1 1 1 1 
