6 24 2 10
13 3 6 6 3 8 11 7 1 10 13 7 8 6 20 15 2 2 6 6 11 1 6 3 
1.59 7.93 5.21 7.08 6.91 3.47 4.97 4.43 6.49 7.59 7.54 7.38 6.14 6.52 5.4 1.62 1.53 4.87 0.08 0.87 2.1 6.93 6.63 3.89 
3.97 3.16 5.45 4.37 6.04 5.4 2.99 7.17 6.13 2.64 1.92 2.19 5.98 2.93 2.48 2.96 3.04 7.14 6.42 7.1 2.55 2.38 0.2 5.86 
4 4 4 4 4 4 4 4 4 4 4 4 4 4 4 4 4 4 4 4 4 4 4 4 
6.62 2.65 6.06 0.55 7.67 0.75 3.14 0.92 0.49 6.03 3.32 2.72 4.78 2.91 1.03 7.7 6.67 0.44 5.72 1.27 6.77 3.02 5.93 6.84 
6.38 3.6 0.59 6.53 5.82 6.82 3.65 7.59 6.08 1.78 1.92 7.5 0.51 7.03 2.2 1.39 4.35 2 5.24 5.52 5.08 0.5 1.32 2.74 
5.55 4.65 3.7 6.91 4.65 5.42 0.57 2.68 1.31 6.45 1.63 4.62 6.04 5.46 5.35 6.19 3.9 6.84 6.65 3.16 6.67 3.32 1.83 3.85 
1 1 1 1 1 1 1 1 1 1 1 1 1 1 1 1 1 1 1 1 1 1 1 1 
1 1 1 1 1 1 1 1 1 1 1 1 1 1 1 1 1 1 1 1 1 1 1 1 
1 1 1 1 1 1 1 1 1 1 1 1 1 1 1 1 1 1 1 1 1 1 1 1 
1 1 1 1 1 1 1 1 1 1 1 1 1 1 1 1 1 1 1 1 1 1 1 1 
1 1 1 1 1 1 1 1 1 1 1 1 1 1 1 1 1 1 1 1 1 1 1 1 
1 1 1 1 1 1 1 1 1 1 1 1 1 1 1 1 1 1 1 1 1 1 1 1 
0.01 0.01 0.01 0.01 0.01 0.01 0.01 0.01 0.01 0.01 0.01 0.01 0.01 0.01 0.01 0.01 0.01 0.01 0.01 0.01 0.01 0.01 0.01 0.01 
0.02 0.02 0.02 0.02 0.02 0.02 0.02 0.02 0.02 0.02 0.02 0.02 0.02 0.02 0.02 0.02 0.02 0.02 0.02 0.02 0.02 0.02 0.02 0.02 
0.03 0.03 0.03 0.03 0.03 0.03 0.03 0.03 0.03 0.03 0.03 0.03 0.03 0.03 0.03 0.03 0.03 0.03 0.03 0.03 0.03 0.03 0.03 0.03 
0.333333 0.333333 0.333333 0.333333 0.333333 0.333333 0.333333 0.333333 0.333333 0.333333 0.333333 0.333333 0.333333 0.333333 0.333333 0.333333 0.333333 0.333333 0.333333 0.333333 0.333333 0.333333 0.333333 0.333333 
0.666667 0.666667 0.666667 0.666667 0.666667 0.666667 0.666667 0.666667 0.666667 0.666667 0.666667 0.666667 0.666667 0.666667 0.666667 0.666667 0.666667 0.666667 0.666667 0.666667 0.666667 0.666667 0.666667 0.666667 
1 1 1 1 1 1 1 1 1 1 1 1 1 1 1 1 1 1 1 1 1 1 1 1 
