12 16 6 10
9 2 4 9 2 8 11 7 1 2 13 18 1 3 13 12 
3.94 7.44 0.19 0.6 5.68 1.15 6.52 5.08 2.7 2.44 3.46 2.18 5.9 5.89 7 6.69 
6.93 1.7 5.6 2.05 7.35 6.8 1.59 1.99 3.5 4.56 5.45 1.24 1.74 2.7 6.31 3.88 
6.64 1.13 3.54 3.74 6.3 7.13 5.17 4.01 6.31 6.75 5.22 0.31 6.14 0.41 1.32 7.65 
6.32 4.13 7.99 3.86 6.76 4.39 0.34 1.64 3.39 4.81 7.46 0.54 0.04 4.88 3.37 3.25 
2.99 6.89 6.95 1.51 5.06 3.35 4.35 4.94 7.32 3.27 1.87 4.8 3.28 6.16 0.91 0.6 
4.45 6.76 4.01 5.56 0.63 2.89 5.81 5.69 6.38 6.89 6.93 3.76 1.42 4.25 0.1 1.14 
4 4 4 4 4 4 4 4 4 4 4 4 4 4 4 4 
5.47 5.45 7.88 5.53 1.5 5.06 2.41 3.9 3.13 2.29 2.08 3.99 1.08 0.73 3.47 3.31 
1.21 6.71 0.23 2.8 2.99 5.24 2.62 3.59 5.74 0.43 0.96 1.39 6.27 3.61 1.8 7.48 
2.56 4.42 1.61 7.61 2.68 6.35 3.71 2.03 3.03 7.79 3.34 1.73 0.24 2.3 3.61 4.03 
4.26 5.88 5.96 7.38 3.21 0.21 5.07 7.99 6.37 1.4 7.29 3.31 1.13 5.85 0.45 7.98 
0.62 1.74 4.12 1.46 0.82 4.65 4.77 7.18 7.2 3.52 5.81 7.25 7.43 0.11 2.9 4.18 
1 1 1 1 1 1 1 1 1 1 1 1 1 1 1 1 
1 1 1 1 1 1 1 1 1 1 1 1 1 1 1 1 
1 1 1 1 1 1 1 1 1 1 1 1 1 1 1 1 
1 1 1 1 1 1 1 1 1 1 1 1 1 1 1 1 
1 1 1 1 1 1 1 1 1 1 1 1 1 1 1 1 
1 1 1 1 1 1 1 1 1 1 1 1 1 1 1 1 
1 1 1 1 1 1 1 1 1 1 1 1 1 1 1 1 
1 1 1 1 1 1 1 1 1 1 1 1 1 1 1 1 
1 1 1 1 1 1 1 1 1 1 1 1 1 1 1 1 
1 1 1 1 1 1 1 1 1 1 1 1 1 1 1 1 
1 1 1 1 1 1 1 1 1 1 1 1 1 1 1 1 
1 1 1 1 1 1 1 1 1 1 1 1 1 1 1 1 
0.01 0.01 0.01 0.01 0.01 0.01 0.01 0.01 0.01 0.01 0.01 0.01 0.01 0.01 0.01 0.01 
0.02 0.02 0.02 0.02 0.02 0.02 0.02 0.02 0.02 0.02 0.02 0.02 0.02 0.02 0.02 0.02 
0.03 0.03 0.03 0.03 0.03 0.03 0.03 0.03 0.03 0.03 0.03 0.03 0.03 0.03 0.03 0.03 
0.04 0.04 0.04 0.04 0.04 0.04 0.04 0.04 0.04 0.04 0.04 0.04 0.04 0.04 0.04 0.04 
0.05 0.05 0.05 0.05 0.05 0.05 0.05 0.05 0.05 0.05 0.05 0.05 0.05 0.05 0.05 0.05 
0.06 0.06 0.06 0.06 0.06 0.06 0.06 0.06 0.06 0.06 0.06 0.06 0.06 0.06 0.06 0.06 
0.07 0.07 0.07 0.07 0.07 0.07 0.07 0.07 0.07 0.07 0.07 0.07 0.07 0.07 0.07 0.07 
0.2 0.2 0.2 0.2 0.2 0.2 0.2 0.2 0.2 0.2 0.2 0.2 0.2 0.2 0.2 0.2 
0.4 0.4 0.4 0.4 0.4 0.4 0.4 0.4 0.4 0.4 0.4 0.4 0.4 0.4 0.4 0.4 
0.6 0.6 0.6 0.6 0.6 0.6 0.6 0.6 0.6 0.6 0.6 0.6 0.6 0.6 0.6 0.6 
0.8 0.8 0.8 0.8 0.8 0.8 0.8 0.8 0.8 0.8 0.8 0.8 0.8 0.8 0.8 0.8 
1 1 1 1 1 1 1 1 1 1 1 1 1 1 1 1 
