6 32 2 10
2 15 18 6 2 6 19 20 18 4 9 10 8 11 10 9 19 8 5 6 7 2 19 8 7 8 6 3 6 4 7 4 
7.89 1.43 3.67 0.6 5.33 5.76 7.15 2.69 7.48 1.4 2.78 4.55 0.96 3.21 3.81 4.49 3.6 4.67 7.34 4.04 7.37 2.32 6.48 6.65 6.85 2.43 3.7 2.19 6.7 3.21 6.12 7.64 
4.61 3.3 5.04 0.91 4.36 7.28 7.37 0.42 0.1 5.74 7.35 4.97 7.48 6.09 6.47 0.14 3.74 1.7 3.79 0.59 4.84 1.68 3.63 7.43 0.57 5.31 2.55 1.17 6.57 5.71 5.18 6.02 
4 4 4 4 4 4 4 4 4 4 4 4 4 4 4 4 4 4 4 4 4 4 4 4 4 4 4 4 4 4 4 4 
7.08 3.9 5.95 0.93 0.66 4.92 7.13 0.34 1 4.38 6.23 0.98 3.03 2.95 3.75 5.28 0 6.27 4.39 2.42 1.29 5.85 1.1 4.76 7.18 4.9 4.76 6.48 2.91 1.91 2.77 1.07 
2.29 6.13 4.6 7.49 1.11 0.84 6.75 4.82 2.41 4.57 7.74 0.11 1.13 7.35 5.12 0.99 1.65 4.27 4.8 5.67 3.15 6.26 7.5 7.78 4.14 6.65 0.3 4.36 7.96 7.56 5.35 2.14 
2.46 3.7 5.42 7.39 7.77 6.26 2.31 7.28 1.65 0.98 3.42 2.59 5.83 2.92 6.63 7.81 2.93 5.29 1.28 0.3 3.71 4.19 1.33 5.48 2.06 3.46 6.23 7.73 2.22 3.4 3.84 1.25 
1 1 1 1 1 1 1 1 1 1 1 1 1 1 1 1 1 1 1 1 1 1 1 1 1 1 1 1 1 1 1 1 
1 1 1 1 1 1 1 1 1 1 1 1 1 1 1 1 1 1 1 1 1 1 1 1 1 1 1 1 1 1 1 1 
1 1 1 1 1 1 1 1 1 1 1 1 1 1 1 1 1 1 1 1 1 1 1 1 1 1 1 1 1 1 1 1 
1 1 1 1 1 1 1 1 1 1 1 1 1 1 1 1 1 1 1 1 1 1 1 1 1 1 1 1 1 1 1 1 
1 1 1 1 1 1 1 1 1 1 1 1 1 1 1 1 1 1 1 1 1 1 1 1 1 1 1 1 1 1 1 1 
1 1 1 1 1 1 1 1 1 1 1 1 1 1 1 1 1 1 1 1 1 1 1 1 1 1 1 1 1 1 1 1 
0.01 0.01 0.01 0.01 0.01 0.01 0.01 0.01 0.01 0.01 0.01 0.01 0.01 0.01 0.01 0.01 0.01 0.01 0.01 0.01 0.01 0.01 0.01 0.01 0.01 0.01 0.01 0.01 0.01 0.01 0.01 0.01 
0.02 0.02 0.02 0.02 0.02 0.02 0.02 0.02 0.02 0.02 0.02 0.02 0.02 0.02 0.02 0.02 0.02 0.02 0.02 0.02 0.02 0.02 0.02 0.02 0.02 0.02 0.02 0.02 0.02 0.02 0.02 0.02 
0.03 0.03 0.03 0.03 0.03 0.03 0.03 0.03 0.03 0.03 0.03 0.03 0.03 0.03 0.03 0.03 0.03 0.03 0.03 0.03 0.03 0.03 0.03 0.03 0.03 0.03 0.03 0.03 0.03 0.03 0.03 0.03 
0.333333 0.333333 0.333333 0.333333 0.333333 0.333333 0.333333 0.333333 0.333333 0.333333 0.333333 0.333333 0.333333 0.333333 0.333333 0.333333 0.333333 0.333333 0.333333 0.333333 0.333333 0.333333 0.333333 0.333333 0.333333 0.333333 0.333333 0.333333 0.333333 0.333333 0.333333 0.333333 
0.666667 0.666667 0.666667 0.666667 0.666667 0.666667 0.666667 0.666667 0.666667 0.666667 0.666667 0.666667 0.666667 0.666667 0.666667 0.666667 0.666667 0.666667 0.666667 0.666667 0.666667 0.666667 0.666667 0.666667 0.666667 0.666667 0.666667 0.666667 0.666667 0.666667 0.666667 0.666667 
1 1 1 1 1 1 1 1 1 1 1 1 1 1 1 1 1 1 1 1 1 1 1 1 1 1 1 1 1 1 1 1 
