6 32 2 10
13 17 20 20 15 2 5 11 7 5 18 20 7 6 5 1 7 2 13 20 19 2 18 20 4 7 17 14 6 5 13 18 
1.28 6.63 5.18 1.01 5.84 0.53 4.57 6.83 5.71 2.42 3.79 6.63 0.97 5.79 7.88 6.62 7.52 2.8 4.27 3.86 4.36 2.92 4.83 2.63 2.96 0.18 4.23 4.93 0.4 4.76 7.59 3.9 
5.45 1.16 1.01 3.07 1.41 1.49 7.08 1.99 7.63 3.68 6.78 5.95 1.78 2.47 2.28 7.15 0.36 7.81 0.4 3.78 1.77 7.17 4.76 5.86 0.36 0.31 1.24 3.73 5.35 0.09 1.74 4.01 
4 4 4 4 4 4 4 4 4 4 4 4 4 4 4 4 4 4 4 4 4 4 4 4 4 4 4 4 4 4 4 4 
3.52 5.41 5.27 2.04 7.67 4.29 4.68 5.15 1.6 1.07 2.15 1.46 1.27 0.2 4.99 1.05 5.43 6.15 3.4 7.85 4.49 7.87 3.51 1.21 3.09 7.67 6.1 6.68 0.3 3.36 0.32 2.97 
4.49 7.01 6.86 0.24 2.43 7.7 1.44 0.44 5.8 7.32 3.14 2.9 0.8 4.87 1.31 5.74 2.62 3.25 2.71 3.45 1.07 5.45 2.22 0.59 3.68 6.84 5.24 1.89 1.83 1.77 1.98 1.57 
0.7 4.79 7.99 6.05 6.29 6.89 0.55 0.06 1.45 5.58 0.64 2.76 2.88 5.53 3.54 1.47 7.8 7.59 7.77 7.48 0.59 6.12 3.94 5.98 6.6 2.4 0.16 1.1 6.7 1.58 3.07 0.73 
1 1 1 1 1 1 1 1 1 1 1 1 1 1 1 1 1 1 1 1 1 1 1 1 1 1 1 1 1 1 1 1 
1 1 1 1 1 1 1 1 1 1 1 1 1 1 1 1 1 1 1 1 1 1 1 1 1 1 1 1 1 1 1 1 
1 1 1 1 1 1 1 1 1 1 1 1 1 1 1 1 1 1 1 1 1 1 1 1 1 1 1 1 1 1 1 1 
1 1 1 1 1 1 1 1 1 1 1 1 1 1 1 1 1 1 1 1 1 1 1 1 1 1 1 1 1 1 1 1 
1 1 1 1 1 1 1 1 1 1 1 1 1 1 1 1 1 1 1 1 1 1 1 1 1 1 1 1 1 1 1 1 
1 1 1 1 1 1 1 1 1 1 1 1 1 1 1 1 1 1 1 1 1 1 1 1 1 1 1 1 1 1 1 1 
0.01 0.01 0.01 0.01 0.01 0.01 0.01 0.01 0.01 0.01 0.01 0.01 0.01 0.01 0.01 0.01 0.01 0.01 0.01 0.01 0.01 0.01 0.01 0.01 0.01 0.01 0.01 0.01 0.01 0.01 0.01 0.01 
0.02 0.02 0.02 0.02 0.02 0.02 0.02 0.02 0.02 0.02 0.02 0.02 0.02 0.02 0.02 0.02 0.02 0.02 0.02 0.02 0.02 0.02 0.02 0.02 0.02 0.02 0.02 0.02 0.02 0.02 0.02 0.02 
0.03 0.03 0.03 0.03 0.03 0.03 0.03 0.03 0.03 0.03 0.03 0.03 0.03 0.03 0.03 0.03 0.03 0.03 0.03 0.03 0.03 0.03 0.03 0.03 0.03 0.03 0.03 0.03 0.03 0.03 0.03 0.03 
0.333333 0.333333 0.333333 0.333333 0.333333 0.333333 0.333333 0.333333 0.333333 0.333333 0.333333 0.333333 0.333333 0.333333 0.333333 0.333333 0.333333 0.333333 0.333333 0.333333 0.333333 0.333333 0.333333 0.333333 0.333333 0.333333 0.333333 0.333333 0.333333 0.333333 0.333333 0.333333 
0.666667 0.666667 0.666667 0.666667 0.666667 0.666667 0.666667 0.666667 0.666667 0.666667 0.666667 0.666667 0.666667 0.666667 0.666667 0.666667 0.666667 0.666667 0.666667 0.666667 0.666667 0.666667 0.666667 0.666667 0.666667 0.666667 0.666667 0.666667 0.666667 0.666667 0.666667 0.666667 
1 1 1 1 1 1 1 1 1 1 1 1 1 1 1 1 1 1 1 1 1 1 1 1 1 1 1 1 1 1 1 1 
