3 40 1 10
18 6 1 20 17 20 8 7 18 19 1 1 1 4 8 5 13 3 14 8 6 6 13 12 9 19 4 16 3 15 5 13 18 8 6 19 12 20 3 18 
7.88 0.32 7.16 4.65 1.35 2.51 1.74 6.17 7.04 0.33 2.36 4.18 0.8 1.91 4.78 3.81 1.19 4.16 0.59 0.15 5.07 1.83 7.77 1.85 1.51 4.27 6.84 7.53 5.04 0.48 6.91 4.88 2.65 7.43 2.79 1.38 4.57 5.98 1.79 7.67 
4 4 4 4 4 4 4 4 4 4 4 4 4 4 4 4 4 4 4 4 4 4 4 4 4 4 4 4 4 4 4 4 4 4 4 4 4 4 4 4 
2.43 6.29 1 2.18 6.75 4.56 3.79 4.57 1.15 0.39 7.29 2.35 1.74 6.67 0.35 0.68 3.93 2.82 5.22 4.43 4.36 6.9 5.33 2.66 3.36 2.84 6.65 7.49 4.91 0.3 1.62 4.72 7.12 7.29 0.63 1.55 2.9 1.34 4.9 1.87 
1 1 1 1 1 1 1 1 1 1 1 1 1 1 1 1 1 1 1 1 1 1 1 1 1 1 1 1 1 1 1 1 1 1 1 1 1 1 1 1 
1 1 1 1 1 1 1 1 1 1 1 1 1 1 1 1 1 1 1 1 1 1 1 1 1 1 1 1 1 1 1 1 1 1 1 1 1 1 1 1 
1 1 1 1 1 1 1 1 1 1 1 1 1 1 1 1 1 1 1 1 1 1 1 1 1 1 1 1 1 1 1 1 1 1 1 1 1 1 1 1 
0.01 0.01 0.01 0.01 0.01 0.01 0.01 0.01 0.01 0.01 0.01 0.01 0.01 0.01 0.01 0.01 0.01 0.01 0.01 0.01 0.01 0.01 0.01 0.01 0.01 0.01 0.01 0.01 0.01 0.01 0.01 0.01 0.01 0.01 0.01 0.01 0.01 0.01 0.01 0.01 
0.02 0.02 0.02 0.02 0.02 0.02 0.02 0.02 0.02 0.02 0.02 0.02 0.02 0.02 0.02 0.02 0.02 0.02 0.02 0.02 0.02 0.02 0.02 0.02 0.02 0.02 0.02 0.02 0.02 0.02 0.02 0.02 0.02 0.02 0.02 0.02 0.02 0.02 0.02 0.02 
1 1 1 1 1 1 1 1 1 1 1 1 1 1 1 1 1 1 1 1 1 1 1 1 1 1 1 1 1 1 1 1 1 1 1 1 1 1 1 1 
