12 32 9 10
2 14 10 15 20 1 4 11 4 6 18 16 19 3 20 17 7 19 2 13 12 7 19 5 10 12 19 3 18 1 4 17 
7.49 2.64 2.8 6.6 5.3 2.6 6.27 3.95 3.03 0.61 3.56 3.66 7.57 2.36 4.64 4.53 4.36 1.72 6.16 2.49 5.3 1.35 3.79 5.35 4.77 5.95 0.32 6.77 0.48 3.99 1.67 1.81 
3.63 1.49 5.23 0.33 2.58 7.04 3.89 2.3 6.29 6.57 1.2 5.36 0 4.84 5.48 1.56 3.08 4.73 2.55 4.68 3.99 1.79 5.91 6.75 2.93 7.14 1.69 3.89 4.52 3.55 4.46 0.84 
5.64 1.22 2.49 4.7 7 0.6 7.98 0 7.03 4.98 2.06 6.86 2.73 2.14 6.4 1.07 3.73 7.63 4.36 1.58 3.89 0.65 5.22 7.49 3.17 7.98 6.15 6.52 7.94 6.19 4.67 1.33 
0.46 4.61 2.11 4.3 5.65 5.94 0.54 0.5 3.18 3.8 5.64 4.46 2.17 0.99 3.13 3.73 1.51 7.83 3.65 5.58 7.13 7.8 1.49 7.22 5.88 7.82 0.95 4.95 2.95 5.79 2.18 5 
5.01 2.27 4.12 6.35 5.87 1.59 3.55 1.62 1.48 3.76 4.43 7.54 7.3 0.84 6.37 6.81 2.49 3.15 7.07 6.23 7.72 3.9 4.34 2.77 2.68 0.25 6.22 3.65 4.88 3.98 3.55 7.95 
3.28 4.45 1.03 1.91 6.09 4.67 2.4 2.83 5.48 2.51 4.78 6.03 6.6 0.16 0.04 6.03 5.54 1.68 0.92 0.13 2.82 1.63 6.83 4.26 6.4 2.54 5.83 4.42 1.61 5.1 2.91 1.87 
1.08 2.77 6.11 5.09 0.06 3.33 7.72 7.77 2.45 2.31 2.41 3.74 3.34 3.67 1.44 0.59 2.69 6.67 2.35 4.44 5.86 6.56 0.51 1.86 0.17 3.39 0.33 1.16 5.79 4.43 7.62 2 
7.28 3.99 5.02 2.37 5.57 2.54 7.09 6.31 1.37 1.55 0.29 6.4 2.08 2.26 3.35 1.77 4.95 0.59 0.99 2.87 0.36 5.77 2.13 1.49 5.7 2.65 2.12 5.15 1.76 3.02 7.98 4.65 
2.79 5.65 1.42 3.32 0.15 5.28 3.13 7.18 3.55 5.94 7.43 2.93 3.87 7.58 2.72 3.35 1.49 3.37 6.63 4.12 2.71 1.96 1.28 0.25 5.56 6.91 1.15 0.41 5.52 5.54 1.12 0.09 
4 4 4 4 4 4 4 4 4 4 4 4 4 4 4 4 4 4 4 4 4 4 4 4 4 4 4 4 4 4 4 4 
7.71 0.89 2.65 1.57 2.56 3.63 2.47 5.68 4.97 2.79 0.75 3.44 0.9 1.95 1.35 0.79 7.87 0.25 7.58 7.34 7.21 5.1 1.95 5.11 4.1 6.75 6.83 4.14 1.28 5.09 4.42 2.41 
0.23 7.4 3.6 0.17 5.79 7.8 5.92 2.8 1.13 4.27 7.38 1.79 5.6 7 2.44 4.79 7.6 0.97 4.84 4.95 0.06 6.21 5.63 2.1 0.75 5.97 7.15 2.23 0.37 3.38 7.61 4.79 
1 1 1 1 1 1 1 1 1 1 1 1 1 1 1 1 1 1 1 1 1 1 1 1 1 1 1 1 1 1 1 1 
1 1 1 1 1 1 1 1 1 1 1 1 1 1 1 1 1 1 1 1 1 1 1 1 1 1 1 1 1 1 1 1 
1 1 1 1 1 1 1 1 1 1 1 1 1 1 1 1 1 1 1 1 1 1 1 1 1 1 1 1 1 1 1 1 
1 1 1 1 1 1 1 1 1 1 1 1 1 1 1 1 1 1 1 1 1 1 1 1 1 1 1 1 1 1 1 1 
1 1 1 1 1 1 1 1 1 1 1 1 1 1 1 1 1 1 1 1 1 1 1 1 1 1 1 1 1 1 1 1 
1 1 1 1 1 1 1 1 1 1 1 1 1 1 1 1 1 1 1 1 1 1 1 1 1 1 1 1 1 1 1 1 
1 1 1 1 1 1 1 1 1 1 1 1 1 1 1 1 1 1 1 1 1 1 1 1 1 1 1 1 1 1 1 1 
1 1 1 1 1 1 1 1 1 1 1 1 1 1 1 1 1 1 1 1 1 1 1 1 1 1 1 1 1 1 1 1 
1 1 1 1 1 1 1 1 1 1 1 1 1 1 1 1 1 1 1 1 1 1 1 1 1 1 1 1 1 1 1 1 
1 1 1 1 1 1 1 1 1 1 1 1 1 1 1 1 1 1 1 1 1 1 1 1 1 1 1 1 1 1 1 1 
1 1 1 1 1 1 1 1 1 1 1 1 1 1 1 1 1 1 1 1 1 1 1 1 1 1 1 1 1 1 1 1 
1 1 1 1 1 1 1 1 1 1 1 1 1 1 1 1 1 1 1 1 1 1 1 1 1 1 1 1 1 1 1 1 
0.01 0.01 0.01 0.01 0.01 0.01 0.01 0.01 0.01 0.01 0.01 0.01 0.01 0.01 0.01 0.01 0.01 0.01 0.01 0.01 0.01 0.01 0.01 0.01 0.01 0.01 0.01 0.01 0.01 0.01 0.01 0.01 
0.02 0.02 0.02 0.02 0.02 0.02 0.02 0.02 0.02 0.02 0.02 0.02 0.02 0.02 0.02 0.02 0.02 0.02 0.02 0.02 0.02 0.02 0.02 0.02 0.02 0.02 0.02 0.02 0.02 0.02 0.02 0.02 
0.03 0.03 0.03 0.03 0.03 0.03 0.03 0.03 0.03 0.03 0.03 0.03 0.03 0.03 0.03 0.03 0.03 0.03 0.03 0.03 0.03 0.03 0.03 0.03 0.03 0.03 0.03 0.03 0.03 0.03 0.03 0.03 
0.04 0.04 0.04 0.04 0.04 0.04 0.04 0.04 0.04 0.04 0.04 0.04 0.04 0.04 0.04 0.04 0.04 0.04 0.04 0.04 0.04 0.04 0.04 0.04 0.04 0.04 0.04 0.04 0.04 0.04 0.04 0.04 
0.05 0.05 0.05 0.05 0.05 0.05 0.05 0.05 0.05 0.05 0.05 0.05 0.05 0.05 0.05 0.05 0.05 0.05 0.05 0.05 0.05 0.05 0.05 0.05 0.05 0.05 0.05 0.05 0.05 0.05 0.05 0.05 
0.06 0.06 0.06 0.06 0.06 0.06 0.06 0.06 0.06 0.06 0.06 0.06 0.06 0.06 0.06 0.06 0.06 0.06 0.06 0.06 0.06 0.06 0.06 0.06 0.06 0.06 0.06 0.06 0.06 0.06 0.06 0.06 
0.07 0.07 0.07 0.07 0.07 0.07 0.07 0.07 0.07 0.07 0.07 0.07 0.07 0.07 0.07 0.07 0.07 0.07 0.07 0.07 0.07 0.07 0.07 0.07 0.07 0.07 0.07 0.07 0.07 0.07 0.07 0.07 
0.08 0.08 0.08 0.08 0.08 0.08 0.08 0.08 0.08 0.08 0.08 0.08 0.08 0.08 0.08 0.08 0.08 0.08 0.08 0.08 0.08 0.08 0.08 0.08 0.08 0.08 0.08 0.08 0.08 0.08 0.08 0.08 
0.09 0.09 0.09 0.09 0.09 0.09 0.09 0.09 0.09 0.09 0.09 0.09 0.09 0.09 0.09 0.09 0.09 0.09 0.09 0.09 0.09 0.09 0.09 0.09 0.09 0.09 0.09 0.09 0.09 0.09 0.09 0.09 
0.1 0.1 0.1 0.1 0.1 0.1 0.1 0.1 0.1 0.1 0.1 0.1 0.1 0.1 0.1 0.1 0.1 0.1 0.1 0.1 0.1 0.1 0.1 0.1 0.1 0.1 0.1 0.1 0.1 0.1 0.1 0.1 
0.5 0.5 0.5 0.5 0.5 0.5 0.5 0.5 0.5 0.5 0.5 0.5 0.5 0.5 0.5 0.5 0.5 0.5 0.5 0.5 0.5 0.5 0.5 0.5 0.5 0.5 0.5 0.5 0.5 0.5 0.5 0.5 
1 1 1 1 1 1 1 1 1 1 1 1 1 1 1 1 1 1 1 1 1 1 1 1 1 1 1 1 1 1 1 1 
