3 24 1 10
15 16 10 2 11 9 9 19 6 16 19 5 14 5 16 18 18 15 6 9 19 20 18 20 
4.05 0.45 4.54 4.32 0.92 6.91 6.1 4.74 1.39 7.18 4.27 4.39 1.01 6.74 0.58 5.06 4.87 6.33 3.93 0.35 5.4 2.18 6.33 5.03 
4 4 4 4 4 4 4 4 4 4 4 4 4 4 4 4 4 4 4 4 4 4 4 4 
7.86 4.78 0.67 7.86 5.05 4.94 4.62 4.57 5.21 5.68 4.35 2.57 4.46 3.32 6.95 4.57 3.62 1.43 4.28 5.59 5.53 3.6 0.72 3.3 
1 1 1 1 1 1 1 1 1 1 1 1 1 1 1 1 1 1 1 1 1 1 1 1 
1 1 1 1 1 1 1 1 1 1 1 1 1 1 1 1 1 1 1 1 1 1 1 1 
1 1 1 1 1 1 1 1 1 1 1 1 1 1 1 1 1 1 1 1 1 1 1 1 
0.01 0.01 0.01 0.01 0.01 0.01 0.01 0.01 0.01 0.01 0.01 0.01 0.01 0.01 0.01 0.01 0.01 0.01 0.01 0.01 0.01 0.01 0.01 0.01 
0.02 0.02 0.02 0.02 0.02 0.02 0.02 0.02 0.02 0.02 0.02 0.02 0.02 0.02 0.02 0.02 0.02 0.02 0.02 0.02 0.02 0.02 0.02 0.02 
1 1 1 1 1 1 1 1 1 1 1 1 1 1 1 1 1 1 1 1 1 1 1 1 
