6 32 2 10
1 11 11 11 4 8 16 12 3 11 19 16 12 19 2 20 19 19 7 9 14 12 14 17 11 17 8 7 18 13 15 9 
1.42 2.61 1.33 1.49 2.48 2.07 0.02 4.89 0.89 2.58 5.05 5.44 4.61 6.61 2.34 1.11 1.74 6.51 5.09 4.97 2.25 6.54 5.83 0.87 0.12 4.66 7.58 5.27 1.54 7.81 4.55 0.57 
7.8 1.79 5.7 4.44 0.6 5.5 3.69 6.78 5.33 3.55 0.63 6.58 0.86 6.97 7.82 7.05 0.31 4.3 1.12 3.05 1.43 7.13 5.3 1.69 7.47 6.43 1.38 6.21 2.88 5.47 5.66 2.57 
4 4 4 4 4 4 4 4 4 4 4 4 4 4 4 4 4 4 4 4 4 4 4 4 4 4 4 4 4 4 4 4 
3.54 1.84 2.11 3.1 3.46 0.93 5.62 4.77 1 5.51 0.9 5.98 3.02 0.74 2.18 4.38 7.38 7.83 5.66 4.72 6.93 0.65 5.06 5.46 4.03 0.3 5.63 6.6 1.97 4.95 8 6.57 
3.62 5.14 7.86 7.01 6.72 0.94 4.75 5.58 1.09 7.09 0.84 0.87 7.12 4.75 1.02 5.54 1.13 3.77 4.88 6.65 7.43 1.13 1.3 4.38 1.51 4.91 0.65 4.92 7.03 1.78 7.26 1.71 
5.72 2.48 5 1.99 5.72 2.04 4.17 6.53 2.49 1.07 5.01 1.56 1.52 2.96 2.95 0.49 7.79 5.21 6.59 6.77 1.43 5.75 2.42 4.65 7.58 7.77 4.88 4.45 4.43 3.15 2.76 2.75 
1 1 1 1 1 1 1 1 1 1 1 1 1 1 1 1 1 1 1 1 1 1 1 1 1 1 1 1 1 1 1 1 
1 1 1 1 1 1 1 1 1 1 1 1 1 1 1 1 1 1 1 1 1 1 1 1 1 1 1 1 1 1 1 1 
1 1 1 1 1 1 1 1 1 1 1 1 1 1 1 1 1 1 1 1 1 1 1 1 1 1 1 1 1 1 1 1 
1 1 1 1 1 1 1 1 1 1 1 1 1 1 1 1 1 1 1 1 1 1 1 1 1 1 1 1 1 1 1 1 
1 1 1 1 1 1 1 1 1 1 1 1 1 1 1 1 1 1 1 1 1 1 1 1 1 1 1 1 1 1 1 1 
1 1 1 1 1 1 1 1 1 1 1 1 1 1 1 1 1 1 1 1 1 1 1 1 1 1 1 1 1 1 1 1 
0.01 0.01 0.01 0.01 0.01 0.01 0.01 0.01 0.01 0.01 0.01 0.01 0.01 0.01 0.01 0.01 0.01 0.01 0.01 0.01 0.01 0.01 0.01 0.01 0.01 0.01 0.01 0.01 0.01 0.01 0.01 0.01 
0.02 0.02 0.02 0.02 0.02 0.02 0.02 0.02 0.02 0.02 0.02 0.02 0.02 0.02 0.02 0.02 0.02 0.02 0.02 0.02 0.02 0.02 0.02 0.02 0.02 0.02 0.02 0.02 0.02 0.02 0.02 0.02 
0.03 0.03 0.03 0.03 0.03 0.03 0.03 0.03 0.03 0.03 0.03 0.03 0.03 0.03 0.03 0.03 0.03 0.03 0.03 0.03 0.03 0.03 0.03 0.03 0.03 0.03 0.03 0.03 0.03 0.03 0.03 0.03 
0.333333 0.333333 0.333333 0.333333 0.333333 0.333333 0.333333 0.333333 0.333333 0.333333 0.333333 0.333333 0.333333 0.333333 0.333333 0.333333 0.333333 0.333333 0.333333 0.333333 0.333333 0.333333 0.333333 0.333333 0.333333 0.333333 0.333333 0.333333 0.333333 0.333333 0.333333 0.333333 
0.666667 0.666667 0.666667 0.666667 0.666667 0.666667 0.666667 0.666667 0.666667 0.666667 0.666667 0.666667 0.666667 0.666667 0.666667 0.666667 0.666667 0.666667 0.666667 0.666667 0.666667 0.666667 0.666667 0.666667 0.666667 0.666667 0.666667 0.666667 0.666667 0.666667 0.666667 0.666667 
1 1 1 1 1 1 1 1 1 1 1 1 1 1 1 1 1 1 1 1 1 1 1 1 1 1 1 1 1 1 1 1 
