12 24 6 10
8 3 13 11 2 3 4 18 2 15 14 17 4 18 17 10 3 15 17 7 2 4 10 1 
1.72 2.39 3.33 1.07 1.66 7.39 1.02 7.97 6.3 2.6 4.43 4.21 0.59 5.42 7.78 1.8 1.24 6.26 0.42 0.06 4.75 5.76 5.61 3.26 
6.15 4.95 5.38 7.06 0.2 0.14 1.29 7.88 4.25 0.41 3.44 4.62 6.91 7.1 4.33 1.36 6.01 7.74 5.44 6.63 1.33 7.7 6.11 5.73 
6.44 5.97 0.58 5.04 6.13 4.7 4.42 0.7 5.39 0.89 3.85 2.1 5.86 6.98 4.07 0.33 2.19 2.28 6.74 6.78 2.84 5.99 5.06 1.2 
7.05 7.28 4.23 1.38 1.75 6.11 2.39 7.74 5.71 6.76 6.99 5.92 1.1 5.28 7.75 6.63 6.52 4.9 3.83 0.92 4.07 3.56 5.72 6.71 
3.17 7.86 7.67 1.36 2.54 3.04 7.49 1.51 1.8 4.4 4.71 6.78 5.12 7.41 3.3 4.7 6.66 7.77 1.64 0.42 2.91 0.76 6.15 0.53 
1.84 3.92 6.52 5.24 1.06 7.71 7 5.02 7.97 4.67 0.98 0.25 3.24 7.62 3.81 7.21 1.78 4.12 1.5 6.47 0.9 0.74 1.53 3.03 
4 4 4 4 4 4 4 4 4 4 4 4 4 4 4 4 4 4 4 4 4 4 4 4 
1.41 2.96 1.41 6.32 4.84 1.9 0.91 3.11 6.81 1.57 4.35 1.51 4.63 4.52 4.65 3.98 7.81 4.97 0.08 1.68 7.67 5.57 5.77 3.51 
0.85 3.89 3.67 2.92 5.22 5.84 4.87 7.95 6.6 4.53 1.45 6 6 4.84 7.37 7.97 0.26 7.74 3.4 4.82 1.7 7.25 0.8 5.58 
6.34 0.84 2.77 0.05 5.25 7.05 4.16 3.46 6.72 1.39 0.16 5.09 3.57 7.12 1.4 2.72 1.64 7.79 6.68 3.05 7.81 0.25 2.94 4.2 
0.75 4.35 0.4 5.68 7.43 2.68 1.78 6.02 7.7 2.68 6.67 2.31 1.11 0.92 7.35 3.22 5.74 2.64 3.78 6.38 4.59 3.52 2.92 2.39 
7.27 0.74 5.27 1.87 4.53 2.42 6.63 3.11 0.41 7.92 4.33 2.49 2.93 4.15 3.93 2.84 2.69 1.6 4.9 3.3 7.3 4.69 5.03 6.35 
1 1 1 1 1 1 1 1 1 1 1 1 1 1 1 1 1 1 1 1 1 1 1 1 
1 1 1 1 1 1 1 1 1 1 1 1 1 1 1 1 1 1 1 1 1 1 1 1 
1 1 1 1 1 1 1 1 1 1 1 1 1 1 1 1 1 1 1 1 1 1 1 1 
1 1 1 1 1 1 1 1 1 1 1 1 1 1 1 1 1 1 1 1 1 1 1 1 
1 1 1 1 1 1 1 1 1 1 1 1 1 1 1 1 1 1 1 1 1 1 1 1 
1 1 1 1 1 1 1 1 1 1 1 1 1 1 1 1 1 1 1 1 1 1 1 1 
1 1 1 1 1 1 1 1 1 1 1 1 1 1 1 1 1 1 1 1 1 1 1 1 
1 1 1 1 1 1 1 1 1 1 1 1 1 1 1 1 1 1 1 1 1 1 1 1 
1 1 1 1 1 1 1 1 1 1 1 1 1 1 1 1 1 1 1 1 1 1 1 1 
1 1 1 1 1 1 1 1 1 1 1 1 1 1 1 1 1 1 1 1 1 1 1 1 
1 1 1 1 1 1 1 1 1 1 1 1 1 1 1 1 1 1 1 1 1 1 1 1 
1 1 1 1 1 1 1 1 1 1 1 1 1 1 1 1 1 1 1 1 1 1 1 1 
0.01 0.01 0.01 0.01 0.01 0.01 0.01 0.01 0.01 0.01 0.01 0.01 0.01 0.01 0.01 0.01 0.01 0.01 0.01 0.01 0.01 0.01 0.01 0.01 
0.02 0.02 0.02 0.02 0.02 0.02 0.02 0.02 0.02 0.02 0.02 0.02 0.02 0.02 0.02 0.02 0.02 0.02 0.02 0.02 0.02 0.02 0.02 0.02 
0.03 0.03 0.03 0.03 0.03 0.03 0.03 0.03 0.03 0.03 0.03 0.03 0.03 0.03 0.03 0.03 0.03 0.03 0.03 0.03 0.03 0.03 0.03 0.03 
0.04 0.04 0.04 0.04 0.04 0.04 0.04 0.04 0.04 0.04 0.04 0.04 0.04 0.04 0.04 0.04 0.04 0.04 0.04 0.04 0.04 0.04 0.04 0.04 
0.05 0.05 0.05 0.05 0.05 0.05 0.05 0.05 0.05 0.05 0.05 0.05 0.05 0.05 0.05 0.05 0.05 0.05 0.05 0.05 0.05 0.05 0.05 0.05 
0.06 0.06 0.06 0.06 0.06 0.06 0.06 0.06 0.06 0.06 0.06 0.06 0.06 0.06 0.06 0.06 0.06 0.06 0.06 0.06 0.06 0.06 0.06 0.06 
0.07 0.07 0.07 0.07 0.07 0.07 0.07 0.07 0.07 0.07 0.07 0.07 0.07 0.07 0.07 0.07 0.07 0.07 0.07 0.07 0.07 0.07 0.07 0.07 
0.2 0.2 0.2 0.2 0.2 0.2 0.2 0.2 0.2 0.2 0.2 0.2 0.2 0.2 0.2 0.2 0.2 0.2 0.2 0.2 0.2 0.2 0.2 0.2 
0.4 0.4 0.4 0.4 0.4 0.4 0.4 0.4 0.4 0.4 0.4 0.4 0.4 0.4 0.4 0.4 0.4 0.4 0.4 0.4 0.4 0.4 0.4 0.4 
0.6 0.6 0.6 0.6 0.6 0.6 0.6 0.6 0.6 0.6 0.6 0.6 0.6 0.6 0.6 0.6 0.6 0.6 0.6 0.6 0.6 0.6 0.6 0.6 
0.8 0.8 0.8 0.8 0.8 0.8 0.8 0.8 0.8 0.8 0.8 0.8 0.8 0.8 0.8 0.8 0.8 0.8 0.8 0.8 0.8 0.8 0.8 0.8 
1 1 1 1 1 1 1 1 1 1 1 1 1 1 1 1 1 1 1 1 1 1 1 1 
