3 48 1 10
17 9 2 2 11 8 17 2 10 7 18 8 3 17 7 15 18 19 17 3 11 14 7 2 3 1 17 10 5 10 15 14 9 8 13 3 4 10 12 1 17 10 9 9 11 10 5 10 
7.38 0.66 6.05 5.93 1.26 6.01 7.78 7.68 7.2 3.33 5.01 4.72 7.32 5.01 7.05 5.53 6.2 1.91 6.9 1.42 0.41 6.12 1.71 4.89 5.76 3.62 6.37 5.28 1.29 6.45 3.71 1.43 2.65 3.59 7.04 7.8 3.38 4.31 5.78 1.64 5.37 4.62 2.52 7.9 7.93 2.63 6.63 3.78 
4 4 4 4 4 4 4 4 4 4 4 4 4 4 4 4 4 4 4 4 4 4 4 4 4 4 4 4 4 4 4 4 4 4 4 4 4 4 4 4 4 4 4 4 4 4 4 4 
2.24 1.64 3.12 5.95 1.34 2.13 7.42 6.25 1.48 0.3 7.86 5.4 2.7 4.43 5.04 4.29 2.77 1.32 5.67 0.18 5.79 3.43 7.35 6.48 3.97 7.62 2.26 7.03 5.49 7.05 0.21 1.03 4.97 5.69 0.32 6.52 7 7.66 6.95 3.96 5.92 4.96 4.64 6.83 0.1 3.68 1.43 5.96 
1 1 1 1 1 1 1 1 1 1 1 1 1 1 1 1 1 1 1 1 1 1 1 1 1 1 1 1 1 1 1 1 1 1 1 1 1 1 1 1 1 1 1 1 1 1 1 1 
1 1 1 1 1 1 1 1 1 1 1 1 1 1 1 1 1 1 1 1 1 1 1 1 1 1 1 1 1 1 1 1 1 1 1 1 1 1 1 1 1 1 1 1 1 1 1 1 
1 1 1 1 1 1 1 1 1 1 1 1 1 1 1 1 1 1 1 1 1 1 1 1 1 1 1 1 1 1 1 1 1 1 1 1 1 1 1 1 1 1 1 1 1 1 1 1 
0.01 0.01 0.01 0.01 0.01 0.01 0.01 0.01 0.01 0.01 0.01 0.01 0.01 0.01 0.01 0.01 0.01 0.01 0.01 0.01 0.01 0.01 0.01 0.01 0.01 0.01 0.01 0.01 0.01 0.01 0.01 0.01 0.01 0.01 0.01 0.01 0.01 0.01 0.01 0.01 0.01 0.01 0.01 0.01 0.01 0.01 0.01 0.01 
0.02 0.02 0.02 0.02 0.02 0.02 0.02 0.02 0.02 0.02 0.02 0.02 0.02 0.02 0.02 0.02 0.02 0.02 0.02 0.02 0.02 0.02 0.02 0.02 0.02 0.02 0.02 0.02 0.02 0.02 0.02 0.02 0.02 0.02 0.02 0.02 0.02 0.02 0.02 0.02 0.02 0.02 0.02 0.02 0.02 0.02 0.02 0.02 
1 1 1 1 1 1 1 1 1 1 1 1 1 1 1 1 1 1 1 1 1 1 1 1 1 1 1 1 1 1 1 1 1 1 1 1 1 1 1 1 1 1 1 1 1 1 1 1 
