6 48 2 10
15 16 6 5 7 4 6 9 16 20 7 4 1 5 7 3 7 12 13 12 16 18 15 12 15 8 20 11 1 1 7 8 9 3 6 18 15 9 8 15 8 15 9 11 14 7 5 7 
5.57 1.69 2.29 4.86 6.97 2.02 5.2 3.18 7.61 5.99 6.05 6.03 5.67 7.08 1.24 2.64 2.61 3.13 0.74 6.69 6.77 5.23 1.84 5.55 5.66 3.91 3.66 6.08 3.98 1.72 1.41 3.4 1.59 6.85 6.71 1.19 4.07 3.8 5.33 3.15 0.96 7.35 7.74 4.27 5.47 6.49 6.16 1.26 
1.11 7.68 4.62 2.54 2.55 7.68 2.47 0.66 1.66 4.04 0.78 7.21 2.78 0.03 4.9 4.05 5.41 3.86 2.08 6.17 4.41 3.68 6.54 4.44 5.66 7.1 3.98 0.67 1.2 0.91 1.27 6.32 5.16 7.29 7.95 4.92 5.74 3.76 5.43 4.8 0.01 5.54 4.42 5.41 6.01 0.05 2.97 1.12 
4 4 4 4 4 4 4 4 4 4 4 4 4 4 4 4 4 4 4 4 4 4 4 4 4 4 4 4 4 4 4 4 4 4 4 4 4 4 4 4 4 4 4 4 4 4 4 4 
6.96 0.07 2.57 1.63 7.95 1.86 2.29 3.01 1.83 3.19 4.61 1.47 1.72 4.39 6.71 5.52 1.39 6.1 1.75 1.9 0.7 7.62 4 6.95 1.87 4.35 1.65 6.68 7.76 7.8 7.42 1.17 3.59 4.08 7.03 0.58 1.97 1.32 0.54 2.64 5.46 4.72 3.12 5.05 0.64 0.92 5.55 4.23 
3.05 6.94 1.24 6.6 3.02 6.84 6.06 0.81 2.06 5.07 1.94 2.16 6.07 2.07 5.45 1.64 7.05 2.46 5.56 5.87 4.73 5.65 1.32 3.68 4.35 5.44 2.32 5.85 3.71 4.03 3.71 6.89 1.7 4.48 1.1 2.3 1.33 7.07 5.02 3.86 3.13 6.01 4.66 0.66 7.85 7.04 1.09 0.64 
6.07 0.27 7.19 5.81 1.5 4.07 3.06 6.79 5.58 4.15 7.48 1.29 5.74 5.33 2.21 5.42 1.24 4.18 7.72 7.05 3.85 4.97 4.44 0.22 0.78 7.8 1.46 0.33 5.01 6.07 4.96 0.7 6.42 0.91 4.34 4.13 4.72 3.75 6.71 2.58 2.61 6.52 6.09 4.11 2.66 3.68 1.89 4.2 
1 1 1 1 1 1 1 1 1 1 1 1 1 1 1 1 1 1 1 1 1 1 1 1 1 1 1 1 1 1 1 1 1 1 1 1 1 1 1 1 1 1 1 1 1 1 1 1 
1 1 1 1 1 1 1 1 1 1 1 1 1 1 1 1 1 1 1 1 1 1 1 1 1 1 1 1 1 1 1 1 1 1 1 1 1 1 1 1 1 1 1 1 1 1 1 1 
1 1 1 1 1 1 1 1 1 1 1 1 1 1 1 1 1 1 1 1 1 1 1 1 1 1 1 1 1 1 1 1 1 1 1 1 1 1 1 1 1 1 1 1 1 1 1 1 
1 1 1 1 1 1 1 1 1 1 1 1 1 1 1 1 1 1 1 1 1 1 1 1 1 1 1 1 1 1 1 1 1 1 1 1 1 1 1 1 1 1 1 1 1 1 1 1 
1 1 1 1 1 1 1 1 1 1 1 1 1 1 1 1 1 1 1 1 1 1 1 1 1 1 1 1 1 1 1 1 1 1 1 1 1 1 1 1 1 1 1 1 1 1 1 1 
1 1 1 1 1 1 1 1 1 1 1 1 1 1 1 1 1 1 1 1 1 1 1 1 1 1 1 1 1 1 1 1 1 1 1 1 1 1 1 1 1 1 1 1 1 1 1 1 
0.01 0.01 0.01 0.01 0.01 0.01 0.01 0.01 0.01 0.01 0.01 0.01 0.01 0.01 0.01 0.01 0.01 0.01 0.01 0.01 0.01 0.01 0.01 0.01 0.01 0.01 0.01 0.01 0.01 0.01 0.01 0.01 0.01 0.01 0.01 0.01 0.01 0.01 0.01 0.01 0.01 0.01 0.01 0.01 0.01 0.01 0.01 0.01 
0.02 0.02 0.02 0.02 0.02 0.02 0.02 0.02 0.02 0.02 0.02 0.02 0.02 0.02 0.02 0.02 0.02 0.02 0.02 0.02 0.02 0.02 0.02 0.02 0.02 0.02 0.02 0.02 0.02 0.02 0.02 0.02 0.02 0.02 0.02 0.02 0.02 0.02 0.02 0.02 0.02 0.02 0.02 0.02 0.02 0.02 0.02 0.02 
0.03 0.03 0.03 0.03 0.03 0.03 0.03 0.03 0.03 0.03 0.03 0.03 0.03 0.03 0.03 0.03 0.03 0.03 0.03 0.03 0.03 0.03 0.03 0.03 0.03 0.03 0.03 0.03 0.03 0.03 0.03 0.03 0.03 0.03 0.03 0.03 0.03 0.03 0.03 0.03 0.03 0.03 0.03 0.03 0.03 0.03 0.03 0.03 
0.333333 0.333333 0.333333 0.333333 0.333333 0.333333 0.333333 0.333333 0.333333 0.333333 0.333333 0.333333 0.333333 0.333333 0.333333 0.333333 0.333333 0.333333 0.333333 0.333333 0.333333 0.333333 0.333333 0.333333 0.333333 0.333333 0.333333 0.333333 0.333333 0.333333 0.333333 0.333333 0.333333 0.333333 0.333333 0.333333 0.333333 0.333333 0.333333 0.333333 0.333333 0.333333 0.333333 0.333333 0.333333 0.333333 0.333333 0.333333 
0.666667 0.666667 0.666667 0.666667 0.666667 0.666667 0.666667 0.666667 0.666667 0.666667 0.666667 0.666667 0.666667 0.666667 0.666667 0.666667 0.666667 0.666667 0.666667 0.666667 0.666667 0.666667 0.666667 0.666667 0.666667 0.666667 0.666667 0.666667 0.666667 0.666667 0.666667 0.666667 0.666667 0.666667 0.666667 0.666667 0.666667 0.666667 0.666667 0.666667 0.666667 0.666667 0.666667 0.666667 0.666667 0.666667 0.666667 0.666667 
1 1 1 1 1 1 1 1 1 1 1 1 1 1 1 1 1 1 1 1 1 1 1 1 1 1 1 1 1 1 1 1 1 1 1 1 1 1 1 1 1 1 1 1 1 1 1 1 
