12 40 9 10
10 20 15 4 7 14 20 18 16 16 14 14 2 10 17 18 13 3 6 1 4 9 6 15 15 17 3 11 2 7 15 5 14 3 6 11 16 6 12 12 
7.4 4.64 1.37 4.93 6.06 6.86 7.72 5.11 1.11 1.61 5.52 4.13 6.62 4.39 3.63 7.61 0.12 1.81 4.81 5.11 0.05 1.74 3.81 1.65 3.63 5.85 1.26 6.64 5.18 5.41 0.48 0.01 4.46 0.75 6.12 7.34 7.45 4.03 3.92 0.18 
0.79 4.25 7.18 0.56 4.33 4.65 0.3 3.48 3.61 1.84 2.8 5.79 1.71 4.93 7.41 3.72 3.96 5.72 4.71 7.33 7.86 3.94 4.77 5.59 5.8 7.1 1.51 4.61 6.35 3.92 7.86 7.79 4.68 5.53 2.64 1.16 4.59 2.82 7.75 0.36 
4.43 0.59 6.95 5.37 0.86 7.29 1.31 5.63 3.09 2.99 5.64 0.31 2.17 3.57 4 2.69 4.44 4.14 4.37 5.26 2.11 6.99 3.72 4.5 4.63 1 4.55 5.64 6.9 6.31 1.23 1.05 2.16 0.24 3.13 5.63 4.59 1.52 0.11 6.39 
5.73 0.15 2.96 5.47 5.27 0.08 5.63 3.34 3.87 7.33 1.34 6.78 5.15 4.06 5.33 0.67 4.11 6.94 1.59 3.31 2.04 2.28 5.83 3.7 0.02 0.45 0.16 0.54 2.16 2.77 5.85 4.45 5.55 2.73 6.66 7.55 5.34 2.88 6.77 5.47 
7.37 1.61 0.93 3.32 5.07 1.32 4.84 2.23 1.7 1.83 3.52 3.28 0.64 3.13 6.23 4.89 5.42 4.79 0.73 3.51 7.32 4.55 1.41 3.02 1.32 0.72 7.28 6.36 3.06 6.58 3.85 3 5.81 1 0.18 7.7 5.78 0.35 7.06 2.05 
6.96 5.44 3.63 4.72 1.01 0.65 4.69 2.76 0.89 0.67 1.61 0.59 3.4 5.8 5.01 3.85 0.57 4.49 2.17 6.94 7.52 6 3.55 7.32 6.64 6.2 3.69 1.67 3.33 5.36 3.5 7.38 3.57 2.57 1.44 0.61 0.78 6.48 3.72 6.1 
4.77 1.64 3.16 0.65 5.85 6.71 5.3 1.08 0.93 4.45 6.59 7.34 3.43 6.54 6.75 4.3 4.19 5.46 3.33 5.29 0.34 1.19 6.61 0.61 1.09 3.27 3.23 1.07 2.43 4.02 2.6 7.39 3.92 5.78 0.95 5.77 7.73 6.9 7.51 2.07 
4.42 3.79 6.66 5.73 0.29 3.9 2.94 3.1 3.03 6.3 6.45 5.29 5.22 4.86 0.02 7.58 3.4 1.04 6.6 7.88 6.06 5.42 7.11 4.26 2.89 0.09 7.54 5.23 5.14 4.61 7.42 3.63 7.32 1.02 7.89 5.82 3.09 3.49 4.13 7.47 
3.79 7.86 2.14 3.26 6.94 7.69 4.59 4.82 0.88 4.33 6.98 1.04 4.59 7.1 0.01 5.51 0.19 1.65 6.88 4.36 7.24 7.53 1.38 1.6 0.1 2.89 4.54 2.18 7.18 3.79 2.5 6.61 7.64 6.64 2.67 5.37 3 4.5 5.96 1.75 
4 4 4 4 4 4 4 4 4 4 4 4 4 4 4 4 4 4 4 4 4 4 4 4 4 4 4 4 4 4 4 4 4 4 4 4 4 4 4 4 
6.85 2.67 3.46 5.38 0.01 3.4 5.87 5.09 4.37 2.27 0.86 3.59 7.07 0.43 3.86 3.43 4.3 6.45 2.92 4.2 4.94 7.22 6.14 3.68 3.61 2.76 2.18 2.55 4.51 3.58 6.42 5.87 1.18 4.68 0.3 3.21 0.81 2.36 6.73 4.65 
5.52 5.06 7.79 5.6 1.98 7.89 4.14 0.63 0.3 5.9 6.2 1.25 2.82 4.54 5.8 3.19 1.39 3.04 3.04 2.81 0.06 1.99 6.61 0.38 0.56 5.84 7.89 7.56 0.98 1.17 3.94 3.56 5.45 6.79 7.2 6.14 5.51 6.5 5.44 2.11 
1 1 1 1 1 1 1 1 1 1 1 1 1 1 1 1 1 1 1 1 1 1 1 1 1 1 1 1 1 1 1 1 1 1 1 1 1 1 1 1 
1 1 1 1 1 1 1 1 1 1 1 1 1 1 1 1 1 1 1 1 1 1 1 1 1 1 1 1 1 1 1 1 1 1 1 1 1 1 1 1 
1 1 1 1 1 1 1 1 1 1 1 1 1 1 1 1 1 1 1 1 1 1 1 1 1 1 1 1 1 1 1 1 1 1 1 1 1 1 1 1 
1 1 1 1 1 1 1 1 1 1 1 1 1 1 1 1 1 1 1 1 1 1 1 1 1 1 1 1 1 1 1 1 1 1 1 1 1 1 1 1 
1 1 1 1 1 1 1 1 1 1 1 1 1 1 1 1 1 1 1 1 1 1 1 1 1 1 1 1 1 1 1 1 1 1 1 1 1 1 1 1 
1 1 1 1 1 1 1 1 1 1 1 1 1 1 1 1 1 1 1 1 1 1 1 1 1 1 1 1 1 1 1 1 1 1 1 1 1 1 1 1 
1 1 1 1 1 1 1 1 1 1 1 1 1 1 1 1 1 1 1 1 1 1 1 1 1 1 1 1 1 1 1 1 1 1 1 1 1 1 1 1 
1 1 1 1 1 1 1 1 1 1 1 1 1 1 1 1 1 1 1 1 1 1 1 1 1 1 1 1 1 1 1 1 1 1 1 1 1 1 1 1 
1 1 1 1 1 1 1 1 1 1 1 1 1 1 1 1 1 1 1 1 1 1 1 1 1 1 1 1 1 1 1 1 1 1 1 1 1 1 1 1 
1 1 1 1 1 1 1 1 1 1 1 1 1 1 1 1 1 1 1 1 1 1 1 1 1 1 1 1 1 1 1 1 1 1 1 1 1 1 1 1 
1 1 1 1 1 1 1 1 1 1 1 1 1 1 1 1 1 1 1 1 1 1 1 1 1 1 1 1 1 1 1 1 1 1 1 1 1 1 1 1 
1 1 1 1 1 1 1 1 1 1 1 1 1 1 1 1 1 1 1 1 1 1 1 1 1 1 1 1 1 1 1 1 1 1 1 1 1 1 1 1 
0.01 0.01 0.01 0.01 0.01 0.01 0.01 0.01 0.01 0.01 0.01 0.01 0.01 0.01 0.01 0.01 0.01 0.01 0.01 0.01 0.01 0.01 0.01 0.01 0.01 0.01 0.01 0.01 0.01 0.01 0.01 0.01 0.01 0.01 0.01 0.01 0.01 0.01 0.01 0.01 
0.02 0.02 0.02 0.02 0.02 0.02 0.02 0.02 0.02 0.02 0.02 0.02 0.02 0.02 0.02 0.02 0.02 0.02 0.02 0.02 0.02 0.02 0.02 0.02 0.02 0.02 0.02 0.02 0.02 0.02 0.02 0.02 0.02 0.02 0.02 0.02 0.02 0.02 0.02 0.02 
0.03 0.03 0.03 0.03 0.03 0.03 0.03 0.03 0.03 0.03 0.03 0.03 0.03 0.03 0.03 0.03 0.03 0.03 0.03 0.03 0.03 0.03 0.03 0.03 0.03 0.03 0.03 0.03 0.03 0.03 0.03 0.03 0.03 0.03 0.03 0.03 0.03 0.03 0.03 0.03 
0.04 0.04 0.04 0.04 0.04 0.04 0.04 0.04 0.04 0.04 0.04 0.04 0.04 0.04 0.04 0.04 0.04 0.04 0.04 0.04 0.04 0.04 0.04 0.04 0.04 0.04 0.04 0.04 0.04 0.04 0.04 0.04 0.04 0.04 0.04 0.04 0.04 0.04 0.04 0.04 
0.05 0.05 0.05 0.05 0.05 0.05 0.05 0.05 0.05 0.05 0.05 0.05 0.05 0.05 0.05 0.05 0.05 0.05 0.05 0.05 0.05 0.05 0.05 0.05 0.05 0.05 0.05 0.05 0.05 0.05 0.05 0.05 0.05 0.05 0.05 0.05 0.05 0.05 0.05 0.05 
0.06 0.06 0.06 0.06 0.06 0.06 0.06 0.06 0.06 0.06 0.06 0.06 0.06 0.06 0.06 0.06 0.06 0.06 0.06 0.06 0.06 0.06 0.06 0.06 0.06 0.06 0.06 0.06 0.06 0.06 0.06 0.06 0.06 0.06 0.06 0.06 0.06 0.06 0.06 0.06 
0.07 0.07 0.07 0.07 0.07 0.07 0.07 0.07 0.07 0.07 0.07 0.07 0.07 0.07 0.07 0.07 0.07 0.07 0.07 0.07 0.07 0.07 0.07 0.07 0.07 0.07 0.07 0.07 0.07 0.07 0.07 0.07 0.07 0.07 0.07 0.07 0.07 0.07 0.07 0.07 
0.08 0.08 0.08 0.08 0.08 0.08 0.08 0.08 0.08 0.08 0.08 0.08 0.08 0.08 0.08 0.08 0.08 0.08 0.08 0.08 0.08 0.08 0.08 0.08 0.08 0.08 0.08 0.08 0.08 0.08 0.08 0.08 0.08 0.08 0.08 0.08 0.08 0.08 0.08 0.08 
0.09 0.09 0.09 0.09 0.09 0.09 0.09 0.09 0.09 0.09 0.09 0.09 0.09 0.09 0.09 0.09 0.09 0.09 0.09 0.09 0.09 0.09 0.09 0.09 0.09 0.09 0.09 0.09 0.09 0.09 0.09 0.09 0.09 0.09 0.09 0.09 0.09 0.09 0.09 0.09 
0.1 0.1 0.1 0.1 0.1 0.1 0.1 0.1 0.1 0.1 0.1 0.1 0.1 0.1 0.1 0.1 0.1 0.1 0.1 0.1 0.1 0.1 0.1 0.1 0.1 0.1 0.1 0.1 0.1 0.1 0.1 0.1 0.1 0.1 0.1 0.1 0.1 0.1 0.1 0.1 
0.5 0.5 0.5 0.5 0.5 0.5 0.5 0.5 0.5 0.5 0.5 0.5 0.5 0.5 0.5 0.5 0.5 0.5 0.5 0.5 0.5 0.5 0.5 0.5 0.5 0.5 0.5 0.5 0.5 0.5 0.5 0.5 0.5 0.5 0.5 0.5 0.5 0.5 0.5 0.5 
1 1 1 1 1 1 1 1 1 1 1 1 1 1 1 1 1 1 1 1 1 1 1 1 1 1 1 1 1 1 1 1 1 1 1 1 1 1 1 1 
