12 16 3 10
7 20 14 13 17 2 6 9 10 6 6 2 5 2 19 18 
5.96 2.96 3.09 5.54 5.12 4.58 2.24 3.52 6.53 7.27 4.15 1.68 7.76 7.04 6.92 5.65 
6.12 4.77 0.92 0.36 3.99 1.47 1.04 6.13 3.81 7.43 7.17 5.88 5.55 3.78 6.36 2.78 
0.32 1.09 2.67 3.75 7.89 2.33 4.43 1.75 4.37 6.12 6.43 7.12 4.88 2.08 3.46 0.57 
4 4 4 4 4 4 4 4 4 4 4 4 4 4 4 4 
3.3 7.2 7.92 3.45 6.86 6.97 4.68 1.77 2.47 6.53 6.61 7.05 7.56 0.36 5.42 4.07 
0.97 4.76 3.4 4.51 4.95 6.81 6.5 2.95 4.48 4.61 6.55 3.75 7.16 0.23 3.06 6.11 
6.48 4.67 0.98 2.49 0.87 1.55 4.65 7.35 2.28 4.02 1.77 0.39 0.92 3.05 7.68 2.87 
3.61 3.15 3.25 1.01 7.88 3.2 6.1 3.18 4.48 4.2 6.11 2.62 7.94 1.82 4.29 3.8 
7.14 2.63 0.86 3.93 7.68 1.26 0.22 2.81 0.38 7.24 2.86 7.69 3.44 7.95 5.32 3.48 
2.59 0.97 4.53 4.84 6.55 2.19 1.58 2.56 3.42 3.18 4.33 6.83 0.41 2.07 6.22 3.06 
1.25 5.19 7.28 3.3 0.5 2.32 1.87 3.89 2.17 7.33 2.49 0.45 7.83 5.81 2.87 2.3 
0.58 5.24 7.44 4.27 5.8 5.13 2.89 6.42 7.94 6.01 6.12 4.32 5.51 0.54 5.62 2.13 
1 1 1 1 1 1 1 1 1 1 1 1 1 1 1 1 
1 1 1 1 1 1 1 1 1 1 1 1 1 1 1 1 
1 1 1 1 1 1 1 1 1 1 1 1 1 1 1 1 
1 1 1 1 1 1 1 1 1 1 1 1 1 1 1 1 
1 1 1 1 1 1 1 1 1 1 1 1 1 1 1 1 
1 1 1 1 1 1 1 1 1 1 1 1 1 1 1 1 
1 1 1 1 1 1 1 1 1 1 1 1 1 1 1 1 
1 1 1 1 1 1 1 1 1 1 1 1 1 1 1 1 
1 1 1 1 1 1 1 1 1 1 1 1 1 1 1 1 
1 1 1 1 1 1 1 1 1 1 1 1 1 1 1 1 
1 1 1 1 1 1 1 1 1 1 1 1 1 1 1 1 
1 1 1 1 1 1 1 1 1 1 1 1 1 1 1 1 
0.01 0.01 0.01 0.01 0.01 0.01 0.01 0.01 0.01 0.01 0.01 0.01 0.01 0.01 0.01 0.01 
0.02 0.02 0.02 0.02 0.02 0.02 0.02 0.02 0.02 0.02 0.02 0.02 0.02 0.02 0.02 0.02 
0.03 0.03 0.03 0.03 0.03 0.03 0.03 0.03 0.03 0.03 0.03 0.03 0.03 0.03 0.03 0.03 
0.04 0.04 0.04 0.04 0.04 0.04 0.04 0.04 0.04 0.04 0.04 0.04 0.04 0.04 0.04 0.04 
0.125 0.125 0.125 0.125 0.125 0.125 0.125 0.125 0.125 0.125 0.125 0.125 0.125 0.125 0.125 0.125 
0.25 0.25 0.25 0.25 0.25 0.25 0.25 0.25 0.25 0.25 0.25 0.25 0.25 0.25 0.25 0.25 
0.375 0.375 0.375 0.375 0.375 0.375 0.375 0.375 0.375 0.375 0.375 0.375 0.375 0.375 0.375 0.375 
0.5 0.5 0.5 0.5 0.5 0.5 0.5 0.5 0.5 0.5 0.5 0.5 0.5 0.5 0.5 0.5 
0.625 0.625 0.625 0.625 0.625 0.625 0.625 0.625 0.625 0.625 0.625 0.625 0.625 0.625 0.625 0.625 
0.75 0.75 0.75 0.75 0.75 0.75 0.75 0.75 0.75 0.75 0.75 0.75 0.75 0.75 0.75 0.75 
0.875 0.875 0.875 0.875 0.875 0.875 0.875 0.875 0.875 0.875 0.875 0.875 0.875 0.875 0.875 0.875 
1 1 1 1 1 1 1 1 1 1 1 1 1 1 1 1 
