12 24 3 10
20 15 16 7 12 20 20 6 14 11 16 14 15 16 14 4 10 2 10 12 6 12 7 17 
3.66 4.45 7.73 7.28 2.16 1.47 2.89 3.62 2.41 1.56 6.7 0.22 2.82 7.13 6.98 1.4 5.04 6.77 7.24 6.47 0.15 6.05 7.3 0.95 
4.16 5.34 1.29 0.48 7.78 4.21 2.35 7.95 4.54 1.03 4.97 0.48 6.45 5.02 4.4 1.71 2.38 4.4 1.19 4.42 3.11 1.82 5.28 2.24 
0.14 2.99 2.56 6.01 3.2 2.95 2.82 2.66 1.24 1.8 5.73 4.67 4.78 4.94 4.35 2.64 4.91 0.61 1.48 7.58 4.77 5.15 7.49 4 
4 4 4 4 4 4 4 4 4 4 4 4 4 4 4 4 4 4 4 4 4 4 4 4 
6.99 3.15 0.24 0.73 1.86 3.97 1.2 1.64 7.99 0.02 0.69 7.28 5.15 3.53 1.7 6.69 6.65 2.33 0.58 6.96 4.16 5.38 2.74 1.83 
6.62 4.36 2.73 3.94 6.87 1.18 5.39 4.4 2.95 7.73 4.7 5.22 7.68 1.65 2.85 5.8 2.21 6.45 7.88 0.64 5.25 6.23 7.83 2.75 
1.02 2.32 3.72 4.94 3.24 1.93 6.62 0.18 7.67 2.92 2.23 3.98 6.05 4.21 4.57 1.67 2 3 1.31 3.85 7.06 7.29 7.9 0.17 
0.82 3.41 0.94 0.98 5.76 1.79 0.62 1.69 2.98 2.48 2.29 3.2 6.5 6.44 6.99 1.01 0.52 5.33 3.55 4.86 5.28 3.05 0.86 5.44 
7.98 7.81 1.4 6.98 6.64 5.58 7.18 2.5 4 7.38 0.61 7.52 2.19 3.53 7.14 0.36 3.48 5.03 0.11 5.99 0.39 6.93 7.33 4.15 
2.42 5.15 7.44 3.86 7.21 2.68 5.85 3.18 4.45 5.09 5.56 2.14 3.73 3.79 7.47 3.64 3.31 4.25 1.89 1.74 4.33 4.69 7.39 4.82 
1.32 3.31 3.2 2.37 5.5 5.47 3.62 6.34 6.36 7.23 6.35 3.14 0.34 0.88 7.87 4.85 0.37 7.8 4.65 1.46 6.65 3.46 1.62 1.38 
5.37 6.55 6.22 7.57 7.76 3.56 4.87 6.73 2.92 7.96 6.41 5.97 5.71 5.88 3.17 2.31 5.37 0.86 4.08 3.39 2.6 2.65 3.13 3.23 
1 1 1 1 1 1 1 1 1 1 1 1 1 1 1 1 1 1 1 1 1 1 1 1 
1 1 1 1 1 1 1 1 1 1 1 1 1 1 1 1 1 1 1 1 1 1 1 1 
1 1 1 1 1 1 1 1 1 1 1 1 1 1 1 1 1 1 1 1 1 1 1 1 
1 1 1 1 1 1 1 1 1 1 1 1 1 1 1 1 1 1 1 1 1 1 1 1 
1 1 1 1 1 1 1 1 1 1 1 1 1 1 1 1 1 1 1 1 1 1 1 1 
1 1 1 1 1 1 1 1 1 1 1 1 1 1 1 1 1 1 1 1 1 1 1 1 
1 1 1 1 1 1 1 1 1 1 1 1 1 1 1 1 1 1 1 1 1 1 1 1 
1 1 1 1 1 1 1 1 1 1 1 1 1 1 1 1 1 1 1 1 1 1 1 1 
1 1 1 1 1 1 1 1 1 1 1 1 1 1 1 1 1 1 1 1 1 1 1 1 
1 1 1 1 1 1 1 1 1 1 1 1 1 1 1 1 1 1 1 1 1 1 1 1 
1 1 1 1 1 1 1 1 1 1 1 1 1 1 1 1 1 1 1 1 1 1 1 1 
1 1 1 1 1 1 1 1 1 1 1 1 1 1 1 1 1 1 1 1 1 1 1 1 
0.01 0.01 0.01 0.01 0.01 0.01 0.01 0.01 0.01 0.01 0.01 0.01 0.01 0.01 0.01 0.01 0.01 0.01 0.01 0.01 0.01 0.01 0.01 0.01 
0.02 0.02 0.02 0.02 0.02 0.02 0.02 0.02 0.02 0.02 0.02 0.02 0.02 0.02 0.02 0.02 0.02 0.02 0.02 0.02 0.02 0.02 0.02 0.02 
0.03 0.03 0.03 0.03 0.03 0.03 0.03 0.03 0.03 0.03 0.03 0.03 0.03 0.03 0.03 0.03 0.03 0.03 0.03 0.03 0.03 0.03 0.03 0.03 
0.04 0.04 0.04 0.04 0.04 0.04 0.04 0.04 0.04 0.04 0.04 0.04 0.04 0.04 0.04 0.04 0.04 0.04 0.04 0.04 0.04 0.04 0.04 0.04 
0.125 0.125 0.125 0.125 0.125 0.125 0.125 0.125 0.125 0.125 0.125 0.125 0.125 0.125 0.125 0.125 0.125 0.125 0.125 0.125 0.125 0.125 0.125 0.125 
0.25 0.25 0.25 0.25 0.25 0.25 0.25 0.25 0.25 0.25 0.25 0.25 0.25 0.25 0.25 0.25 0.25 0.25 0.25 0.25 0.25 0.25 0.25 0.25 
0.375 0.375 0.375 0.375 0.375 0.375 0.375 0.375 0.375 0.375 0.375 0.375 0.375 0.375 0.375 0.375 0.375 0.375 0.375 0.375 0.375 0.375 0.375 0.375 
0.5 0.5 0.5 0.5 0.5 0.5 0.5 0.5 0.5 0.5 0.5 0.5 0.5 0.5 0.5 0.5 0.5 0.5 0.5 0.5 0.5 0.5 0.5 0.5 
0.625 0.625 0.625 0.625 0.625 0.625 0.625 0.625 0.625 0.625 0.625 0.625 0.625 0.625 0.625 0.625 0.625 0.625 0.625 0.625 0.625 0.625 0.625 0.625 
0.75 0.75 0.75 0.75 0.75 0.75 0.75 0.75 0.75 0.75 0.75 0.75 0.75 0.75 0.75 0.75 0.75 0.75 0.75 0.75 0.75 0.75 0.75 0.75 
0.875 0.875 0.875 0.875 0.875 0.875 0.875 0.875 0.875 0.875 0.875 0.875 0.875 0.875 0.875 0.875 0.875 0.875 0.875 0.875 0.875 0.875 0.875 0.875 
1 1 1 1 1 1 1 1 1 1 1 1 1 1 1 1 1 1 1 1 1 1 1 1 
