6 40 4 10
18 10 5 5 8 4 1 17 17 19 3 3 14 17 11 13 20 1 8 12 15 5 18 20 7 10 17 5 7 16 6 16 7 17 9 15 11 8 15 12 
1.73 6.63 2.07 5.83 2.67 2.03 6.18 7.69 0.97 3.19 0.09 0.55 5.32 1.42 6.23 6.53 6.66 7.1 5.5 2.06 2.08 0.98 1.91 4.22 4.38 0.44 0.45 5.54 5.15 7.2 6.24 6.93 0.66 2.77 0.8 0.39 1.66 2.17 5.13 2.1 
4.83 6.69 6.02 7.38 7.11 1.43 0.11 1.18 7.75 0.3 4.37 7.06 1.81 4.56 1.57 2.64 7.48 0.81 1.84 1.63 7.42 6.15 3.22 0.63 4.15 1.32 3.09 5.14 5.97 1.39 0.97 4.02 4.37 2.21 1.36 0.97 4.66 2.11 3.46 3.19 
1.84 7.35 6.16 3.83 0.6 1.66 1.37 3.77 5.91 7 6.69 7.49 0.61 3.76 2.73 3.51 5.59 1.78 2.88 4.07 6.5 3.73 6.18 5.77 5.33 0.89 0.75 0.64 0.64 6.35 6.32 3.7 7.26 3.62 0.49 5.16 4.67 3.86 7.27 6.54 
4.12 2.32 7.95 3.77 3.92 4.9 5.76 1.84 4.24 0.61 7.35 4.78 0.41 2.11 4.05 0.82 0.2 0.5 1.69 3.32 7.39 3.24 2.51 7.65 4.6 3.78 2.12 3.08 5.86 5.63 0.13 6.9 0.77 3.32 4.27 7.12 7.36 6.3 4.54 0.13 
4 4 4 4 4 4 4 4 4 4 4 4 4 4 4 4 4 4 4 4 4 4 4 4 4 4 4 4 4 4 4 4 4 4 4 4 4 4 4 4 
6.03 0.28 0.46 2.02 1.74 0.14 6.14 5.4 0.21 2.96 4.34 4.9 6.65 5.86 6.69 2.77 2.78 4.94 1.45 4.68 4.24 7.47 6.26 3.97 1.34 1.46 1.54 3.36 5.58 0.09 1.44 6.45 4.38 1.03 7.17 0.5 7.03 5.31 3.11 7.75 
1 1 1 1 1 1 1 1 1 1 1 1 1 1 1 1 1 1 1 1 1 1 1 1 1 1 1 1 1 1 1 1 1 1 1 1 1 1 1 1 
1 1 1 1 1 1 1 1 1 1 1 1 1 1 1 1 1 1 1 1 1 1 1 1 1 1 1 1 1 1 1 1 1 1 1 1 1 1 1 1 
1 1 1 1 1 1 1 1 1 1 1 1 1 1 1 1 1 1 1 1 1 1 1 1 1 1 1 1 1 1 1 1 1 1 1 1 1 1 1 1 
1 1 1 1 1 1 1 1 1 1 1 1 1 1 1 1 1 1 1 1 1 1 1 1 1 1 1 1 1 1 1 1 1 1 1 1 1 1 1 1 
1 1 1 1 1 1 1 1 1 1 1 1 1 1 1 1 1 1 1 1 1 1 1 1 1 1 1 1 1 1 1 1 1 1 1 1 1 1 1 1 
1 1 1 1 1 1 1 1 1 1 1 1 1 1 1 1 1 1 1 1 1 1 1 1 1 1 1 1 1 1 1 1 1 1 1 1 1 1 1 1 
0.01 0.01 0.01 0.01 0.01 0.01 0.01 0.01 0.01 0.01 0.01 0.01 0.01 0.01 0.01 0.01 0.01 0.01 0.01 0.01 0.01 0.01 0.01 0.01 0.01 0.01 0.01 0.01 0.01 0.01 0.01 0.01 0.01 0.01 0.01 0.01 0.01 0.01 0.01 0.01 
0.02 0.02 0.02 0.02 0.02 0.02 0.02 0.02 0.02 0.02 0.02 0.02 0.02 0.02 0.02 0.02 0.02 0.02 0.02 0.02 0.02 0.02 0.02 0.02 0.02 0.02 0.02 0.02 0.02 0.02 0.02 0.02 0.02 0.02 0.02 0.02 0.02 0.02 0.02 0.02 
0.03 0.03 0.03 0.03 0.03 0.03 0.03 0.03 0.03 0.03 0.03 0.03 0.03 0.03 0.03 0.03 0.03 0.03 0.03 0.03 0.03 0.03 0.03 0.03 0.03 0.03 0.03 0.03 0.03 0.03 0.03 0.03 0.03 0.03 0.03 0.03 0.03 0.03 0.03 0.03 
0.04 0.04 0.04 0.04 0.04 0.04 0.04 0.04 0.04 0.04 0.04 0.04 0.04 0.04 0.04 0.04 0.04 0.04 0.04 0.04 0.04 0.04 0.04 0.04 0.04 0.04 0.04 0.04 0.04 0.04 0.04 0.04 0.04 0.04 0.04 0.04 0.04 0.04 0.04 0.04 
0.05 0.05 0.05 0.05 0.05 0.05 0.05 0.05 0.05 0.05 0.05 0.05 0.05 0.05 0.05 0.05 0.05 0.05 0.05 0.05 0.05 0.05 0.05 0.05 0.05 0.05 0.05 0.05 0.05 0.05 0.05 0.05 0.05 0.05 0.05 0.05 0.05 0.05 0.05 0.05 
1 1 1 1 1 1 1 1 1 1 1 1 1 1 1 1 1 1 1 1 1 1 1 1 1 1 1 1 1 1 1 1 1 1 1 1 1 1 1 1 
