12 32 9 10
4 11 9 11 12 10 14 12 13 2 8 2 5 8 4 7 16 4 2 20 8 20 19 17 15 14 9 9 2 13 14 19 
7.18 0.16 6.5 2.83 6.79 2.4 5.62 3.55 5.67 0.46 7.82 2.18 6.44 0.14 1.52 1.33 3.79 3.58 7.07 2.99 3.73 6.52 6.12 2.41 1.41 3.92 3.1 3.8 2 2.99 1.52 4.46 
5.88 7.26 6.26 3.8 1.37 7.45 7.29 1.43 2.88 0.34 2.67 7.2 6 6.85 5.35 6.32 1.76 5.16 4 0.51 0.27 5.64 7.19 4.97 5.27 2.47 3.15 5.58 7.27 3.6 3.98 4.58 
0.71 0.78 2.92 5.65 4.92 7.66 6.76 6.6 4.12 5.67 6.67 5.71 3.59 2.94 1.22 3.23 2.34 6.03 6.1 6.71 3.75 3.73 7.93 6.66 6.92 5.84 0.65 3.51 4.03 2.69 1.26 7.15 
4.29 4.34 4.39 2.98 0.86 0.57 3.7 1.74 3.54 3.93 0.55 0.95 7.53 7.91 3.53 6.52 4.95 5.19 6.84 3.93 6.2 6.5 7.03 0.1 6.24 7.85 6.19 1.21 5.25 1.54 0 6.15 
4.08 7.1 0.35 0.85 5.29 1.05 3.97 1 6.72 4.67 4.48 4.59 1.33 2 1.95 3.63 4.48 4.32 7.85 2.72 0.3 4.49 7.52 1.82 2.63 3.98 6.34 1.57 2.26 6.08 0.95 3.77 
0.81 2.86 4.08 3.51 4.9 3.79 7.8 2.47 5.39 0.39 4.59 0.16 1.5 6.57 7.81 5.02 6.05 3.65 0.18 2.83 2.45 2.85 2.09 6.38 6.98 7.98 5.06 1.69 2.66 2.17 7.83 2.91 
1.67 7.85 1.48 3.79 3.85 0.93 7.91 0.69 6.57 7.04 1.01 3.76 1.7 6.57 2.08 5.12 2.84 2.81 7.62 4.27 7.97 3.06 0.02 6.66 2.71 5.04 3.5 3.69 6.52 0.89 2.48 7.2 
5.03 1.15 5.27 0.05 6.94 7.08 6.27 1.91 6.65 6.69 7.98 4.08 6.67 2.78 6.23 0.1 7.67 0.63 7.14 6.67 0.6 3.47 6.83 1.6 3.92 0 6.79 5.78 7.88 2.05 5.26 0.86 
0.92 2.4 5.07 3.87 1.42 0.92 6.56 4.82 1.79 6.99 0.67 2.46 1.8 6.38 1.34 3.07 0.9 2.46 7.52 0.18 2.38 3.94 5.48 2.82 4.61 7.02 1.99 2.83 7.14 0.58 6.72 5.98 
4 4 4 4 4 4 4 4 4 4 4 4 4 4 4 4 4 4 4 4 4 4 4 4 4 4 4 4 4 4 4 4 
7.01 4.84 5.26 6.4 3.64 3.78 3.83 0.5 5.23 1.53 2.98 7.06 5.48 6.49 3.24 6.73 5.01 3.18 3.27 7.36 0.12 1.41 7.51 6.57 1.51 4.47 5.73 4.68 6.97 6.16 7.28 4.14 
3.22 6.85 6.58 7.42 7.93 7.18 6.83 3.04 7.09 2.12 7.55 7.77 2.93 7.64 0.8 6.97 0.42 6.5 6.5 1.21 5.79 7.86 3.89 4.47 0.51 3.66 2.36 4.02 1.78 3.01 6.96 0.65 
1 1 1 1 1 1 1 1 1 1 1 1 1 1 1 1 1 1 1 1 1 1 1 1 1 1 1 1 1 1 1 1 
1 1 1 1 1 1 1 1 1 1 1 1 1 1 1 1 1 1 1 1 1 1 1 1 1 1 1 1 1 1 1 1 
1 1 1 1 1 1 1 1 1 1 1 1 1 1 1 1 1 1 1 1 1 1 1 1 1 1 1 1 1 1 1 1 
1 1 1 1 1 1 1 1 1 1 1 1 1 1 1 1 1 1 1 1 1 1 1 1 1 1 1 1 1 1 1 1 
1 1 1 1 1 1 1 1 1 1 1 1 1 1 1 1 1 1 1 1 1 1 1 1 1 1 1 1 1 1 1 1 
1 1 1 1 1 1 1 1 1 1 1 1 1 1 1 1 1 1 1 1 1 1 1 1 1 1 1 1 1 1 1 1 
1 1 1 1 1 1 1 1 1 1 1 1 1 1 1 1 1 1 1 1 1 1 1 1 1 1 1 1 1 1 1 1 
1 1 1 1 1 1 1 1 1 1 1 1 1 1 1 1 1 1 1 1 1 1 1 1 1 1 1 1 1 1 1 1 
1 1 1 1 1 1 1 1 1 1 1 1 1 1 1 1 1 1 1 1 1 1 1 1 1 1 1 1 1 1 1 1 
1 1 1 1 1 1 1 1 1 1 1 1 1 1 1 1 1 1 1 1 1 1 1 1 1 1 1 1 1 1 1 1 
1 1 1 1 1 1 1 1 1 1 1 1 1 1 1 1 1 1 1 1 1 1 1 1 1 1 1 1 1 1 1 1 
1 1 1 1 1 1 1 1 1 1 1 1 1 1 1 1 1 1 1 1 1 1 1 1 1 1 1 1 1 1 1 1 
0.01 0.01 0.01 0.01 0.01 0.01 0.01 0.01 0.01 0.01 0.01 0.01 0.01 0.01 0.01 0.01 0.01 0.01 0.01 0.01 0.01 0.01 0.01 0.01 0.01 0.01 0.01 0.01 0.01 0.01 0.01 0.01 
0.02 0.02 0.02 0.02 0.02 0.02 0.02 0.02 0.02 0.02 0.02 0.02 0.02 0.02 0.02 0.02 0.02 0.02 0.02 0.02 0.02 0.02 0.02 0.02 0.02 0.02 0.02 0.02 0.02 0.02 0.02 0.02 
0.03 0.03 0.03 0.03 0.03 0.03 0.03 0.03 0.03 0.03 0.03 0.03 0.03 0.03 0.03 0.03 0.03 0.03 0.03 0.03 0.03 0.03 0.03 0.03 0.03 0.03 0.03 0.03 0.03 0.03 0.03 0.03 
0.04 0.04 0.04 0.04 0.04 0.04 0.04 0.04 0.04 0.04 0.04 0.04 0.04 0.04 0.04 0.04 0.04 0.04 0.04 0.04 0.04 0.04 0.04 0.04 0.04 0.04 0.04 0.04 0.04 0.04 0.04 0.04 
0.05 0.05 0.05 0.05 0.05 0.05 0.05 0.05 0.05 0.05 0.05 0.05 0.05 0.05 0.05 0.05 0.05 0.05 0.05 0.05 0.05 0.05 0.05 0.05 0.05 0.05 0.05 0.05 0.05 0.05 0.05 0.05 
0.06 0.06 0.06 0.06 0.06 0.06 0.06 0.06 0.06 0.06 0.06 0.06 0.06 0.06 0.06 0.06 0.06 0.06 0.06 0.06 0.06 0.06 0.06 0.06 0.06 0.06 0.06 0.06 0.06 0.06 0.06 0.06 
0.07 0.07 0.07 0.07 0.07 0.07 0.07 0.07 0.07 0.07 0.07 0.07 0.07 0.07 0.07 0.07 0.07 0.07 0.07 0.07 0.07 0.07 0.07 0.07 0.07 0.07 0.07 0.07 0.07 0.07 0.07 0.07 
0.08 0.08 0.08 0.08 0.08 0.08 0.08 0.08 0.08 0.08 0.08 0.08 0.08 0.08 0.08 0.08 0.08 0.08 0.08 0.08 0.08 0.08 0.08 0.08 0.08 0.08 0.08 0.08 0.08 0.08 0.08 0.08 
0.09 0.09 0.09 0.09 0.09 0.09 0.09 0.09 0.09 0.09 0.09 0.09 0.09 0.09 0.09 0.09 0.09 0.09 0.09 0.09 0.09 0.09 0.09 0.09 0.09 0.09 0.09 0.09 0.09 0.09 0.09 0.09 
0.1 0.1 0.1 0.1 0.1 0.1 0.1 0.1 0.1 0.1 0.1 0.1 0.1 0.1 0.1 0.1 0.1 0.1 0.1 0.1 0.1 0.1 0.1 0.1 0.1 0.1 0.1 0.1 0.1 0.1 0.1 0.1 
0.5 0.5 0.5 0.5 0.5 0.5 0.5 0.5 0.5 0.5 0.5 0.5 0.5 0.5 0.5 0.5 0.5 0.5 0.5 0.5 0.5 0.5 0.5 0.5 0.5 0.5 0.5 0.5 0.5 0.5 0.5 0.5 
1 1 1 1 1 1 1 1 1 1 1 1 1 1 1 1 1 1 1 1 1 1 1 1 1 1 1 1 1 1 1 1 
