3 32 1 10
19 14 13 11 18 3 13 6 2 8 7 1 12 6 19 19 14 11 8 2 14 19 13 15 20 4 13 2 1 18 20 16 
1.17 2.19 2.89 1.06 7.72 2.4 5.38 1.29 5.46 5.28 3.47 6.48 3.21 5.7 2.43 1.08 6.09 0.45 2.91 3.82 0.99 0.47 1.63 4.58 1.15 0.59 7.18 5.98 2.14 5.11 1.85 2 
4 4 4 4 4 4 4 4 4 4 4 4 4 4 4 4 4 4 4 4 4 4 4 4 4 4 4 4 4 4 4 4 
5.24 0.74 2.41 1.3 6.43 4.59 5.49 1.14 4.72 2.42 3.81 0.88 3.01 4.44 3.53 5.78 5.66 4.35 0.47 5.88 1.85 6.26 5.6 5.12 5.67 4.95 4.58 6.35 2.09 6.42 1.8 2.8 
1 1 1 1 1 1 1 1 1 1 1 1 1 1 1 1 1 1 1 1 1 1 1 1 1 1 1 1 1 1 1 1 
1 1 1 1 1 1 1 1 1 1 1 1 1 1 1 1 1 1 1 1 1 1 1 1 1 1 1 1 1 1 1 1 
1 1 1 1 1 1 1 1 1 1 1 1 1 1 1 1 1 1 1 1 1 1 1 1 1 1 1 1 1 1 1 1 
0.01 0.01 0.01 0.01 0.01 0.01 0.01 0.01 0.01 0.01 0.01 0.01 0.01 0.01 0.01 0.01 0.01 0.01 0.01 0.01 0.01 0.01 0.01 0.01 0.01 0.01 0.01 0.01 0.01 0.01 0.01 0.01 
0.02 0.02 0.02 0.02 0.02 0.02 0.02 0.02 0.02 0.02 0.02 0.02 0.02 0.02 0.02 0.02 0.02 0.02 0.02 0.02 0.02 0.02 0.02 0.02 0.02 0.02 0.02 0.02 0.02 0.02 0.02 0.02 
1 1 1 1 1 1 1 1 1 1 1 1 1 1 1 1 1 1 1 1 1 1 1 1 1 1 1 1 1 1 1 1 
