12 24 3 10
16 20 3 20 15 1 1 20 7 7 10 12 10 5 16 16 7 11 13 16 4 4 2 18 
1.67 5.75 7.58 4.41 7.99 4.35 7.79 7.17 1.29 0.5 4.28 1.78 6.98 4.73 6.44 3.34 7.05 6.64 7.85 1.81 2.8 2.33 5.5 5.87 
1.65 0.67 4.1 3.71 1.69 2.11 0.31 2.83 4.17 2.19 4.65 2.85 5.25 5.38 0.04 4.59 3.27 6.94 3.63 1.36 6.88 1.04 6.12 6.46 
7.6 5.26 4.89 2.73 0.7 7.38 6.68 7.15 0.57 3.92 6.38 5.87 3.64 2.37 0.61 3.1 3.28 7.53 2.84 7.58 2.61 5.46 5.28 5.21 
4 4 4 4 4 4 4 4 4 4 4 4 4 4 4 4 4 4 4 4 4 4 4 4 
6.26 7.07 1.6 1.13 6.41 0.6 3.12 3.24 5.28 4.66 1.2 0.52 5.94 4.89 7.3 3.56 2.7 7.97 0.81 4.98 1.3 5.96 7.27 6.76 
6.27 5.73 1.59 3.09 3.4 6.89 5.8 5.05 4.03 0.2 0.7 6.18 5.54 5.07 0.76 7.72 4.5 5.06 0.87 0.38 1.89 6.3 6.95 3.95 
5.74 1.39 2.82 2.46 0.11 7.51 2.5 6.64 2.97 3.65 2.5 2.13 5.34 3.51 6.86 0.13 3.54 6.76 6.79 2.24 0.66 5.11 3.15 0.28 
4.94 0.42 5.58 7.3 6.53 5.48 4.03 4.33 6.96 6.01 5.61 0.43 2.55 3.29 3.12 0.21 3.85 5.11 5.43 0 2.96 2.78 6.5 1.35 
7.66 4.25 0.61 1.63 7.5 2.03 4.48 3.19 3.95 1.38 5.85 5.3 0.37 1 5.38 1.66 7.55 6.91 3.82 6.15 4.95 2.96 7.73 4.32 
3.18 3.03 4.03 2.17 4.19 6.24 6.21 5.84 0.42 7.59 2.95 1.41 5.33 0.04 7.46 4.75 7.95 7.56 2.6 1.56 0.33 0.27 4.34 5.14 
3.44 1.44 2.94 0.8 2.94 2.14 2.85 5.01 1.88 0.81 6.47 7.08 7.16 4.89 3.74 3.65 4.95 7.98 6.95 5.72 0.69 0.19 3.5 5.74 
2.22 0.07 0.19 2.5 0.22 1.28 1.85 1.47 7.96 0.47 3.67 3.24 1.01 1.52 5.01 5.39 6.83 1.34 3.61 1.93 5.66 7.42 1 4.24 
1 1 1 1 1 1 1 1 1 1 1 1 1 1 1 1 1 1 1 1 1 1 1 1 
1 1 1 1 1 1 1 1 1 1 1 1 1 1 1 1 1 1 1 1 1 1 1 1 
1 1 1 1 1 1 1 1 1 1 1 1 1 1 1 1 1 1 1 1 1 1 1 1 
1 1 1 1 1 1 1 1 1 1 1 1 1 1 1 1 1 1 1 1 1 1 1 1 
1 1 1 1 1 1 1 1 1 1 1 1 1 1 1 1 1 1 1 1 1 1 1 1 
1 1 1 1 1 1 1 1 1 1 1 1 1 1 1 1 1 1 1 1 1 1 1 1 
1 1 1 1 1 1 1 1 1 1 1 1 1 1 1 1 1 1 1 1 1 1 1 1 
1 1 1 1 1 1 1 1 1 1 1 1 1 1 1 1 1 1 1 1 1 1 1 1 
1 1 1 1 1 1 1 1 1 1 1 1 1 1 1 1 1 1 1 1 1 1 1 1 
1 1 1 1 1 1 1 1 1 1 1 1 1 1 1 1 1 1 1 1 1 1 1 1 
1 1 1 1 1 1 1 1 1 1 1 1 1 1 1 1 1 1 1 1 1 1 1 1 
1 1 1 1 1 1 1 1 1 1 1 1 1 1 1 1 1 1 1 1 1 1 1 1 
0.01 0.01 0.01 0.01 0.01 0.01 0.01 0.01 0.01 0.01 0.01 0.01 0.01 0.01 0.01 0.01 0.01 0.01 0.01 0.01 0.01 0.01 0.01 0.01 
0.02 0.02 0.02 0.02 0.02 0.02 0.02 0.02 0.02 0.02 0.02 0.02 0.02 0.02 0.02 0.02 0.02 0.02 0.02 0.02 0.02 0.02 0.02 0.02 
0.03 0.03 0.03 0.03 0.03 0.03 0.03 0.03 0.03 0.03 0.03 0.03 0.03 0.03 0.03 0.03 0.03 0.03 0.03 0.03 0.03 0.03 0.03 0.03 
0.04 0.04 0.04 0.04 0.04 0.04 0.04 0.04 0.04 0.04 0.04 0.04 0.04 0.04 0.04 0.04 0.04 0.04 0.04 0.04 0.04 0.04 0.04 0.04 
0.125 0.125 0.125 0.125 0.125 0.125 0.125 0.125 0.125 0.125 0.125 0.125 0.125 0.125 0.125 0.125 0.125 0.125 0.125 0.125 0.125 0.125 0.125 0.125 
0.25 0.25 0.25 0.25 0.25 0.25 0.25 0.25 0.25 0.25 0.25 0.25 0.25 0.25 0.25 0.25 0.25 0.25 0.25 0.25 0.25 0.25 0.25 0.25 
0.375 0.375 0.375 0.375 0.375 0.375 0.375 0.375 0.375 0.375 0.375 0.375 0.375 0.375 0.375 0.375 0.375 0.375 0.375 0.375 0.375 0.375 0.375 0.375 
0.5 0.5 0.5 0.5 0.5 0.5 0.5 0.5 0.5 0.5 0.5 0.5 0.5 0.5 0.5 0.5 0.5 0.5 0.5 0.5 0.5 0.5 0.5 0.5 
0.625 0.625 0.625 0.625 0.625 0.625 0.625 0.625 0.625 0.625 0.625 0.625 0.625 0.625 0.625 0.625 0.625 0.625 0.625 0.625 0.625 0.625 0.625 0.625 
0.75 0.75 0.75 0.75 0.75 0.75 0.75 0.75 0.75 0.75 0.75 0.75 0.75 0.75 0.75 0.75 0.75 0.75 0.75 0.75 0.75 0.75 0.75 0.75 
0.875 0.875 0.875 0.875 0.875 0.875 0.875 0.875 0.875 0.875 0.875 0.875 0.875 0.875 0.875 0.875 0.875 0.875 0.875 0.875 0.875 0.875 0.875 0.875 
1 1 1 1 1 1 1 1 1 1 1 1 1 1 1 1 1 1 1 1 1 1 1 1 
