6 16 2 10
18 15 1 1 6 10 2 17 11 4 13 16 2 14 2 3 
2.27 3.48 4.84 1.83 3.16 6.37 1.92 1.25 0.47 2.23 6.31 8 7.45 3.51 2.54 1.67 
7.57 6.53 1.44 4.96 3.82 4.47 4.38 5.59 7.84 1.61 2.09 4.16 6.86 1.66 2.02 7.89 
4 4 4 4 4 4 4 4 4 4 4 4 4 4 4 4 
1.73 3.12 0.57 6.52 1.91 7.8 0.47 1.21 7.13 3.74 0 4.87 6.82 3.21 4.65 3.29 
0.99 3.69 3 4.32 4.26 3.43 5.28 6.04 3.23 3.54 1.43 2.84 1.75 3.71 3.88 1.24 
4.58 7.67 7.41 1.17 1.03 4.83 2.29 2.55 3.86 6.35 6.07 4.41 2.93 1.76 3.58 1.84 
1 1 1 1 1 1 1 1 1 1 1 1 1 1 1 1 
1 1 1 1 1 1 1 1 1 1 1 1 1 1 1 1 
1 1 1 1 1 1 1 1 1 1 1 1 1 1 1 1 
1 1 1 1 1 1 1 1 1 1 1 1 1 1 1 1 
1 1 1 1 1 1 1 1 1 1 1 1 1 1 1 1 
1 1 1 1 1 1 1 1 1 1 1 1 1 1 1 1 
0.01 0.01 0.01 0.01 0.01 0.01 0.01 0.01 0.01 0.01 0.01 0.01 0.01 0.01 0.01 0.01 
0.02 0.02 0.02 0.02 0.02 0.02 0.02 0.02 0.02 0.02 0.02 0.02 0.02 0.02 0.02 0.02 
0.03 0.03 0.03 0.03 0.03 0.03 0.03 0.03 0.03 0.03 0.03 0.03 0.03 0.03 0.03 0.03 
0.333333 0.333333 0.333333 0.333333 0.333333 0.333333 0.333333 0.333333 0.333333 0.333333 0.333333 0.333333 0.333333 0.333333 0.333333 0.333333 
0.666667 0.666667 0.666667 0.666667 0.666667 0.666667 0.666667 0.666667 0.666667 0.666667 0.666667 0.666667 0.666667 0.666667 0.666667 0.666667 
1 1 1 1 1 1 1 1 1 1 1 1 1 1 1 1 
