6 48 4 10
16 17 17 18 13 6 14 15 12 17 16 17 19 16 12 1 3 9 18 17 14 4 9 7 2 11 16 13 3 1 15 19 3 20 13 20 4 13 19 6 3 11 11 14 11 20 10 1 
4.22 6.89 3.89 1.62 3.28 0.71 1.65 2.67 7.27 7.56 2.37 0.5 6.52 5.86 4.03 6.31 6.39 7.18 0.06 7.07 1.74 1.14 6.23 5.96 0.53 4.01 0.27 5.09 2.68 4.43 7.1 0.05 6.29 2.46 0.02 7.15 5.97 4.92 5.39 1.87 0.48 5.25 2.36 2.69 2.94 3.93 2.91 7.72 
7.94 2.74 6.47 2.13 1.86 3.02 4.21 3.88 3.53 2.85 7.39 7.89 7.47 3.63 0.44 0.26 4.11 3.78 7.02 7.58 7.6 0.63 3.71 3.67 5.95 3.05 5.41 7.03 4.06 1.26 6.24 5.1 1.84 6.84 7.08 2.82 4.76 5.7 2.39 0.74 4.85 1.58 2.29 2.29 3.17 1.1 2.03 6.71 
1.03 6.26 5.46 5.71 7.55 7.05 6.76 7.8 5.12 4.58 3.34 3.11 2.45 7.16 1.41 3.79 7.06 6.07 1 1.58 3.24 2.18 2.01 2.33 1.84 5.35 7.29 3.96 2.53 6 2.2 2.92 0.71 2.12 1.57 2.68 1.19 0.88 3.99 4.62 2.57 3.75 5.5 2.08 4.79 0.48 0.03 6.67 
1.88 7.43 0.85 5.57 0.38 4.91 5.24 2.89 5.17 4.09 0.84 7.74 0.46 5.71 3.53 7.56 5.92 5.87 6.29 7.22 3.56 5.97 0.15 5.87 2.04 5.87 7.76 1.15 0.65 2.95 2.07 7.6 5.72 6.69 0.02 3.26 6.05 6.84 3.38 0.41 1.1 4.26 0.47 7.51 6.33 1.97 6.17 0.58 
4 4 4 4 4 4 4 4 4 4 4 4 4 4 4 4 4 4 4 4 4 4 4 4 4 4 4 4 4 4 4 4 4 4 4 4 4 4 4 4 4 4 4 4 4 4 4 4 
4.54 6.96 1.52 3.74 0.63 1.58 2.97 2.9 2.83 6.74 5.75 7.3 2.92 1.05 1.76 0.73 1.89 3.01 0.84 0.88 6.86 1.1 6.71 1.09 3.13 1.84 7.46 4.98 0.66 2.53 1.99 6.47 7.57 4.25 6.31 2.1 0.97 2.37 1.06 0.38 5.46 4.1 7.98 2.24 2.77 2.7 2.13 4.65 
1 1 1 1 1 1 1 1 1 1 1 1 1 1 1 1 1 1 1 1 1 1 1 1 1 1 1 1 1 1 1 1 1 1 1 1 1 1 1 1 1 1 1 1 1 1 1 1 
1 1 1 1 1 1 1 1 1 1 1 1 1 1 1 1 1 1 1 1 1 1 1 1 1 1 1 1 1 1 1 1 1 1 1 1 1 1 1 1 1 1 1 1 1 1 1 1 
1 1 1 1 1 1 1 1 1 1 1 1 1 1 1 1 1 1 1 1 1 1 1 1 1 1 1 1 1 1 1 1 1 1 1 1 1 1 1 1 1 1 1 1 1 1 1 1 
1 1 1 1 1 1 1 1 1 1 1 1 1 1 1 1 1 1 1 1 1 1 1 1 1 1 1 1 1 1 1 1 1 1 1 1 1 1 1 1 1 1 1 1 1 1 1 1 
1 1 1 1 1 1 1 1 1 1 1 1 1 1 1 1 1 1 1 1 1 1 1 1 1 1 1 1 1 1 1 1 1 1 1 1 1 1 1 1 1 1 1 1 1 1 1 1 
1 1 1 1 1 1 1 1 1 1 1 1 1 1 1 1 1 1 1 1 1 1 1 1 1 1 1 1 1 1 1 1 1 1 1 1 1 1 1 1 1 1 1 1 1 1 1 1 
0.01 0.01 0.01 0.01 0.01 0.01 0.01 0.01 0.01 0.01 0.01 0.01 0.01 0.01 0.01 0.01 0.01 0.01 0.01 0.01 0.01 0.01 0.01 0.01 0.01 0.01 0.01 0.01 0.01 0.01 0.01 0.01 0.01 0.01 0.01 0.01 0.01 0.01 0.01 0.01 0.01 0.01 0.01 0.01 0.01 0.01 0.01 0.01 
0.02 0.02 0.02 0.02 0.02 0.02 0.02 0.02 0.02 0.02 0.02 0.02 0.02 0.02 0.02 0.02 0.02 0.02 0.02 0.02 0.02 0.02 0.02 0.02 0.02 0.02 0.02 0.02 0.02 0.02 0.02 0.02 0.02 0.02 0.02 0.02 0.02 0.02 0.02 0.02 0.02 0.02 0.02 0.02 0.02 0.02 0.02 0.02 
0.03 0.03 0.03 0.03 0.03 0.03 0.03 0.03 0.03 0.03 0.03 0.03 0.03 0.03 0.03 0.03 0.03 0.03 0.03 0.03 0.03 0.03 0.03 0.03 0.03 0.03 0.03 0.03 0.03 0.03 0.03 0.03 0.03 0.03 0.03 0.03 0.03 0.03 0.03 0.03 0.03 0.03 0.03 0.03 0.03 0.03 0.03 0.03 
0.04 0.04 0.04 0.04 0.04 0.04 0.04 0.04 0.04 0.04 0.04 0.04 0.04 0.04 0.04 0.04 0.04 0.04 0.04 0.04 0.04 0.04 0.04 0.04 0.04 0.04 0.04 0.04 0.04 0.04 0.04 0.04 0.04 0.04 0.04 0.04 0.04 0.04 0.04 0.04 0.04 0.04 0.04 0.04 0.04 0.04 0.04 0.04 
0.05 0.05 0.05 0.05 0.05 0.05 0.05 0.05 0.05 0.05 0.05 0.05 0.05 0.05 0.05 0.05 0.05 0.05 0.05 0.05 0.05 0.05 0.05 0.05 0.05 0.05 0.05 0.05 0.05 0.05 0.05 0.05 0.05 0.05 0.05 0.05 0.05 0.05 0.05 0.05 0.05 0.05 0.05 0.05 0.05 0.05 0.05 0.05 
1 1 1 1 1 1 1 1 1 1 1 1 1 1 1 1 1 1 1 1 1 1 1 1 1 1 1 1 1 1 1 1 1 1 1 1 1 1 1 1 1 1 1 1 1 1 1 1 
